0 0.3731292517006803 0.46614950634696756 0.026530612244897958 0.031029619181946404
1 0.012244897959183673 0.019746121297602257 0.013605442176870748 0.028208744710860368
1 0.012244897959183673 0.019746121297602257 0.00816326530612245 0.01692524682651622
1 0.012244897959183673 0.019746121297602257 0.013605442176870748 0.028208744710860368
0 0.039965986394557826 0.019746121297602257 0.04183673469387755 0.039492242595204514
2 0.23520408163265305 0.019746121297602257 0.17517006802721088 0.018335684062059238
1 0.33503401360544216 0.019746121297602257 0.021768707482993196 0.028208744710860368
1 0.35816326530612247 0.019746121297602257 0.013605442176870748 0.028208744710860368
1 0.35816326530612247 0.019746121297602257 0.00816326530612245 0.01692524682651622
1 0.45149606717687074 0.019746121297602257 0.013605442176870748 0.028208744710860368
1 0.45149606717687074 0.019746121297602257 0.013605442176870748 0.028208744710860368
1 0.45149606717687074 0.019746121297602257 0.013605442176870748 0.028208744710860368
1 0.45149606717687074 0.019746121297602257 0.00816326530612245 0.01692524682651622
1 0.45149606717687074 0.019746121297602257 0.00816326530612245 0.01692524682651622
1 0.45149606717687074 0.019746121297602257 0.013605442176870748 0.028208744710860368
1 0.477788849914966 0.019746121297602257 0.03353794642857143 0.02538787023977433
1 0.4685028698979592 0.019746121297602257 0.00816326530612245 0.01692524682651622
1 0.4818704825680272 0.019746121297602257 0.014490327380952382 0.02538787023977433
0 0.03877551020408163 0.06205923836389281 0.06938775510204082 0.028208744710860368
0 0.03877551020408163 0.06205923836389281 0.06938775510204082 0.028208744710860368
0 0.03877551020408163 0.09026798307475317 0.06938775510204082 0.028208744710860368
0 0.03877551020408163 0.09026798307475317 0.06938775510204082 0.028208744710860368
0 0.03877551020408163 0.11847672778561354 0.06938775510204082 0.028208744710860368
0 0.03877551020408163 0.11847672778561354 0.06938775510204082 0.028208744710860368
0 0.03877551020408163 0.16431593794076163 0.06938775510204082 0.028208744710860368
0 0.03877551020408163 0.16431593794076163 0.06938775510204082 0.028208744710860368
0 0.03877551020408163 0.192524682651622 0.06938775510204082 0.028208744710860368
0 0.03877551020408163 0.192524682651622 0.06938775510204082 0.028208744710860368
1 0.027653326955782313 0.2764456981664316 0.03353794642857143 0.02538787023977433
1 0.018367346938775512 0.2764456981664316 0.00816326530612245 0.01692524682651622
1 0.03173495960884354 0.2764456981664316 0.014490327380952382 0.02538787023977433
0 0.03877551020408163 0.346262341325811 0.06938775510204082 0.028208744710860368
0 0.03877551020408163 0.346262341325811 0.06938775510204082 0.028208744710860368
0 0.03877551020408163 0.37447108603667134 0.06938775510204082 0.028208744710860368
0 0.03877551020408163 0.37447108603667134 0.06938775510204082 0.028208744710860368
0 0.03877551020408163 0.4026798307475317 0.06938775510204082 0.028208744710860368
0 0.03877551020408163 0.4026798307475317 0.06938775510204082 0.028208744710860368
0 0.03877551020408163 0.4308885754583921 0.06938775510204082 0.028208744710860368
0 0.03877551020408163 0.4308885754583921 0.06938775510204082 0.028208744710860368
0 0.03877551020408163 0.4590973201692525 0.06938775510204082 0.028208744710860368
0 0.03877551020408163 0.4590973201692525 0.06938775510204082 0.028208744710860368
0 0.03877551020408163 0.48660084626234135 0.06938775510204082 0.02679830747531735
0 0.03877551020408163 0.48660084626234135 0.06938775510204082 0.02679830747531735
1 0.1360544217687075 0.1227080394922426 0.05442176870748299 0.11283497884344147
12 0.2707482993197279 0.12129760225669958 0.20408163265306123 0.011283497884344146
1 0.2356000212585034 0.1325811001410437 0.015029761904761905 0.011283497884344146
1 0.36527423469387754 0.12129760225669958 0.015029761904761905 0.011283497884344146
0 0.18506988732993196 0.14227785613540198 0.032724808673469385 0.0116361071932299
1 0.22041347789115645 0.14227785613540198 0.03524128401360544 0.0116361071932299
1 0.18478954081632654 0.17066290550070523 0.032164115646258505 0.02538787023977433
1 0.18478954081632654 0.17066290550070523 0.032164115646258505 0.02538787023977433
1 0.18478954081632654 0.17066290550070523 0.021279761904761905 0.02538787023977433
12 0.11700680272108843 0.20874471086036672 0.0163265306122449 0.03385049365303244
12 0.14173841411564625 0.20874471086036672 0.01681016156462585 0.03385049365303244
12 0.1664700255102041 0.20874471086036672 0.0163265306122449 0.03385049365303244
12 0.19421370110544217 0.20874471086036672 0.022834289965986396 0.03385049365303244
12 0.22410847151360544 0.20874471086036672 0.020628720238095238 0.03385049365303244
1 0.24938881802721088 0.20874471086036672 0.013605442176870748 0.028208744710860368
1 0.24938881802721088 0.20874471086036672 0.013605442176870748 0.028208744710860368
1 0.24938881802721088 0.20874471086036672 0.013605442176870748 0.028208744710860368
5 0.2810214710884354 0.20874471086036672 0.04965986394557823 0.019746121297602257
2 0.2810214710884354 0.20874471086036672 0.04965986394557823 0.014104372355430184
0 0.17346938775510204 0.2593083348025388 0.11836734693877551 0.016501013751763046
1 0.24081632653061225 0.25740479548660083 0.0163265306122449 0.029619181946403384
1 0.24081632653061225 0.25740479548660083 0.0163265306122449 0.029619181946403384
1 0.18095238095238095 0.32651622002820874 0.02312925170068027 0.03385049365303244
1 0.18095238095238095 0.32651622002820874 0.02312925170068027 0.03385049365303244
9 0.18095238095238095 0.38328631875881525 0.1360544217687075 0.003526093088857546
1 0.11904761904761904 0.39774330042313116 0.012244897959183673 0.02538787023977433
1 0.13129251700680272 0.39774330042313116 0.012244897959183673 0.02538787023977433
1 0.21836734693877552 0.39774330042313116 0.012244897959183673 0.02538787023977433
1 0.21836734693877552 0.39774330042313116 0.010884353741496598 0.02538787023977433
1 0.23061224489795917 0.39774330042313116 0.012244897959183673 0.02538787023977433
1 0.24285714285714285 0.39774330042313116 0.012244897959183673 0.02538787023977433
1 0.2413454328264509 0.39460900741168237 0.0018140520368303571 0.0037611516137385404
1 0.24436885288783483 0.39460900741168237 0.0018140520368303571 0.0037611516137385404
1 0.24436885288783483 0.40087759343457996 0.0018140520368303571 0.0037611516137385404
1 0.2413454328264509 0.40087759343457996 0.0018140520368303571 0.0037611516137385404
0 0.32948953018707483 0.24964739069111425 0.13653008078231293 0.014104372355430184
0 0.33076504039115645 0.39774330042313116 0.09146205357142857 0.014104372355430184
0 0.32529097576530613 0.4118476727785614 0.08777901785714286 0.014104372355430184
1 0.27346141581632655 0.39774330042313116 0.024473852040816327 0.014104372355430184
1 0.27346141581632655 0.3980959097320169 0.022502125850340136 0.009873060648801129
0 0.27346141581632655 0.3980959097320169 0.022502125850340136 0.012693935119887164
0 0.11939705569727892 0.4520451339915374 0.02110703656462585 0.019746121297602257
0 0.1445578231292517 0.48801128349788436 0.07142857142857142 0.023977433004231313
0 0.2173469387755102 0.48801128349788436 0.07142857142857142 0.023977433004231313
0 0.2901360544217687 0.48801128349788436 0.07142857142857142 0.023977433004231313
0 0.3629251700680272 0.48801128349788436 0.07142857142857142 0.023977433004231313
0 0.4357142857142857 0.48801128349788436 0.07142857142857142 0.023977433004231313
0 0.48639455782312924 0.48801128349788436 0.027210884353741496 0.023977433004231313
