0 0.018229166666666668 0.0589798087141339 0.020833333333333332 0.015940488841657812
2 0.09392903645833334 0.021785334750265676 0.11702473958333333 0.026567481402763018
1 0.04269612630208333 0.05100956429330499 0.0187255859375 0.02763018065887354
1 0.04269612630208333 0.05100956429330499 0.016642252604166668 0.023379383634431455
1 0.04269612630208333 0.05100956429330499 0.017683919270833334 0.023379383634431455
1 0.04269612630208333 0.05100956429330499 0.013517252604166667 0.01700318809776833
1 0.06187744140625 0.05100956429330499 0.019637044270833334 0.02763018065887354
1 0.06187744140625 0.05100956429330499 0.0175537109375 0.023379383634431455
1 0.06187744140625 0.05100956429330499 0.018595377604166668 0.023379383634431455
1 0.06187744140625 0.05100956429330499 0.0144287109375 0.01700318809776833
1 0.08321940104166667 0.05100956429330499 0.023046875 0.02763018065887354
1 0.08321940104166667 0.05100956429330499 0.020963541666666665 0.023379383634431455
1 0.08321940104166667 0.05100956429330499 0.022005208333333335 0.023379383634431455
1 0.08321940104166667 0.05100956429330499 0.017838541666666666 0.01700318809776833
1 0.10771891276041666 0.05100956429330499 0.0259521484375 0.02763018065887354
1 0.10771891276041666 0.05100956429330499 0.023868815104166666 0.023379383634431455
1 0.10771891276041666 0.05100956429330499 0.024910481770833333 0.023379383634431455
1 0.10771891276041666 0.05100956429330499 0.020743815104166667 0.01700318809776833
1 0.13781331380208334 0.05100956429330499 0.03423665364583333 0.02763018065887354
1 0.13781331380208334 0.05100956429330499 0.0321533203125 0.023379383634431455
1 0.13781331380208334 0.05100956429330499 0.03319498697916667 0.023379383634431455
1 0.13781331380208334 0.05100956429330499 0.0290283203125 0.01700318809776833
1 0.16750081380208334 0.05100956429330499 0.025138346354166667 0.02763018065887354
1 0.16750081380208334 0.05100956429330499 0.023055013020833334 0.023379383634431455
1 0.16750081380208334 0.05100956429330499 0.0240966796875 0.023379383634431455
1 0.16750081380208334 0.05100956429330499 0.019930013020833335 0.01700318809776833
1 0.19117838541666668 0.05100956429330499 0.022216796875 0.02763018065887354
1 0.19117838541666668 0.05100956429330499 0.020133463541666667 0.023379383634431455
1 0.19117838541666668 0.05100956429330499 0.021175130208333334 0.023379383634431455
1 0.19117838541666668 0.05100956429330499 0.017008463541666668 0.01700318809776833
0 0.9625 0.03400637619553666 0.05 0.03825717321997875
1 0.010416666666666666 0.09564293304994687 0.020833333333333332 0.04675876726886291
1 0.010416666666666666 0.14240170031880978 0.020833333333333332 0.04675876726886291
1 0.010416666666666666 0.1891604675876727 0.020833333333333332 0.04675876726886291
1 0.010416666666666666 0.2359192348565356 0.020833333333333332 0.04675876726886291
1 0.010416666666666666 0.2826780021253985 0.020833333333333332 0.04675876726886291
1 0.010416666666666666 0.8490967056323061 0.020833333333333332 0.04675876726886291
1 0.010416666666666666 0.895855472901169 0.020833333333333332 0.04675876726886291
1 0.010416666666666666 0.9426142401700319 0.020833333333333332 0.04675876726886291
0 0.09609375 0.148254848565356 0.1421875 0.03120018597236982
0 0.09609375 0.18795662858661 0.1421875 0.03120018597236982
0 0.09609375 0.227658408607864 0.1421875 0.03120018597236982
0 0.09609375 0.267360188629118 0.1421875 0.03120018597236982
0 0.10260416666666666 0.30706196865037194 0.12916666666666668 0.03120018597236982
0 0.26387125651041665 0.28096772051009566 0.09961751302083334 0.021253985122210415
0 0.29394124348958334 0.30816617959617426 0.15975748697916667 0.021253985122210415
0 0.2795003255208333 0.3353646386822529 0.13087565104166668 0.021253985122210415
0 0.2596232096354167 0.36256309776833157 0.09112141927083334 0.021253985122210415
0 0.27291666666666664 0.3897615568544102 0.11770833333333333 0.021253985122210415
0 0.24484456380208333 0.4169600159404888 0.061564127604166664 0.021253985122210415
0 0.4578125 0.7185341392136025 0.175 0.01700318809776833
13 0.5903645833333333 0.7747409670563231 0.8026041666666667 0.05419766206163656
4 0.6065104166666667 0.76836477151966 0.7869791666666667 0.020191285866099893
