0 0.1451904296875 0.03400637619553666 0.07371419270833333 0.02975557917109458
2 0.2945475260416667 0.03400637619553666 0.2 0.03825717321997875
0 0.4835693359375 0.03400637619553666 0.04474283854166667 0.02975557917109458
0 0.534912109375 0.03400637619553666 0.049609375 0.02975557917109458
0 0.585986328125 0.03400637619553666 0.044205729166666666 0.02975557917109458
0 0.6314453125 0.03400637619553666 0.03837890625 0.02975557917109458
0 0.6731648763020833 0.03400637619553666 0.036726888020833334 0.02975557917109458
1 0.7221232096354167 0.03400637619553666 0.0528564453125 0.02975557917109458
0 0.7690185546875 0.03400637619553666 0.03260091145833333 0.02975557917109458
1 0.7988606770833333 0.03400637619553666 0.01875 0.021253985122210415
0 0.8323201497395833 0.03400637619553666 0.0294189453125 0.02975557917109458
0 0.8714314778645833 0.03400637619553666 0.04047037760416667 0.031880977683315624
0 0.2123779296875 0.1944739638682253 0.18308919270833332 0.02975557917109458
