0 0.20130208333333333 0.04993856269925611 0.12760416666666666 0.03332558448459086
11 0.30424397786458335 0.04994686503719448 0.04077962239583333 0.04675876726886291
11 0.36512451171875 0.04994686503719448 0.0434814453125 0.04675876726886291
11 0.428759765625 0.04994686503719448 0.0462890625 0.04675876726886291
11 0.49355875651041664 0.04994686503719448 0.04580891927083333 0.04675876726886291
11 0.5570963541666667 0.04994686503719448 0.04376627604166667 0.04675876726886291
11 0.606201171875 0.04994686503719448 0.016943359375 0.04675876726886291
0 0.606201171875 0.04994686503719448 0.016943359375 0.021253985122210415
11 0.6455607096354167 0.04994686503719448 0.024275716145833334 0.04675876726886291
0 0.6455607096354167 0.04994686503719448 0.024275716145833334 0.021253985122210415
1 0.8 0.04994686503719448 0.125 0.048884165781083955
1 0.7837565104166667 0.04994686503719448 0.0330078125 0.031880977683315624
1 0.7806315104166667 0.04994686503719448 0.0267578125 0.031880977683315624
1 0.7806315104166667 0.05100956429330499 0.0267578125 0.019128586609989374
1 0.7806315104166667 0.05100956429330499 0.0267578125 0.019128586609989374
1 0.7806315104166667 0.05100956429330499 0.0267578125 0.019128586609989374
1 0.8313802083333334 0.04994686503719448 0.062239583333333334 0.048884165781083955
1 0.8345052083333333 0.04994686503719448 0.055989583333333336 0.048884165781083955
1 0.8345052083333333 0.04994686503719448 0.055989583333333336 0.048884165781083955
1 0.8345052083333333 0.04994686503719448 0.03307291666666667 0.019128586609989374
1 0.8345052083333333 0.04994686503719448 0.03307291666666667 0.019128586609989374
0 0.20130208333333333 0.04993856269925611 0.12760416666666666 0.03332558448459086
11 0.30424397786458335 0.04994686503719448 0.04077962239583333 0.04675876726886291
11 0.36512451171875 0.04994686503719448 0.0434814453125 0.04675876726886291
11 0.428759765625 0.04994686503719448 0.0462890625 0.04675876726886291
11 0.49355875651041664 0.04994686503719448 0.04580891927083333 0.04675876726886291
11 0.5570963541666667 0.04994686503719448 0.04376627604166667 0.04675876726886291
11 0.606201171875 0.04994686503719448 0.016943359375 0.04675876726886291
0 0.606201171875 0.04994686503719448 0.016943359375 0.021253985122210415
11 0.6455607096354167 0.04994686503719448 0.024275716145833334 0.04675876726886291
0 0.6455607096354167 0.04994686503719448 0.024275716145833334 0.021253985122210415
1 0.8 0.04994686503719448 0.125 0.048884165781083955
1 0.7837565104166667 0.04994686503719448 0.0330078125 0.031880977683315624
1 0.7806315104166667 0.04994686503719448 0.0267578125 0.031880977683315624
1 0.7806315104166667 0.05100956429330499 0.0267578125 0.019128586609989374
1 0.7806315104166667 0.05100956429330499 0.0267578125 0.019128586609989374
1 0.7806315104166667 0.05100956429330499 0.0267578125 0.019128586609989374
1 0.8313802083333334 0.04994686503719448 0.062239583333333334 0.048884165781083955
1 0.8345052083333333 0.04994686503719448 0.055989583333333336 0.048884165781083955
1 0.8345052083333333 0.04994686503719448 0.055989583333333336 0.048884165781083955
1 0.8345052083333333 0.04994686503719448 0.03307291666666667 0.019128586609989374
1 0.8345052083333333 0.04994686503719448 0.03307291666666667 0.019128586609989374
1 0.3796875 0.6695005313496281 0.028987630208333334 0.023379383634431455
1 0.31979166666666664 0.8119022316684378 0.33958333333333335 0.08926673751328375
1 0.31979166666666664 0.824654622741764 0.33958333333333335 0.06376195536663125
1 0.31978759765625 0.824654622741764 0.1427001953125 0.06376195536663125
1 0.31978759765625 0.824654622741764 0.10624186197916667 0.019128586609989374
1 0.31978759765625 0.824654622741764 0.10624186197916667 0.019128586609989374
1 0.8209228515625 0.6695005313496281 0.028987630208333334 0.023379383634431455
1 0.6802083333333333 0.8119022316684378 0.33958333333333335 0.08926673751328375
1 0.6802083333333333 0.824654622741764 0.33958333333333335 0.06376195536663125
1 0.6802083333333333 0.824654622741764 0.14861653645833334 0.06376195536663125
1 0.6802083333333333 0.824654622741764 0.112158203125 0.019128586609989374
1 0.6802083333333333 0.824654622741764 0.112158203125 0.019128586609989374
1 0.49999593098958334 0.9553666312433581 0.0995361328125 0.053134962805526036
1 0.50416259765625 0.9553666312433581 0.09120279947916667 0.053134962805526036
1 0.50416259765625 0.9553666312433581 0.09120279947916667 0.053134962805526036
1 0.50416259765625 0.9553666312433581 0.06307779947916667 0.019128586609989374
1 0.50416259765625 0.9553666312433581 0.06307779947916667 0.019128586609989374
1 0.7699991861979166 0.9624817348565357 0.43999837239583334 0.0750365302869288
1 0.69306640625 0.9608876859723698 0.06510416666666667 0.04209285334750266
1 0.7666097005208333 0.9608876859723698 0.06510416666666667 0.044218251859723695
1 0.8401529947916667 0.9608876859723698 0.06510416666666667 0.044218251859723695
1 0.9833333333333333 0.9592853347502657 0.022916666666666665 0.04675876726886291
