0 0.07135416666666666 0.03825717321997875 0.109375 0.0765143464399575
1 0.1946044921875 0.03825717321997875 0.10379231770833333 0.04250797024442083
1 0.28492431640625 0.03825717321997875 0.0726806640625 0.04250797024442083
1 0.28492431640625 0.03825717321997875 0.0726806640625 0.04250797024442083
1 0.36761474609375 0.03825717321997875 0.08853352864583333 0.04250797024442083
1 0.36761474609375 0.03825717321997875 0.08853352864583333 0.04250797024442083
1 0.4383015950520833 0.03825717321997875 0.04867350260416667 0.04250797024442083
1 0.9062906901041666 0.03825717321997875 0.04474283854166667 0.04250797024442083
1 0.9580810546875 0.03825717321997875 0.05050455729166667 0.04250797024442083
1 0.6375 0.528692879914984 0.11266276041666666 0.05951115834218916
1 0.6595906575520833 0.6365568544102019 0.0122314453125 0.018065887353878853
1 0.6208333333333333 0.781615302869288 0.03333333333333333 0.06801275239107332
1 0.6583333333333333 0.781615302869288 0.03333333333333333 0.06801275239107332
1 0.6958333333333333 0.781615302869288 0.03333333333333333 0.06801275239107332
1 0.7333333333333333 0.781615302869288 0.03333333333333333 0.06801275239107332
0 0.6637247721354167 0.8411264612114772 0.04151204427083333 0.01487778958554729
0 0.6669718424479166 0.8581296493092455 0.0346435546875 0.01487778958554729
0 0.8819010416666667 0.8650371944739639 0.05310872395833333 0.023379383634431455
1 0.8416666666666667 0.9261424017003188 0.26666666666666666 0.04569606801275239
1 0.9520426432291667 0.9261424017003188 0.045914713541666666 0.04569606801275239
