0 0.22265625 0.0281615302869288 0.0703125 0.021253985122210415
1 0.29554850260416665 0.023379383634431455 0.0412109375 0.025504782146652496
1 0.35824381510416664 0.023379383634431455 0.055126953125 0.025504782146652496
1 0.42143147786458335 0.023379383634431455 0.042195638020833336 0.025504782146652496
1 0.47198486328125 0.023379383634431455 0.0298583984375 0.025504782146652496
1 0.5153889973958333 0.023379383634431455 0.027897135416666666 0.025504782146652496
1 0.56544189453125 0.023379383634431455 0.04315592447916667 0.025504782146652496
1 0.6119791666666666 0.023379383634431455 0.015625 0.02975557917109458
1 0.6309895833333333 0.023379383634431455 0.0140625 0.02975557917109458
1 0.6494791666666667 0.023379383634431455 0.014583333333333334 0.02975557917109458
1 0.684375 0.023379383634431455 0.046875 0.02975557917109458
1 0.7364583333333333 0.023379383634431455 0.046875 0.02975557917109458
1 0.7885416666666667 0.023379383634431455 0.046875 0.02975557917109458
8 0.31927083333333334 0.39243070580120676 0.6385416666666667 0.6929119568195404
0 0.05295003255208333 0.1534031777782217 0.0892333984375 0.09495019862046278
0 0.05295003255208333 0.22833684907076082 0.0892333984375 0.05491714396461544
0 0.05295003255208333 0.3032705244171759 0.0892333984375 0.09495020672821466
0 0.05295003255208333 0.3982207311453905 0.0892333984375 0.09495020672821466
0 0.05295003255208333 0.4931709378736052 0.0892333984375 0.09495020672821466
0 0.15937093098958333 0.1408286951046821 0.0892333984375 0.06980123327338353
0 0.15937093098958333 0.2232044069977293 0.0892333984375 0.09495019051271088
0 0.15937093098958333 0.30814634803504415 0.0892333984375 0.07493369156191884
0 0.15937093098958333 0.38308002338145924 0.0892333984375 0.07493365913091127
0 0.15937093098958333 0.4554474655297307 0.0892333984375 0.06980122516563164
1 0.15937093098958333 0.5154970596751295 0.0892333984375 0.050297963125166045
0 0.26579182942708335 0.15160682426882346 0.0892333984375 0.09135749160166629
0 0.26579182942708335 0.2429643199243657 0.0892333984375 0.09135749970941817
0 0.26579182942708335 0.3343218034182801 0.0892333984375 0.0913574672784106
1 0.26579182942708335 0.46032328914759896 0.0892333984375 0.16064550418022716
0 0.3722127278645833 0.1534031777782217 0.0892333984375 0.09495019862046278
0 0.3722127278645833 0.23834510665390873 0.0892333984375 0.07493365913091127
1 0.3722127278645833 0.40822898872853847 0.0892333984375 0.26483410501834814
0 0.47863362630208334 0.1534031777782217 0.0892333984375 0.09495019862046278
0 0.47863362630208334 0.23834510665390873 0.0892333984375 0.07493365913091127
1 0.47863362630208334 0.40822898872853847 0.0892333984375 0.26483410501834814
0 0.58531494140625 0.1433949120873219 0.08975423177083333 0.07493366723866315
0 0.58531494140625 0.2083203176889612 0.08975423177083333 0.05491714396461544
0 0.58531494140625 0.26323746976132856 0.08975423177083333 0.054917160180119225
1 0.58531494140625 0.41567104554455037 0.08975423177083333 0.2499499913863244
8 0.31927083333333334 0.6520842046464034 0.6385416666666667 0.17360493480589134
1 0.5681925455729167 0.6474649913759465 0.1073486328125 0.041059536584252126
8 0.3125 0.2669264198489701 0.625 0.4419033849150671
0 0.07786458333333333 0.11808555108454478 0.1390625 0.09495019862046278
0 0.07786458333333333 0.19301922237708388 0.1390625 0.05491714396461544
0 0.07786458333333333 0.26795289772349895 0.1390625 0.09495020672821466
0 0.07786458333333333 0.3629031044517136 0.1390625 0.09495020672821466
1 0.07786458333333333 0.43681028976197195 0.1390625 0.05286416389230207
0 0.23411458333333332 0.11808555108454478 0.1390625 0.09495019862046278
0 0.23411458333333332 0.1919927323409272 0.1390625 0.05286416389230207
0 0.23411458333333332 0.25589166006803765 0.1390625 0.07493369156191884
0 0.23411458333333332 0.3308253354144527 0.1390625 0.07493365913091127
0 0.23411458333333332 0.4157672683440157 0.1390625 0.09495020672821466
0 0.39036458333333335 0.11808555108454478 0.1390625 0.09495019862046278
0 0.39036458333333335 0.19301922237708388 0.1390625 0.05491714396461544
0 0.39036458333333335 0.24793636634169933 0.1390625 0.05491714396461544
0 0.39036458333333335 0.30285351030631474 0.1390625 0.05491714396461544
0 0.39036458333333335 0.33133857232477915 0.1390625 0.0020529800723133635
0 0.32135416666666666 0.3333915523970925 0.0010416666666666667 0.0020529800723133635
0 0.32667236328125 0.34237331994408376 0.0095947265625 0.02001651516629583
1 0.39036458333333335 0.41397091483461745 0.1390625 0.09854291374701116
0 0.546875 0.13749260654104883 0.13958333333333334 0.056970115929176904
0 0.546875 0.1985686866687284 0.13958333333333334 0.0569701240369288
8 0.31927083333333334 0.2822756265605801 0.6385416666666667 0.4726017983382871
0 0.10616048177083333 0.19163988297854676 0.195654296875 0.07493365913091127
0 0.10616048177083333 0.2665735583249618 0.195654296875 0.07493369156191884
0 0.10616048177083333 0.34150723367137686 0.195654296875 0.07493365913091127
0 0.10616048177083333 0.43645742418408773 0.195654296875 0.11496672189451049
0 0.2700887044270833 0.19574584312317347 0.0978271484375 0.08314557942016472
0 0.36791585286458334 0.18496770585128022 0.0978271484375 0.06158930487637819
0 0.2700887044270833 0.2229477804348142 0.0978271484375 0.06158932109188198
0 0.36791585286458334 0.2229477804348142 0.0978271484375 0.06158932109188198
0 0.2700887044270833 0.26092786312610006 0.0978271484375 0.06158932109188198
0 0.36791585286458334 0.26092786312610006 0.0978271484375 0.06158932109188198
0 0.2700887044270833 0.29890794581738594 0.0978271484375 0.06158932109188198
0 0.36791585286458334 0.29890794581738594 0.0978271484375 0.06158932109188198
0 0.2700887044270833 0.3368880204009199 0.0978271484375 0.06158933730738576
0 0.36791585286458334 0.3368880204009199 0.0978271484375 0.06158933730738576
0 0.48306070963541664 0.16495117852335656 0.09808756510416666 0.06158932919963387
0 0.5811482747395833 0.16495117852335656 0.09808756510416666 0.06158932919963387
0 0.48306070963541664 0.21370939443265974 0.09808756510416666 0.08314557942016472
0 0.5811482747395833 0.20293125716076646 0.09808756510416666 0.06158930487637819
0 0.48306070963541664 0.24091133174430043 0.09808756510416666 0.06158932109188198
0 0.5811482747395833 0.24091133174430043 0.09808756510416666 0.06158932109188198
0 0.48306070963541664 0.2788914225433382 0.09808756510416666 0.06158933730738576
0 0.5811482747395833 0.2788914225433382 0.09808756510416666 0.06158933730738576
0 0.48306070963541664 0.3276496262910136 0.09808756510416666 0.08314557942016472
0 0.5811482747395833 0.3168715052346241 0.09808756510416666 0.06158933730738576
0 0.42568766276041664 0.4764263384147101 0.15965983072916667 0.020529768292126063
8 0.31927083333333334 0.2732938590135888 0.6385416666666667 0.4546382632443046
0 0.06384684244791666 0.12620123235882913 0.11102701822916666 0.040546307781677574
0 0.062890625 0.17906540030500714 0.10911458333333333 0.04054629967392568
0 0.06104329427083333 0.2319295641973092 0.105419921875 0.04054629967392568
0 0.05582275390625 0.2847937280896113 0.09497884114583334 0.04054629967392568
0 0.03858235677083333 0.33765790008966523 0.060498046875 0.04054628345842189
0 0.06140543619791667 0.3905220639819673 0.10614420572916666 0.04054628345842189
0 0.055830891927083334 0.4433862278742694 0.0949951171875 0.04054628345842189
0 0.19604899088541666 0.12620123235882913 0.05616048177083333 0.040546307781677574
0 0.21667073567708334 0.17906540030500714 0.09740397135416666 0.04054629967392568
0 0.19648844401041668 0.2319295641973092 0.05703938802083333 0.04054629967392568
0 0.20162760416666667 0.2847937280896113 0.06731770833333334 0.04054629967392568
0 0.23919270833333334 0.34612643072633004 0.14244791666666667 0.057483344731751464
0 0.22982991536458333 0.4243961865286265 0.12372233072916666 0.07442040600508103
1 0.23919270833333334 0.47495076000120384 0.14244791666666667 0.0020529800723133635
0 0.3662516276041667 0.12620123235882913 0.077294921875 0.040546307781677574
0 0.3652547200520833 0.17906540030500714 0.07530110677083333 0.04054629967392568
0 0.35935872395833335 0.2319295641973092 0.06350911458333333 0.04054629967392568
0 0.36705322265625 0.2847937280896113 0.07889811197916667 0.04054629967392568
0 0.3681437174479167 0.33765790008966523 0.0810791015625 0.04054628345842189
1 0.398828125 0.42311308614505844 0.14244791666666667 0.10572832778460414
0 0.5587239583333333 0.15827900139609002 0.14296875 0.12317863407601205
0 0.5092692057291667 0.36768268905461277 0.04405924479166667 0.016423840578506908
8 0.3125 0.3269278863791325 0.625 0.5619063179753919
0 0.031075032552083333 0.1177326976682884 0.0454833984375 0.02360923840059611
0 0.04159749348958333 0.16187171246876245 0.0665283203125 0.02360923840059611
0 0.043839518229166666 0.2060107191614846 0.07101236979166667 0.02360923840059611
0 0.03917643229166667 0.2501497420697106 0.061686197916666664 0.02360923840059611
0 0.05037841796875 0.29428874065468086 0.08409016927083333 0.023609222185092323
0 0.0404296875 0.3384277635629068 0.06419270833333333 0.023609222185092323
0 0.041487630208333334 0.38256677025562896 0.06630859375 0.023609254616099893
0 0.03976643880208333 0.42670577694835116 0.0628662109375 0.023609222185092323
0 0.036356608072916664 0.4708447998565771 0.056046549479166666 0.023609222185092323
0 0.03819580078125 0.5149838065492993 0.05972493489583333 0.023609254616099893
0 0.04283447265625 0.5591228294575252 0.06900227864583333 0.023609254616099893
0 0.19842122395833334 0.1177326976682884 0.06767578125 0.02360923840059611
0 0.20370686848958333 0.16187171246876245 0.0782470703125 0.02360923840059611
0 0.20955810546875 0.2060107191614846 0.08994954427083333 0.02360923840059611
0 0.22755533854166668 0.2501497420697106 0.12594401041666667 0.02360923840059611
0 0.19969889322916667 0.29428874065468086 0.07023111979166667 0.023609222185092323
0 0.20219319661458332 0.3384277635629068 0.0752197265625 0.023609222185092323
0 0.19539794921875 0.38256677025562896 0.061629231770833334 0.023609254616099893
0 0.2018310546875 0.42670577694835116 0.07449544270833333 0.023609222185092323
0 0.21892496744791667 0.4708447998565771 0.10868326822916667 0.023609222185092323
0 0.21667887369791666 0.5149838065492993 0.10419108072916666 0.023609254616099893
1 0.23411458333333332 0.561175777098831 0.1390625 0.044138990477218386
0 0.36217041015625 0.1177326976682884 0.08267415364583333 0.02360923840059611
0 0.37154947916666664 0.16187171246876245 0.10143229166666666 0.02360923840059611
0 0.3760498046875 0.2060107191614846 0.11043294270833333 0.02360923840059611
0 0.3748087565104167 0.2501497420697106 0.10795084635416667 0.02360923840059611
0 0.35692952473958334 0.29428874065468086 0.0721923828125 0.023609222185092323
0 0.36294759114583336 0.3384277635629068 0.084228515625 0.023609222185092323
0 0.36009114583333335 0.38077041674623074 0.078515625 0.0200165475973034
1 0.39036458333333335 0.4931709054425976 0.1390625 0.18014873378968518
0 0.546875 0.10849430355838204 0.13958333333333334 0.02360923840059611
0 0.546875 0.14031545008660376 0.13958333333333334 0.023609246508348
0 0.546875 0.17213659661482547 0.13958333333333334 0.02360923840059611
0 0.5010457356770833 0.24748727796434977 0.0479248046875 0.019503294471473167
0 0.5081583658854166 0.2808481554929306 0.062150065104166666 0.01950327825596938
0 0.50867919921875 0.31420904923701515 0.06319173177083333 0.019503294471473167
0 0.5130086263020833 0.34756991865784403 0.0718505859375 0.019503294471473167
0 0.5200642903645833 0.38093080429417675 0.0859619140625 0.019503262040465597
0 0.5136678059895833 0.4142916899305094 0.0731689453125 0.019503294471473167
8 0.07890625 0.18198447881165525 0.1578125 0.27201950284043735
0 0.024784342447916666 0.08241507097461145 0.03290201822916667 0.02360923840059611
0 0.022367350260416665 0.11423622155670912 0.028068033854166667 0.02360923840059611
0 0.02044677734375 0.14605736808493083 0.024226888020833334 0.023609230292844216
0 0.03070068359375 0.17787852272090446 0.04473470052083333 0.02360923840059611
0 0.02740478515625 0.20969966519525024 0.03814290364583333 0.02360923840059611
0 0.027608235677083332 0.24152080766959602 0.0385498046875 0.02360923840059611
0 0.019706217447916667 0.2733419663594456 0.022745768229166668 0.02360923840059611
1 0.7895833333333333 0.06631077311370882 0.029166666666666667 0.03060241764080765
1 0.783740234375 0.06631077311370882 0.009147135416666667 0.022100823591923485
1 0.7979166666666667 0.06630247077577045 0.004166666666666667 0.005313496280552604
0 0.416552734375 0.35361317747077575 0.054427083333333334 0.021253985122210415
1 0.27810465494791664 0.41843783209351754 0.1291259765625 0.053134962805526036
0 0.3299072265625 0.34192348565356007 0.074951171875 0.021253985122210415
0 0.2926554361979167 0.36742826780021254 0.0756103515625 0.021253985122210415
0 0.327392578125 0.3801806588735388 0.2693684895833333 0.04675876726886291
0 0.3736328125 0.392933049946865 0.07643229166666667 0.021253985122210415
1 0.2580769856770833 0.4832624867162593 0.1307373046875 0.053134962805526036
1 0.25488688151041666 0.4065488841657811 0.12435709635416667 0.053134962805526036
0 0.32279052734375 0.3961211477151966 0.014933268229166666 0.021253985122210415
0 0.39766845703125 0.3961211477151966 0.09593912760416666 0.021253985122210415
0 0.24857584635416666 0.4216259298618491 0.070068359375 0.021253985122210415
0 0.4553019205729167 0.4216259298618491 0.017618815104166668 0.021253985122210415
1 0.27810465494791664 0.4864505844845909 0.1291259765625 0.053134962805526036
0 0.2508748372395833 0.34703772582359194 0.07466634114583333 0.021253985122210415
0 0.38289794921875 0.34703772582359194 0.0756103515625 0.021253985122210415
0 0.3425537109375 0.3597901168969182 0.25802408854166664 0.04675876726886291
0 0.35543619791666664 0.3725425079702444 0.07643229166666667 0.021253985122210415
1 0.2789103190104167 0.4373671625929862 0.1307373046875 0.053134962805526036
1 0.27572021484375 0.44905685441020193 0.12435709635416667 0.053134962805526036
1 0.4328125 0.5417109458023379 0.125 0.03400637619553666
1 0.40260416666666665 0.5417109458023379 0.058333333333333334 0.025504782146652496
1 0.40260009765625 0.5417109458023379 0.022550455729166665 0.022316684378320937
1 0.4630208333333333 0.5417109458023379 0.058333333333333334 0.025504782146652496
1 0.4630208333333333 0.5417109458023379 0.03603515625 0.022316684378320937
1 0.5192708333333333 0.5417109458023379 0.016666666666666666 0.03400637619553666
1 0.5703125 0.5417109458023379 0.06875 0.03400637619553666
1 0.6213541666666667 0.5417109458023379 0.016666666666666666 0.03400637619553666
1 0.70625 0.6865037194473964 0.126220703125 0.053134962805526036
0 0.21073404947916666 0.9104675876726886 0.046468098958333336 0.04782146652497343
0 0.2728271484375 0.9104675876726886 0.056884765625 0.04782146652497343
0 0.3401285807291667 0.9104675876726886 0.056884765625 0.04782146652497343
0 0.4022216796875 0.9104675876726886 0.046468098958333336 0.04782146652497343
0 0.4692626953125 0.9104675876726886 0.06678059895833334 0.04782146652497343
0 0.5425537109375 0.9104675876726886 0.05896809895833333 0.04782146652497343
0 0.6192301432291667 0.9104675876726886 0.07355143229166666 0.04782146652497343
0 0.6990315755208333 0.9104675876726886 0.06521809895833333 0.04782146652497343
0 0.7772705078125 0.9104675876726886 0.07042643229166666 0.04782146652497343
0 0.49999593098958334 0.9667906482465463 0.07264811197916667 0.021253985122210415
