1 0.9895833333333334 0.9234856535600425 0.0125 0.025504782146652496
0 0.6556722005208333 0.9596174282678002 0.05260416666666667 0.021253985122210415
0 0.44830729166666666 0.021245682784272052 0.03448893229166667 0.02548817747077577
0 0.1859375 0.0935009298618491 0.08854166666666667 0.03400637619553666
1 0.29217936197916666 0.0935009298618491 0.052099609375 0.10201912858660998
0 0.49166666666666664 0.21889944208289056 0.5875 0.07863974495217853
0 0.27005208333333336 0.3570503453772582 0.1265625 0.02763018065887354
0 0.27005208333333336 0.39318212008501596 0.1265625 0.02763018065887354
0 0.27005208333333336 0.42931389479277365 0.1265625 0.02763018065887354
0 0.27005208333333336 0.46544566950053134 0.1265625 0.02763018065887354
0 0.27005208333333336 0.5015774442082891 0.1265625 0.02763018065887354
0 0.27005208333333336 0.62591325717322 0.1265625 0.04250797024442083
0 0.27005208333333336 0.6694839266737513 0.1265625 0.02763018065887354
0 0.4200520833333333 0.3570503453772582 0.1265625 0.02763018065887354
0 0.4200520833333333 0.39318212008501596 0.1265625 0.02763018065887354
0 0.4200520833333333 0.42931389479277365 0.1265625 0.02763018065887354
0 0.4200520833333333 0.46544566950053134 0.1265625 0.02763018065887354
0 0.4200520833333333 0.5015774442082891 0.1265625 0.02763018065887354
0 0.4200520833333333 0.6184743623804463 0.1265625 0.02763018065887354
0 0.4200520833333333 0.654606137088204 0.1265625 0.02763018065887354
0 0.4200520833333333 0.6907379117959618 0.1265625 0.02763018065887354
0 0.5700520833333333 0.3570503453772582 0.1265625 0.02763018065887354
0 0.5700520833333333 0.39318212008501596 0.1265625 0.02763018065887354
0 0.5700520833333333 0.42931389479277365 0.1265625 0.02763018065887354
0 0.5700520833333333 0.46544566950053134 0.1265625 0.02763018065887354
0 0.5700520833333333 0.5021087938363443 0.1265625 0.028692879914984058
0 0.5700520833333333 0.5387719181721573 0.1265625 0.02763018065887354
0 0.5700520833333333 0.5749036928799149 0.1265625 0.02763018065887354
0 0.5700520833333333 0.6918006110520722 0.1265625 0.02763018065887354
0 0.71171875 0.3570503453772582 0.10989583333333333 0.02763018065887354
0 0.71171875 0.39318212008501596 0.10989583333333333 0.02763018065887354
0 0.71171875 0.42931389479277365 0.10989583333333333 0.02763018065887354
0 0.71171875 0.46544566950053134 0.10989583333333333 0.02763018065887354
0 0.71171875 0.5015774442082891 0.10989583333333333 0.02763018065887354
0 0.71171875 0.5377092189160467 0.10989583333333333 0.02763018065887354
0 0.71171875 0.5738409936238045 0.10989583333333333 0.02763018065887354
0 0.71171875 0.6099727683315622 0.10989583333333333 0.02763018065887354
1 0.34111328125 0.0935009298618491 0.04576822916666667 0.10201912858660998
1 0.3916097005208333 0.0935009298618491 0.055224609375 0.10201912858660998
1 0.2365234375 0.4932751062699256 0.07721354166666666 0.05100956429330499
0 0.4166666666666667 0.26565820935175344 0.11979166666666667 0.05951115834218916
0 0.4166666666666667 0.3613011424017003 0.11979166666666667 0.05951115834218916
0 0.37324625651041665 0.4420662858660999 0.03295084635416667 0.02975557917109458
0 0.3949178059895833 0.5079536397449522 0.0762939453125 0.02975557917109458
0 0.38354899088541666 0.5738409936238045 0.05355631510416667 0.02975557917109458
0 0.5485188802083333 0.2507804197662062 0.08349609375 0.02975557917109458
0 0.5294677734375 0.31666777364505844 0.045393880208333334 0.02975557917109458
0 0.5543741861979167 0.38255512752391074 0.09520670572916666 0.02975557917109458
0 0.5523966471354167 0.448442481402763 0.09125162760416666 0.02975557917109458
0 0.5264689127604166 0.5143298352816154 0.03939615885416667 0.02975557917109458
0 0.5341552734375 0.5802171891604676 0.054768880208333336 0.02975557917109458
0 0.70286865234375 0.2507804197662062 0.09219563802083333 0.02975557917109458
0 0.7035481770833333 0.31666777364505844 0.0935546875 0.02975557917109458
0 0.68961181640625 0.38255512752391074 0.06568196614583334 0.02975557917109458
0 0.7020222981770833 0.448442481402763 0.0905029296875 0.02975557917109458
0 0.7056437174479167 0.5143298352816154 0.09774576822916667 0.02975557917109458
0 0.6891805013020833 0.5802171891604676 0.0648193359375 0.02975557917109458
0 0.5510416666666667 0.7502490701381509 0.40520833333333334 0.05100956429330499
0 0.89921875 0.7502490701381509 0.2015625 0.06801275239107332
1 0.4489990234375 0.0935009298618491 0.059554036458333334 0.10201912858660998
1 0.5105387369791666 0.0935009298618491 0.063525390625 0.10201912858660998
0 0.26666666666666666 0.34696300478214664 0.1375 0.13072861317747078
0 0.3338541666666667 0.3474860520722636 0.1375 0.13177470775770456
0 0.4166666666666667 0.3480174017003188 0.1375 0.13283740701381508
0 0.39728190104166666 0.2507804197662062 0.08102213541666667 0.02975557917109458
0 0.4124837239583333 0.31666777364505844 0.11142578125 0.02975557917109458
0 0.4042887369791667 0.38255512752391074 0.09503580729166666 0.02975557917109458
0 0.4166666666666667 0.4633202709883103 0.11979166666666667 0.05951115834218916
1 0.3779378255208333 0.5488675611052072 0.043375651041666664 0.024442082890541977
1 0.5676350911458333 0.3209185706695005 0.13943684895833333 0.07013815090329437
0 0.5676350911458333 0.3209185706695005 0.13006184895833334 0.05100956429330499
1 0.7112386067708333 0.3209185706695005 0.13943684895833333 0.07013815090329437
0 0.7112386067708333 0.3209185706695005 0.13006184895833334 0.05100956429330499
1 0.5676350911458333 0.39955831562167904 0.13943684895833333 0.07013815090329437
0 0.5676350911458333 0.39955831562167904 0.13006184895833334 0.05100956429330499
1 0.7112386067708333 0.39955831562167904 0.13943684895833333 0.07013815090329437
0 0.7112386067708333 0.39955831562167904 0.13006184895833334 0.05100956429330499
1 0.5306844075520833 0.49785799681190224 0.06553548177083333 0.024442082890541977
0 0.15182291666666667 0.6981768065887354 0.30364583333333334 0.04675876726886291
0 0.5510416666666667 0.6981768065887354 0.40520833333333334 0.06801275239107332
0 0.89921875 0.6981768065887354 0.2015625 0.06801275239107332
1 0.5723958333333333 0.0935009298618491 0.06018880208333333 0.10201912858660998
0 0.21714680989583332 0.21730539319872477 0.03846028645833333 0.024442082890541977
0 0.2210693359375 0.2598133634431456 0.046305338541666664 0.024442082890541977
0 0.21397298177083332 0.3023213336875664 0.03211263020833333 0.024442082890541977
0 0.23453369140625 0.34482930393198724 0.07323404947916666 0.024442082890541977
0 0.244482421875 0.38733727417640806 0.09313151041666666 0.024442082890541977
0 0.22025960286458332 0.4298452444208289 0.04468587239583333 0.024442082890541977
0 0.20674235026041668 0.4723532146652497 0.0176513671875 0.024442082890541977
0 0.23642171223958333 0.5148611849096706 0.07701009114583333 0.024442082890541977
0 0.2352783203125 0.5573691551540914 0.07472330729166667 0.024442082890541977
0 0.41491292317708334 0.2794732996811902 0.1162841796875 0.12964930924548354
0 0.5607096354166666 0.2794732996811902 0.114892578125 0.12964930924548354
0 0.71246337890625 0.2794732996811902 0.1281982421875 0.12964930924548354
0 0.41491292317708334 0.45694407545164717 0.1162841796875 0.12964930924548354
0 0.5607096354166666 0.45694407545164717 0.114892578125 0.12964930924548354
0 0.71246337890625 0.45694407545164717 0.1281982421875 0.12964930924548354
0 0.15182291666666667 0.7332458820403825 0.30364583333333334 0.05100956429330499
0 0.5510416666666667 0.7332458820403825 0.40520833333333334 0.04675876726886291
0 0.89921875 0.7332458820403825 0.2015625 0.06801275239107332
1 0.6467447916666667 0.0935009298618491 0.016666666666666666 0.05100956429330499
1 0.6759847005208334 0.0935009298618491 0.025146484375 0.023379383634431455
1 0.74354248046875 0.0935009298618491 0.08496907552083334 0.05100956429330499
1 0.8284261067708333 0.0935009298618491 0.059798177083333334 0.05100956429330499
1 0.5 0.8373904091392136 0.3125 0.32521918172157277
5 0.32001139322916666 0.4223897449521785 0.0005208333333333333 0.0010626992561105207
2 0.3830322265625 0.46117826780021254 0.12552083333333333 0.0765143464399575
5 0.4460530598958333 0.4223897449521785 0.0005208333333333333 0.0010626992561105207
2 0.5090738932291666 0.46117826780021254 0.12552083333333333 0.0765143464399575
1 0.6289021809895833 0.46117826780021254 0.1016357421875 0.0765143464399575
1 0.6289021809895833 0.46117826780021254 0.06830240885416666 0.025504782146652496
1 0.6289021809895833 0.4739306588735388 0.06830240885416666 0.05100956429330499
1 0.523828125 0.5685108926673751 0.14583333333333334 0.05951115834218916
1 0.478515625 0.5685108926673751 0.030208333333333334 0.05951115834218916
1 0.478515625 0.5685108926673751 0.0125 0.025504782146652496
1 0.478515625 0.5812632837407014 0.0125 0.05100956429330499
1 0.512890625 0.5685108926673751 0.030208333333333334 0.05951115834218916
1 0.512890625 0.5685108926673751 0.0125 0.025504782146652496
1 0.512890625 0.5812632837407014 0.0125 0.05100956429330499
1 0.547265625 0.5685108926673751 0.030208333333333334 0.05951115834218916
1 0.547265625 0.5685108926673751 0.0125 0.025504782146652496
1 0.547265625 0.5812632837407014 0.0125 0.05100956429330499
1 0.581640625 0.5685108926673751 0.030208333333333334 0.05951115834218916
1 0.581640625 0.5685108926673751 0.0125 0.025504782146652496
1 0.581640625 0.5812632837407014 0.0125 0.05100956429330499
0 0.50458984375 0.6237712539851222 0.041552734375 0.01487778958554729
0 0.5664754231770833 0.6237712539851222 0.058553059895833336 0.01487778958554729
8 0.5 0.5 1.0 1.0
1 0.6994791666666667 0.17375132837407015 0.0125 0.025504782146652496
1 0.5 0.7667375132837407 0.37395833333333334 0.06801275239107332
