0 0.5 0.015940488841657812 1.0 0.031880977683315624
8 0.18326822916666666 0.1009481269925611 0.04986979166666667 0.0464432784272051
0 0.18326822916666666 0.1009481269925611 0.04986979166666667 0.0464432784272051
0 0.23828531901041666 0.1009481269925611 0.060164388020833334 0.0464432784272051
0 0.29110514322916664 0.1009481269925611 0.04547526041666667 0.0464432784272051
8 0.3423055013020833 0.1009481269925611 0.056925455729166664 0.0464432784272051
0 0.3423055013020833 0.1009481269925611 0.056925455729166664 0.0464432784272051
0 0.3879313151041667 0.1009481269925611 0.034326171875 0.0464432784272051
0 0.5 0.10095642933049948 0.0484375 0.09989373007438895
8 0.617529296875 0.1009481269925611 0.039322916666666666 0.0464432784272051
0 0.617529296875 0.1009481269925611 0.039322916666666666 0.0464432784272051
8 0.65413818359375 0.1009481269925611 0.033894856770833336 0.0464432784272051
0 0.65413818359375 0.1009481269925611 0.033894856770833336 0.0464432784272051
0 0.68985595703125 0.1009481269925611 0.03754069010416667 0.0464432784272051
0 0.72138671875 0.10095642933049948 0.025520833333333333 0.047124070138150904
1 0.7203450520833333 0.10042507970244421 0.0109375 0.02799548352816153
1 0.7905110677083333 0.1009481269925611 0.10231119791666667 0.0464432784272051
2 0.5 0.19606801275239108 0.6833333333333333 0.052072263549415514
1 0.8375 0.19925611052072265 0.008333333333333333 0.036447263549415514
1 0.43882649739583335 0.43501760095642933 0.11458333333333333 0.051756774707757705
1 0.5611572265625 0.43501760095642933 0.11458333333333333 0.051756774707757705
