0 0.00026041666666666666 0.0005313496280552603 0.0005208333333333333 0.0010626992561105207
0 0.19583333333333333 0.04250797024442083 0.016666666666666666 0.08501594048884166
10 0.24635416666666668 0.04250797024442083 0.059375 0.05526036131774708
13 0.2635416666666667 0.04250797024442083 0.008333333333333333 0.01700318809776833
10 0.301171875 0.04250797024442083 0.05026041666666667 0.05526036131774708
13 0.3138020833333333 0.04250797024442083 0.008333333333333333 0.01700318809776833
0 0.3489908854166667 0.04250797024442083 0.04537760416666667 0.05526036131774708
10 0.39442545572916665 0.04250797024442083 0.045491536458333336 0.05526036131774708
13 0.4046712239583333 0.04250797024442083 0.008333333333333333 0.01700318809776833
0 0.7062581380208334 0.04250797024442083 0.05712890625 0.053134962805526036
1 0.7736612955729166 0.04250797024442083 0.07767740885416667 0.053134962805526036
13 0.7994791666666666 0.04250797024442083 0.0125 0.025504782146652496
0 0.00041910807291666664 0.16046758767268862 0.0008382161458333333 0.04250797024442083
0 0.21796061197916666 0.028692879914984058 0.027587890625 0.01700318809776833
0 0.2682902018229167 0.028692879914984058 0.03973795572916667 0.01700318809776833
0 0.3279947916666667 0.028692879914984058 0.046337890625 0.01700318809776833
0 0.3949178059895833 0.028692879914984058 0.0541748046875 0.01700318809776833
1 0.76328125 0.028692879914984058 0.06510416666666667 0.04250797024442083
1 0.607177734375 0.3783209351753454 0.11123046875 0.05100956429330499
0 0.5 0.6123306323060573 0.4125 0.11945403825717323
0 0.633056640625 0.6370882040382572 0.05944010416666667 0.018065887353878853
