0 0.033854166666666664 0.02922422954303932 0.042708333333333334 0.05844845908607864
1 0.08665771484375 0.02922422954303932 0.03789876302083333 0.021253985122210415
1 0.10091959635416667 0.02922422954303932 0.009375 0.03400637619553666
0 0.13108723958333332 0.02922422954303932 0.025960286458333332 0.05844845908607864
0 0.16517740885416668 0.02922422954303932 0.017220052083333333 0.05844845908607864
0 0.21377766927083333 0.02922422954303932 0.05498046875 0.05844845908607864
1 0.30289306640625 0.02922422954303932 0.07220865885416666 0.021253985122210415
1 0.3343098958333333 0.02922422954303932 0.009375 0.03400637619553666
1 0.8423421223958333 0.02975557917109458 0.0067708333333333336 0.040382571732199786
1 0.8744832356770833 0.02922422954303932 0.042928059895833336 0.03400637619553666
1 0.9242757161458334 0.02922422954303932 0.048323567708333334 0.03400637619553666
1 0.971875 0.02922422954303932 0.03125 0.03400637619553666
0 0.06145833333333333 0.23608528161530287 0.075 0.153028692879915
0 0.14583333333333334 0.17869952178533474 0.05625 0.11477151965993623
0 0.07083333333333333 0.40824256110520724 0.05625 0.11477151965993623
0 0.16458333333333333 0.3699853878852285 0.09375 0.19128586609989373
0 0.08958333333333333 0.5995284272051009 0.09375 0.19128586609989373
0 0.19270833333333334 0.5803998405951116 0.075 0.153028692879915
1 0.4508056640625 0.6659471307120085 0.09602864583333333 0.04250797024442083
1 0.5506184895833334 0.6659471307120085 0.09318033854166667 0.04250797024442083
0 0.8354166666666667 0.33363775239107335 0.05625 0.11859059511158342
0 0.9291666666666667 0.2188662327311371 0.09375 0.1951049415515409
0 0.8166666666666667 0.524923618490967 0.09375 0.1951049415515409
0 0.9197916666666667 0.4292806854410202 0.075 0.15684776833156217
0 0.9291666666666667 0.6396951381509033 0.09375 0.1951049415515409
1 0.0453125 0.8441319075451648 0.065625 0.05100956429330499
2 0.50206298828125 0.8430692082890542 0.7718343098958333 0.048884165781083955
1 0.84041748046875 0.8441319075451648 0.09095865885416667 0.040382571732199786
8 0.94190673828125 0.8441319075451648 0.0911865234375 0.05100956429330499
1 0.94190673828125 0.8441319075451648 0.0911865234375 0.05100956429330499
8 0.9393229166666667 0.9364123937300743 0.09635416666666667 0.12717521253985123
1 0.9269327799479167 0.9020490170031881 0.050740559895833336 0.020191285866099893
1 0.9149861653645833 0.9351919500531349 0.026847330729166667 0.020191285866099893
1 0.9314412434895833 0.9683348831030818 0.05975748697916667 0.020191285866099893
1 0.9233194986979166 0.9956910866099894 0.04351399739583333 0.008617826780021254
1 0.037947591145833334 0.9397748405951116 0.040478515625 0.03400637619553666
0 0.18588053385416667 0.9424315887353879 0.016145833333333335 0.06057385759829968
0 0.10583089192708334 0.956072329968119 0.18666178385416668 0.08785534006376196
1 0.23502604166666666 0.9397748405951116 0.040478515625 0.03400637619553666
0 0.3616129557291667 0.9424315887353879 0.016145833333333335 0.06057385759829968
0 0.38296712239583336 0.9424315887353879 0.016145833333333335 0.06057385759829968
0 0.30291341145833334 0.956072329968119 0.186669921875 0.08785534006376196
1 0.43211263020833335 0.9397748405951116 0.040478515625 0.03400637619553666
0 0.5800455729166667 0.9424315887353879 0.016145833333333335 0.06057385759829968
0 0.49999593098958334 0.956072329968119 0.18666178385416668 0.08785534006376196
1 0.6291910807291666 0.9397748405951116 0.040478515625 0.03400637619553666
0 0.7771321614583333 0.9424315887353879 0.016145833333333335 0.06057385759829968
0 0.6970784505208333 0.956072329968119 0.186669921875 0.08785534006376196
1 0.8262776692708333 0.9397748405951116 0.040478515625 0.03400637619553666
0 0.9528564453125 0.9424315887353879 0.016145833333333335 0.06057385759829968
0 0.9742106119791667 0.9424315887353879 0.016145833333333335 0.06057385759829968
0 0.8941609700520833 0.956072329968119 0.18666178385416668 0.08785534006376196
1 0.033793131510416664 0.9790116896918172 0.06758626302083333 0.035600425079702444
1 0.09205322265625 0.9790116896918172 0.048933919270833334 0.035600425079702444
0 0.15139567057291667 0.9829885095642933 0.04370930989583333 0.0151932784272051
0 0.20257975260416666 0.9829885095642933 0.011783854166666666 0.0151932784272051
0 0.22352294921875 0.9829885095642933 0.019685872395833335 0.0151932784272051
0 0.2539794921875 0.9829885095642933 0.030810546875 0.0151932784272051
0 0.28076578776041666 0.9829885095642933 0.012345377604166667 0.0151932784272051
1 0.31815185546875 0.9826813230605739 0.05201009114583333 0.011689691817215728
0 0.40823567708333336 0.9829885095642933 0.11774088541666666 0.0151932784272051
1 0.9713541666666666 0.9829968119022316 0.03125 0.03400637619553666
