0 0.050150553385416664 0.053134962805526036 0.07530110677083333 0.01487778958554729
0 0.07699381510416667 0.1206163655685441 0.09461263020833334 0.03294367693942614
0 0.07699381510416667 0.17906482465462273 0.09461263020833334 0.03294367693942614
0 0.11478271484375 0.053134962805526036 0.05396321614583333 0.01487778958554729
0 0.15796305338541666 0.053134962805526036 0.0323974609375 0.01487778958554729
0 0.19443766276041666 0.053134962805526036 0.0405517578125 0.01487778958554729
0 0.5 0.052063961211477154 0.05 0.0402663390010627
2 0.8035237630208333 0.053134962805526036 0.15625 0.05100956429330499
0 0.90435791015625 0.053134962805526036 0.020418294270833335 0.04250797024442083
1 0.9531168619791667 0.053134962805526036 0.052099609375 0.05100956429330499
0 0.49999593098958334 0.21253985122210414 0.15689290364583333 0.01700318809776833
1 0.5 0.565356004250797 0.06544596354166667 0.05951115834218916
0 0.007291666666666667 0.11020190961556024 0.0125 0.03506907545164718
1 0.03726806640625 0.9319872476089267 0.0245361328125 0.06801275239107332
0 0.03726399739583333 0.9234856535600425 0.020833333333333332 0.05100956429330499
1 0.03726399739583333 0.9192348565356004 0.020833333333333332 0.04250797024442083
1 0.9645833333333333 0.9319872476089267 0.020833333333333332 0.06801275239107332
0 0.9645833333333333 0.9234856535600425 0.020833333333333332 0.05100956429330499
1 0.9645833333333333 0.9192348565356004 0.020833333333333332 0.04250797024442083
0 0.37395833333333334 0.038788522848034 0.0125 0.03506907545164718
