0 0.10572916666666667 0.044633368756641874 0.013541666666666667 0.04250797024442083
1 0.15555419921875 0.044633368756641874 0.0611083984375 0.04675876726886291
1 0.21962890625 0.044633368756641874 0.06287434895833334 0.04675876726886291
1 0.28909912109375 0.044633368756641874 0.0718994140625 0.04675876726886291
1 0.3609537760416667 0.044633368756641874 0.06764322916666667 0.04675876726886291
0 0.41690266927083336 0.044633368756641874 0.040087890625 0.04675876726886291
0 0.6933797200520834 0.044633368756641874 0.07103678385416666 0.04675876726886291
0 0.7598917643229167 0.044633368756641874 0.0494873046875 0.05526036131774708
1 0.7598917643229167 0.044633368756641874 0.0276123046875 0.02975557917109458
1 0.7395751953125 0.044633368756641874 0.0109375 0.022316684378320937
1 0.7598917643229167 0.044633368756641874 0.0276123046875 0.023379383634431455
0 0.844921875 0.044633368756641874 0.11223958333333334 0.05526036131774708
1 0.844921875 0.044633368756641874 0.09036458333333333 0.02975557917109458
1 0.7932291666666667 0.044633368756641874 0.0109375 0.022316684378320937
1 0.844921875 0.044633368756641874 0.09036458333333333 0.023379383634431455
0 0.155078125 0.5096307120085016 0.11223958333333334 0.05526036131774708
1 0.155078125 0.5096307120085016 0.09036458333333333 0.02975557917109458
1 0.10338541666666666 0.5096307120085016 0.0109375 0.022316684378320937
1 0.155078125 0.5096307120085016 0.09036458333333333 0.023379383634431455
