1 0.025 0.10201912858660998 0.025 0.05100956429330499
8 0.06240234375 0.11052072263549416 0.04147135416666667 0.05951115834218916
1 0.06240234375 0.10201912858660998 0.04147135416666667 0.04250797024442083
8 0.28125 0.332624867162593 0.4791666666666667 0.39744952178533477
8 0.28125 0.25292242295430395 0.478125 0.2359192348565356
0 0.12447916666666667 0.25292242295430395 0.15625 0.1849096705632306
0 0.07815755208333333 0.20085015940488843 0.03860677083333333 0.02975557917109458
0 0.10104166666666667 0.30818278427205104 0.084375 0.023379383634431455
0 0.28125 0.25292242295430395 0.15625 0.1849096705632306
0 0.25047607421875 0.20085015940488843 0.0697021484375 0.02975557917109458
0 0.2514851888020833 0.30818278427205104 0.07172037760416666 0.023379383634431455
0 0.43802083333333336 0.25292242295430395 0.15625 0.1849096705632306
0 0.39881591796875 0.20085015940488843 0.052840169270833334 0.02975557917109458
0 0.39855550130208334 0.30818278427205104 0.0523193359375 0.023379383634431455
1 0.28125 0.4718384697130712 0.44479166666666664 0.048884165781083955
1 0.12742919921875 0.4718384697130712 0.13715006510416666 0.048884165781083955
1 0.28124593098958334 0.4718384697130712 0.13715006510416666 0.048884165781083955
1 0.4350667317708333 0.4718384697130712 0.137158203125 0.048884165781083955
8 0.11379801432291667 0.11052072263549416 0.0446533203125 0.05951115834218916
1 0.11379801432291667 0.10201912858660998 0.0446533203125 0.04250797024442083
8 0.3310546875 0.41445270988310307 0.4791666666666667 0.5611052072263549
8 0.3310546875 0.33475026567481403 0.478125 0.3995749202975558
0 0.14613037109375 0.25823591923485656 0.07494303385416666 0.05951115834218916
0 0.17250569661458334 0.38575982996811903 0.12769368489583333 0.025504782146652496
0 0.1618408203125 0.42826780021253985 0.10636393229166667 0.025504782146652496
0 0.3120849609375 0.25823591923485656 0.093310546875 0.05951115834218916
0 0.3189453125 0.38575982996811903 0.10703125 0.025504782146652496
0 0.2773681640625 0.42826780021253985 0.023876953125 0.025504782146652496
0 0.3169189453125 0.4707757704569607 0.102978515625 0.025504782146652496
0 0.46402180989583336 0.25823591923485656 0.083642578125 0.05951115834218916
0 0.4764933268229167 0.38575982996811903 0.10858561197916666 0.025504782146652496
0 0.46188557942708336 0.42826780021253985 0.0793701171875 0.025504782146652496
0 0.46315104166666665 0.4707757704569607 0.08190104166666666 0.025504782146652496
1 0.3310546875 0.6354941551540914 0.44479166666666664 0.048884165781083955
1 0.17723388671875 0.6354941551540914 0.13715006510416666 0.048884165781083955
1 0.33105061848958334 0.6354941551540914 0.13715006510416666 0.048884165781083955
1 0.4848714192708333 0.6354941551540914 0.137158203125 0.048884165781083955
8 0.16216634114583334 0.11052072263549416 0.035416666666666666 0.05951115834218916
1 0.16216634114583334 0.10201912858660998 0.035416666666666666 0.04250797024442083
8 0.212939453125 0.11052072263549416 0.049462890625 0.05951115834218916
1 0.212939453125 0.10201912858660998 0.049462890625 0.04250797024442083
8 0.45361735026041666 0.33209351753453775 0.5308186848958333 0.39638682252922425
8 0.37887776692708336 0.33209351753453775 0.3802978515625 0.3942614240170032
8 0.37887776692708336 0.30499468650371947 0.37196451822916665 0.28905419766206164
8 0.25211181640625 0.30499468650371947 0.10176595052083333 0.28905419766206164
0 0.21278889973958334 0.2157279489904357 0.0231201171875 0.04250797024442083
0 0.23713785807291668 0.25823591923485656 0.07181803385416667 0.04250797024442083
0 0.21234130859375 0.3007438894792774 0.022224934895833333 0.04250797024442083
0 0.2474609375 0.3432518597236982 0.09246419270833334 0.04250797024442083
0 0.24141031901041668 0.38575982996811903 0.08036295572916667 0.04250797024442083
0 0.2247314453125 0.42826780021253985 0.04700520833333333 0.04250797024442083
8 0.37887776692708336 0.28374070138150903 0.10176595052083333 0.24654622741764082
0 0.37887776692708336 0.2157279489904357 0.10176595052083333 0.04250797024442083
0 0.33671875 0.25823591923485656 0.017447916666666667 0.04250797024442083
0 0.3430908203125 0.3007438894792774 0.030192057291666668 0.04250797024442083
0 0.3466267903645833 0.3432518597236982 0.03726399739583333 0.04250797024442083
0 0.35096842447916665 0.38575982996811903 0.045947265625 0.04250797024442083
8 0.5056437174479167 0.2624867162592986 0.10176595052083333 0.20403825717321997
0 0.47720540364583336 0.2157279489904357 0.04488932291666667 0.04250797024442083
0 0.4671223958333333 0.25823591923485656 0.024723307291666666 0.04250797024442083
0 0.4680094401041667 0.3007438894792774 0.026497395833333333 0.04250797024442083
0 0.4715576171875 0.3432518597236982 0.03359375 0.04250797024442083
1 0.37887776692708336 0.47874601487778956 0.37196451822916665 0.04994686503719448
0 0.6437662760416667 0.33209351753453775 0.14947916666666666 0.3942614240170032
8 0.6437662760416667 0.27098831030818277 0.12447916666666667 0.17003188097768332
1 0.6437662760416667 0.48724760892667374 0.12447916666666667 0.03294367693942614
8 0.26887613932291665 0.11052072263549416 0.04574381510416667 0.05951115834218916
1 0.26887613932291665 0.10201912858660998 0.04574381510416667 0.04250797024442083
8 0.2688720703125 0.3942614240170032 0.1189697265625 0.5207226354941552
8 0.2688720703125 0.3942614240170032 0.11792805989583334 0.5185972369819342
8 0.2688720703125 0.18172157279489903 0.09292805989583333 0.04250797024442083
0 0.2688720703125 0.18172157279489903 0.09292805989583333 0.04250797024442083
8 0.2688720703125 0.22422954303931988 0.09292805989583333 0.04250797024442083
0 0.2688720703125 0.22422954303931988 0.09292805989583333 0.04250797024442083
8 0.2688720703125 0.2667375132837407 0.09292805989583333 0.04250797024442083
0 0.2688720703125 0.2667375132837407 0.09292805989583333 0.04250797024442083
8 0.2688720703125 0.30924548352816156 0.09292805989583333 0.04250797024442083
0 0.2688720703125 0.30924548352816156 0.09292805989583333 0.04250797024442083
8 0.2688720703125 0.3517534537725824 0.09292805989583333 0.04250797024442083
0 0.2688720703125 0.3517534537725824 0.09292805989583333 0.04250797024442083
8 0.2688720703125 0.3942614240170032 0.09292805989583333 0.04250797024442083
0 0.2688720703125 0.3942614240170032 0.09292805989583333 0.04250797024442083
8 0.2688720703125 0.436769394261424 0.09292805989583333 0.04250797024442083
0 0.2688720703125 0.436769394261424 0.09292805989583333 0.04250797024442083
8 0.2688720703125 0.47927736450584485 0.09292805989583333 0.04250797024442083
0 0.2688720703125 0.47927736450584485 0.09292805989583333 0.04250797024442083
8 0.2688720703125 0.5217853347502657 0.09292805989583333 0.04250797024442083
0 0.2688720703125 0.5217853347502657 0.09292805989583333 0.04250797024442083
8 0.2688720703125 0.5642933049946866 0.09292805989583333 0.04250797024442083
0 0.2688720703125 0.5642933049946866 0.09292805989583333 0.04250797024442083
8 0.2688720703125 0.6068012752391073 0.09292805989583333 0.04250797024442083
0 0.2688720703125 0.6068012752391073 0.09292805989583333 0.04250797024442083
8 0.32567952473958334 0.11052072263549416 0.0511962890625 0.05951115834218916
1 0.32567952473958334 0.10201912858660998 0.0511962890625 0.04250797024442083
8 0.3256754557291667 0.20297555791710944 0.11458333333333333 0.1381509032943677
8 0.3256754557291667 0.20297555791710944 0.11354166666666667 0.13602550478214664
8 0.3256754557291667 0.18172157279489903 0.08854166666666667 0.04250797024442083
0 0.3256754557291667 0.18172157279489903 0.08854166666666667 0.04250797024442083
8 0.3256754557291667 0.22422954303931988 0.08854166666666667 0.04250797024442083
0 0.3256754557291667 0.22422954303931988 0.08854166666666667 0.04250797024442083
1 0.8444742838541667 0.10201912858660998 0.016666666666666666 0.03400637619553666
1 0.9024454752604166 0.10201912858660998 0.07427571614583334 0.04675876726886291
8 0.9697916666666667 0.11052072263549416 0.035416666666666666 0.05951115834218916
1 0.9697916666666667 0.10201912858660998 0.035416666666666666 0.04250797024442083
0 0.5 0.02763018065887354 1.0 0.05526036131774708
1 0.5065104166666666 0.02763018065887354 0.18038736979166667 0.05526036131774708
0 0.27578125 0.7144493889479278 0.15989583333333332 0.021253985122210415
1 0.22976481119791667 0.8908574654622742 0.06786295572916666 0.044633368756641874
1 0.31606852213541664 0.8908574654622742 0.08339029947916667 0.05100956429330499
