0 0.06354166666666666 0.048884165781083955 0.09375 0.04675876726886291
0 0.41859537760416665 0.04675876726886291 0.07345377604166667 0.04250797024442083
0 0.4977823893229167 0.04675876726886291 0.0765869140625 0.04250797024442083
0 0.5616048177083334 0.04675876726886291 0.042724609375 0.04250797024442083
0 0.6092976888020833 0.04675876726886291 0.044327799479166666 0.04250797024442083
0 0.6641398111979167 0.04675876726886291 0.057023111979166666 0.04250797024442083
0 0.7270548502604167 0.04675876726886291 0.0604736328125 0.04250797024442083
8 0.7875 0.04675876726886291 0.052083333333333336 0.04250797024442083
1 0.7875 0.04675876726886291 0.052083333333333336 0.04250797024442083
8 0.8395833333333333 0.04675876726886291 0.052083333333333336 0.04250797024442083
1 0.8395833333333333 0.04675876726886291 0.052083333333333336 0.04250797024442083
2 0.9380208333333333 0.04782146652497343 0.10625 0.04250797024442083
0 0.30753987630208335 0.14930924548352817 0.1734130859375 0.030818278427205102
0 0.31280517578125 0.2055326780021254 0.18394368489583332 0.020191285866099893
2 0.10989583333333333 0.3229609458023379 0.165625 0.04250797024442083
5 0.10677083333333333 0.3799149840595112 0.16354166666666667 0.031880977683315624
0 0.10677083333333333 0.3799149840595112 0.16354166666666667 0.031880977683315624
5 0.11302083333333333 0.4134896386822529 0.15104166666666666 0.031880977683315624
0 0.11302083333333333 0.4134896386822529 0.15104166666666666 0.031880977683315624
5 0.10677083333333333 0.4453706163655685 0.16354166666666667 0.031880977683315624
0 0.10677083333333333 0.4453706163655685 0.16354166666666667 0.031880977683315624
5 0.11302083333333333 0.4789452709883103 0.15104166666666666 0.031880977683315624
0 0.11302083333333333 0.4789452709883103 0.15104166666666666 0.031880977683315624
5 0.11302083333333333 0.510826248671626 0.15104166666666666 0.031880977683315624
0 0.11302083333333333 0.510826248671626 0.15104166666666666 0.031880977683315624
5 0.11927083333333334 0.5444009032943677 0.13854166666666667 0.031880977683315624
0 0.11927083333333334 0.5444009032943677 0.13854166666666667 0.031880977683315624
5 0.11927083333333334 0.5890342720510096 0.13854166666666667 0.057385759829968117
0 0.11927083333333334 0.5890342720510096 0.13854166666666667 0.057385759829968117
5 0.12552083333333333 0.6481137088204039 0.12604166666666666 0.057385759829968117
0 0.12552083333333333 0.6481137088204039 0.12604166666666666 0.057385759829968117
5 0.13177083333333334 0.6944407545164718 0.11354166666666667 0.031880977683315624
0 0.13177083333333334 0.6944407545164718 0.11354166666666667 0.031880977683315624
5 0.13177083333333334 0.7263217321997875 0.11354166666666667 0.031880977683315624
0 0.13177083333333334 0.7263217321997875 0.11354166666666667 0.031880977683315624
5 0.13177083333333334 0.7709551009564294 0.11354166666666667 0.057385759829968117
0 0.13177083333333334 0.7709551009564294 0.11354166666666667 0.057385759829968117
5 0.13177083333333334 0.8283408607863975 0.11354166666666667 0.057385759829968117
0 0.13177083333333334 0.8283408607863975 0.11354166666666667 0.057385759829968117
5 0.13177083333333334 0.8857266206163655 0.11354166666666667 0.057385759829968117
0 0.13177083333333334 0.8857266206163655 0.11354166666666667 0.057385759829968117
5 0.13177083333333334 0.9431123804463337 0.11354166666666667 0.057385759829968117
0 0.13177083333333334 0.9431123804463337 0.11354166666666667 0.057385759829968117
5 0.13177083333333334 0.9859026301806588 0.11354166666666667 0.028194739638682253
0 0.13177083333333334 0.9859026301806588 0.11354166666666667 0.028194739638682253
5 0.11927083333333334 0.6353613177470776 0.13854166666666667 0.031880977683315624
0 0.11927083333333334 0.6353613177470776 0.13854166666666667 0.031880977683315624
5 0.11302083333333333 0.5444009032943677 0.15104166666666666 0.031880977683315624
0 0.11302083333333333 0.5444009032943677 0.15104166666666666 0.031880977683315624
5 0.11927083333333334 0.5779755579171094 0.13854166666666667 0.031880977683315624
0 0.11927083333333334 0.5779755579171094 0.13854166666666667 0.031880977683315624
5 0.11927083333333334 0.6098565356004251 0.13854166666666667 0.031880977683315624
0 0.11927083333333334 0.6098565356004251 0.13854166666666667 0.031880977683315624
5 0.11927083333333334 0.6417375132837407 0.13854166666666667 0.031880977683315624
0 0.11927083333333334 0.6417375132837407 0.13854166666666667 0.031880977683315624
5 0.11927083333333334 0.6736184909670563 0.13854166666666667 0.031880977683315624
0 0.11927083333333334 0.6736184909670563 0.13854166666666667 0.031880977683315624
5 0.11927083333333334 0.7054994686503719 0.13854166666666667 0.031880977683315624
0 0.11927083333333334 0.7054994686503719 0.13854166666666667 0.031880977683315624
5 0.10677083333333333 0.4789452709883103 0.16354166666666667 0.031880977683315624
0 0.10677083333333333 0.4789452709883103 0.16354166666666667 0.031880977683315624
5 0.11302083333333333 0.5125199256110521 0.15104166666666666 0.031880977683315624
0 0.11302083333333333 0.5125199256110521 0.15104166666666666 0.031880977683315624
5 0.11927083333333334 0.5460945802337939 0.13854166666666667 0.031880977683315624
0 0.11927083333333334 0.5460945802337939 0.13854166666666667 0.031880977683315624
5 0.11927083333333334 0.5779755579171094 0.13854166666666667 0.031880977683315624
0 0.11927083333333334 0.5779755579171094 0.13854166666666667 0.031880977683315624
5 0.12552083333333333 0.6115502125398512 0.12604166666666666 0.031880977683315624
0 0.12552083333333333 0.6115502125398512 0.12604166666666666 0.031880977683315624
5 0.12552083333333333 0.6434311902231669 0.12604166666666666 0.031880977683315624
0 0.12552083333333333 0.6434311902231669 0.12604166666666666 0.031880977683315624
5 0.12552083333333333 0.6753121679064825 0.12604166666666666 0.031880977683315624
0 0.12552083333333333 0.6753121679064825 0.12604166666666666 0.031880977683315624
5 0.12552083333333333 0.7071931455897981 0.12604166666666666 0.031880977683315624
0 0.12552083333333333 0.7071931455897981 0.12604166666666666 0.031880977683315624
5 0.12552083333333333 0.7390741232731137 0.12604166666666666 0.031880977683315624
0 0.12552083333333333 0.7390741232731137 0.12604166666666666 0.031880977683315624
5 0.12552083333333333 0.7709551009564294 0.12604166666666666 0.031880977683315624
0 0.12552083333333333 0.7709551009564294 0.12604166666666666 0.031880977683315624
5 0.12552083333333333 0.8028360786397449 0.12604166666666666 0.031880977683315624
0 0.12552083333333333 0.8028360786397449 0.12604166666666666 0.031880977683315624
5 0.12552083333333333 0.8347170563230606 0.12604166666666666 0.031880977683315624
0 0.12552083333333333 0.8347170563230606 0.12604166666666666 0.031880977683315624
5 0.12552083333333333 0.8665980340063762 0.12604166666666666 0.031880977683315624
0 0.12552083333333333 0.8665980340063762 0.12604166666666666 0.031880977683315624
5 0.11927083333333334 0.6115502125398512 0.13854166666666667 0.031880977683315624
0 0.11927083333333334 0.6115502125398512 0.13854166666666667 0.031880977683315624
5 0.11302083333333333 0.5460945802337939 0.15104166666666666 0.031880977683315624
0 0.11302083333333333 0.5460945802337939 0.15104166666666666 0.031880977683315624
5 0.11927083333333334 0.5796692348565357 0.13854166666666667 0.031880977683315624
0 0.11927083333333334 0.5796692348565357 0.13854166666666667 0.031880977683315624
5 0.11927083333333334 0.6243026036131775 0.13854166666666667 0.057385759829968117
0 0.11927083333333334 0.6243026036131775 0.13854166666666667 0.057385759829968117
5 0.11927083333333334 0.6689359723698194 0.13854166666666667 0.031880977683315624
0 0.11927083333333334 0.6689359723698194 0.13854166666666667 0.031880977683315624
5 0.11927083333333334 0.7008169500531349 0.13854166666666667 0.031880977683315624
0 0.11927083333333334 0.7008169500531349 0.13854166666666667 0.031880977683315624
5 0.11927083333333334 0.7326979277364506 0.13854166666666667 0.031880977683315624
0 0.11927083333333334 0.7326979277364506 0.13854166666666667 0.031880977683315624
5 0.11927083333333334 0.7645789054197663 0.13854166666666667 0.031880977683315624
0 0.11927083333333334 0.7645789054197663 0.13854166666666667 0.031880977683315624
5 0.11927083333333334 0.7964598831030818 0.13854166666666667 0.031880977683315624
0 0.11927083333333334 0.7964598831030818 0.13854166666666667 0.031880977683315624
5 0.11927083333333334 0.8283408607863975 0.13854166666666667 0.031880977683315624
0 0.11927083333333334 0.8283408607863975 0.13854166666666667 0.031880977683315624
5 0.11927083333333334 0.8602218384697131 0.13854166666666667 0.031880977683315624
0 0.11927083333333334 0.8602218384697131 0.13854166666666667 0.031880977683315624
5 0.11302083333333333 0.5796692348565357 0.15104166666666666 0.031880977683315624
0 0.11302083333333333 0.5796692348565357 0.15104166666666666 0.031880977683315624
5 0.11927083333333334 0.6132438894792773 0.13854166666666667 0.031880977683315624
0 0.11927083333333334 0.6132438894792773 0.13854166666666667 0.031880977683315624
5 0.11927083333333334 0.645124867162593 0.13854166666666667 0.031880977683315624
0 0.11927083333333334 0.645124867162593 0.13854166666666667 0.031880977683315624
5 0.11927083333333334 0.6770058448459086 0.13854166666666667 0.031880977683315624
0 0.11927083333333334 0.6770058448459086 0.13854166666666667 0.031880977683315624
5 0.11927083333333334 0.7088868225292242 0.13854166666666667 0.031880977683315624
0 0.11927083333333334 0.7088868225292242 0.13854166666666667 0.031880977683315624
5 0.11302083333333333 0.6132438894792773 0.15104166666666666 0.031880977683315624
0 0.11302083333333333 0.6132438894792773 0.15104166666666666 0.031880977683315624
5 0.11927083333333334 0.6468185441020191 0.13854166666666667 0.031880977683315624
0 0.11927083333333334 0.6468185441020191 0.13854166666666667 0.031880977683315624
5 0.12552083333333333 0.6803931987247609 0.12604166666666666 0.031880977683315624
0 0.12552083333333333 0.6803931987247609 0.12604166666666666 0.031880977683315624
5 0.12552083333333333 0.7122741764080766 0.12604166666666666 0.031880977683315624
0 0.12552083333333333 0.7122741764080766 0.12604166666666666 0.031880977683315624
5 0.12552083333333333 0.7441551540913921 0.12604166666666666 0.031880977683315624
0 0.12552083333333333 0.7441551540913921 0.12604166666666666 0.031880977683315624
5 0.12552083333333333 0.7760361317747078 0.12604166666666666 0.031880977683315624
0 0.12552083333333333 0.7760361317747078 0.12604166666666666 0.031880977683315624
5 0.12552083333333333 0.8079171094580234 0.12604166666666666 0.031880977683315624
0 0.12552083333333333 0.8079171094580234 0.12604166666666666 0.031880977683315624
5 0.12552083333333333 0.839798087141339 0.12604166666666666 0.031880977683315624
0 0.12552083333333333 0.839798087141339 0.12604166666666666 0.031880977683315624
5 0.12552083333333333 0.8716790648246546 0.12604166666666666 0.031880977683315624
0 0.12552083333333333 0.8716790648246546 0.12604166666666666 0.031880977683315624
5 0.12552083333333333 0.9035600425079703 0.12604166666666666 0.031880977683315624
0 0.12552083333333333 0.9035600425079703 0.12604166666666666 0.031880977683315624
5 0.11927083333333334 0.6803931987247609 0.13854166666666667 0.031880977683315624
0 0.11927083333333334 0.6803931987247609 0.13854166666666667 0.031880977683315624
5 0.12552083333333333 0.7139678533475027 0.12604166666666666 0.031880977683315624
0 0.12552083333333333 0.7139678533475027 0.12604166666666666 0.031880977683315624
5 0.12552083333333333 0.7458488310308182 0.12604166666666666 0.031880977683315624
0 0.12552083333333333 0.7458488310308182 0.12604166666666666 0.031880977683315624
5 0.12552083333333333 0.7777298087141339 0.12604166666666666 0.031880977683315624
0 0.12552083333333333 0.7777298087141339 0.12604166666666666 0.031880977683315624
5 0.12552083333333333 0.8096107863974495 0.12604166666666666 0.031880977683315624
0 0.12552083333333333 0.8096107863974495 0.12604166666666666 0.031880977683315624
5 0.12552083333333333 0.8414917640807651 0.12604166666666666 0.031880977683315624
0 0.12552083333333333 0.8414917640807651 0.12604166666666666 0.031880977683315624
5 0.12552083333333333 0.886125132837407 0.12604166666666666 0.057385759829968117
0 0.12552083333333333 0.886125132837407 0.12604166666666666 0.057385759829968117
5 0.12552083333333333 0.9307585015940489 0.12604166666666666 0.031880977683315624
0 0.12552083333333333 0.9307585015940489 0.12604166666666666 0.031880977683315624
5 0.12552083333333333 0.9626394792773645 0.12604166666666666 0.031880977683315624
0 0.12552083333333333 0.9626394792773645 0.12604166666666666 0.031880977683315624
5 0.11927083333333334 0.7139678533475027 0.13854166666666667 0.031880977683315624
0 0.11927083333333334 0.7139678533475027 0.13854166666666667 0.031880977683315624
5 0.11927083333333334 0.7458488310308182 0.13854166666666667 0.031880977683315624
0 0.11927083333333334 0.7458488310308182 0.13854166666666667 0.031880977683315624
5 0.11302083333333333 0.6595709351753454 0.15104166666666666 0.057385759829968117
0 0.11302083333333333 0.6595709351753454 0.15104166666666666 0.057385759829968117
5 0.11927083333333334 0.7058979808714134 0.13854166666666667 0.031880977683315624
0 0.11927083333333334 0.7058979808714134 0.13854166666666667 0.031880977683315624
5 0.11927083333333334 0.737778958554729 0.13854166666666667 0.031880977683315624
0 0.11927083333333334 0.737778958554729 0.13854166666666667 0.031880977683315624
5 0.11927083333333334 0.7696599362380446 0.13854166666666667 0.031880977683315624
0 0.11927083333333334 0.7696599362380446 0.13854166666666667 0.031880977683315624
5 0.11927083333333334 0.8015409139213603 0.13854166666666667 0.031880977683315624
0 0.11927083333333334 0.8015409139213603 0.13854166666666667 0.031880977683315624
5 0.11927083333333334 0.8334218916046758 0.13854166666666667 0.031880977683315624
0 0.11927083333333334 0.8334218916046758 0.13854166666666667 0.031880977683315624
5 0.11927083333333334 0.8653028692879915 0.13854166666666667 0.031880977683315624
0 0.11927083333333334 0.8653028692879915 0.13854166666666667 0.031880977683315624
5 0.11927083333333334 0.8971838469713072 0.13854166666666667 0.031880977683315624
0 0.11927083333333334 0.8971838469713072 0.13854166666666667 0.031880977683315624
5 0.11927083333333334 0.9290648246546227 0.13854166666666667 0.031880977683315624
0 0.11927083333333334 0.9290648246546227 0.13854166666666667 0.031880977683315624
5 0.11927083333333334 0.9609458023379384 0.13854166666666667 0.031880977683315624
0 0.11927083333333334 0.9609458023379384 0.13854166666666667 0.031880977683315624
5 0.11927083333333334 0.9884431455897981 0.13854166666666667 0.023113708820403825
0 0.11927083333333334 0.9884431455897981 0.13854166666666667 0.023113708820403825
5 0.11302083333333333 0.7058979808714134 0.15104166666666666 0.031880977683315624
0 0.11302083333333333 0.7058979808714134 0.15104166666666666 0.031880977683315624
5 0.11927083333333334 0.7394726354941552 0.13854166666666667 0.031880977683315624
0 0.11927083333333334 0.7394726354941552 0.13854166666666667 0.031880977683315624
5 0.11927083333333334 0.7713536131774708 0.13854166666666667 0.031880977683315624
0 0.11927083333333334 0.7713536131774708 0.13854166666666667 0.031880977683315624
5 0.11927083333333334 0.8032345908607864 0.13854166666666667 0.031880977683315624
0 0.11927083333333334 0.8032345908607864 0.13854166666666667 0.031880977683315624
5 0.11927083333333334 0.8351155685441021 0.13854166666666667 0.031880977683315624
0 0.11927083333333334 0.8351155685441021 0.13854166666666667 0.031880977683315624
5 0.11927083333333334 0.8669965462274176 0.13854166666666667 0.031880977683315624
0 0.11927083333333334 0.8669965462274176 0.13854166666666667 0.031880977683315624
5 0.11927083333333334 0.8988775239107333 0.13854166666666667 0.031880977683315624
0 0.11927083333333334 0.8988775239107333 0.13854166666666667 0.031880977683315624
5 0.11927083333333334 0.9307585015940489 0.13854166666666667 0.031880977683315624
0 0.11927083333333334 0.9307585015940489 0.13854166666666667 0.031880977683315624
5 0.11927083333333334 0.9626394792773645 0.13854166666666667 0.031880977683315624
0 0.11927083333333334 0.9626394792773645 0.13854166666666667 0.031880977683315624
5 0.11927083333333334 0.9892899840595112 0.13854166666666667 0.021420031880977682
0 0.11927083333333334 0.9892899840595112 0.13854166666666667 0.021420031880977682
5 0.11302083333333333 0.7394726354941552 0.15104166666666666 0.031880977683315624
0 0.11302083333333333 0.7394726354941552 0.15104166666666666 0.031880977683315624
5 0.11927083333333334 0.7730472901168969 0.13854166666666667 0.031880977683315624
0 0.11927083333333334 0.7730472901168969 0.13854166666666667 0.031880977683315624
5 0.11927083333333334 0.8049282678002125 0.13854166666666667 0.031880977683315624
0 0.11927083333333334 0.8049282678002125 0.13854166666666667 0.031880977683315624
5 0.11927083333333334 0.8368092454835282 0.13854166666666667 0.031880977683315624
0 0.11927083333333334 0.8368092454835282 0.13854166666666667 0.031880977683315624
5 0.11927083333333334 0.88144261424017 0.13854166666666667 0.057385759829968117
0 0.11927083333333334 0.88144261424017 0.13854166666666667 0.057385759829968117
5 0.11927083333333334 0.9388283740701382 0.13854166666666667 0.057385759829968117
0 0.11927083333333334 0.9388283740701382 0.13854166666666667 0.057385759829968117
5 0.11927083333333334 0.9837606269925611 0.13854166666666667 0.03247874601487779
0 0.11927083333333334 0.9837606269925611 0.13854166666666667 0.03247874601487779
5 0.11302083333333333 0.7730472901168969 0.15104166666666666 0.031880977683315624
0 0.11302083333333333 0.7730472901168969 0.15104166666666666 0.031880977683315624
5 0.11927083333333334 0.8066219447396387 0.13854166666666667 0.031880977683315624
0 0.11927083333333334 0.8066219447396387 0.13854166666666667 0.031880977683315624
5 0.11927083333333334 0.8385029224229543 0.13854166666666667 0.031880977683315624
0 0.11927083333333334 0.8385029224229543 0.13854166666666667 0.031880977683315624
5 0.11927083333333334 0.87038390010627 0.13854166666666667 0.031880977683315624
0 0.11927083333333334 0.87038390010627 0.13854166666666667 0.031880977683315624
5 0.11927083333333334 0.9022648777895855 0.13854166666666667 0.031880977683315624
0 0.11927083333333334 0.9022648777895855 0.13854166666666667 0.031880977683315624
5 0.11927083333333334 0.9341458554729012 0.13854166666666667 0.031880977683315624
0 0.11927083333333334 0.9341458554729012 0.13854166666666667 0.031880977683315624
5 0.11927083333333334 0.9660268331562167 0.13854166666666667 0.031880977683315624
0 0.11927083333333334 0.9660268331562167 0.13854166666666667 0.031880977683315624
5 0.11927083333333334 0.9909836609989373 0.13854166666666667 0.018032678002125397
0 0.11927083333333334 0.9909836609989373 0.13854166666666667 0.018032678002125397
5 0.11302083333333333 0.8066219447396387 0.15104166666666666 0.031880977683315624
0 0.11302083333333333 0.8066219447396387 0.15104166666666666 0.031880977683315624
5 0.11927083333333334 0.8401965993623804 0.13854166666666667 0.031880977683315624
0 0.11927083333333334 0.8401965993623804 0.13854166666666667 0.031880977683315624
5 0.11927083333333334 0.8720775770456961 0.13854166666666667 0.031880977683315624
0 0.11927083333333334 0.8720775770456961 0.13854166666666667 0.031880977683315624
5 0.11927083333333334 0.9039585547290117 0.13854166666666667 0.031880977683315624
0 0.11927083333333334 0.9039585547290117 0.13854166666666667 0.031880977683315624
5 0.11927083333333334 0.9358395324123273 0.13854166666666667 0.031880977683315624
0 0.11927083333333334 0.9358395324123273 0.13854166666666667 0.031880977683315624
5 0.11302083333333333 0.8401965993623804 0.15104166666666666 0.031880977683315624
0 0.11302083333333333 0.8401965993623804 0.15104166666666666 0.031880977683315624
5 0.11927083333333334 0.8737712539851222 0.13854166666666667 0.031880977683315624
0 0.11927083333333334 0.8737712539851222 0.13854166666666667 0.031880977683315624
5 0.11927083333333334 0.9056522316684378 0.13854166666666667 0.031880977683315624
0 0.11927083333333334 0.9056522316684378 0.13854166666666667 0.031880977683315624
5 0.11927083333333334 0.9375332093517534 0.13854166666666667 0.031880977683315624
0 0.11927083333333334 0.9375332093517534 0.13854166666666667 0.031880977683315624
5 0.11927083333333334 0.9694141870350691 0.13854166666666667 0.031880977683315624
0 0.11927083333333334 0.9694141870350691 0.13854166666666667 0.031880977683315624
5 0.11927083333333334 0.9926773379383634 0.13854166666666667 0.014645324123273113
0 0.11927083333333334 0.9926773379383634 0.13854166666666667 0.014645324123273113
5 0.11302083333333333 0.8737712539851222 0.15104166666666666 0.031880977683315624
0 0.11302083333333333 0.8737712539851222 0.15104166666666666 0.031880977683315624
5 0.11927083333333334 0.907345908607864 0.13854166666666667 0.031880977683315624
0 0.11927083333333334 0.907345908607864 0.13854166666666667 0.031880977683315624
5 0.11927083333333334 0.9392268862911796 0.13854166666666667 0.031880977683315624
0 0.11927083333333334 0.9392268862911796 0.13854166666666667 0.031880977683315624
5 0.11927083333333334 0.9711078639744952 0.13854166666666667 0.031880977683315624
0 0.11927083333333334 0.9711078639744952 0.13854166666666667 0.031880977683315624
5 0.11927083333333334 0.9935241764080766 0.13854166666666667 0.01295164718384697
0 0.11927083333333334 0.9935241764080766 0.13854166666666667 0.01295164718384697
5 0.11302083333333333 0.907345908607864 0.15104166666666666 0.031880977683315624
0 0.11302083333333333 0.907345908607864 0.15104166666666666 0.031880977683315624
5 0.11927083333333334 0.9409205632306057 0.13854166666666667 0.031880977683315624
0 0.11927083333333334 0.9409205632306057 0.13854166666666667 0.031880977683315624
5 0.11927083333333334 0.9784305260361318 0.13854166666666667 0.043138947927736454
0 0.11927083333333334 0.9784305260361318 0.13854166666666667 0.043138947927736454
5 0.11302083333333333 0.9409205632306057 0.15104166666666666 0.031880977683315624
0 0.11302083333333333 0.9409205632306057 0.15104166666666666 0.031880977683315624
5 0.11927083333333334 0.9792773645058448 0.13854166666666667 0.04144527098831031
0 0.11927083333333334 0.9792773645058448 0.13854166666666667 0.04144527098831031
5 0.10677083333333333 0.5125199256110521 0.16354166666666667 0.031880977683315624
0 0.10677083333333333 0.5125199256110521 0.16354166666666667 0.031880977683315624
5 0.11302083333333333 0.5460945802337939 0.15104166666666666 0.031880977683315624
0 0.11302083333333333 0.5460945802337939 0.15104166666666666 0.031880977683315624
5 0.11927083333333334 0.5796692348565357 0.13854166666666667 0.031880977683315624
0 0.11927083333333334 0.5796692348565357 0.13854166666666667 0.031880977683315624
5 0.11927083333333334 0.6115502125398512 0.13854166666666667 0.031880977683315624
0 0.11927083333333334 0.6115502125398512 0.13854166666666667 0.031880977683315624
5 0.11927083333333334 0.6561835812964931 0.13854166666666667 0.057385759829968117
0 0.11927083333333334 0.6561835812964931 0.13854166666666667 0.057385759829968117
5 0.11302083333333333 0.5796692348565357 0.15104166666666666 0.031880977683315624
0 0.11302083333333333 0.5796692348565357 0.15104166666666666 0.031880977683315624
5 0.11927083333333334 0.6132438894792773 0.13854166666666667 0.031880977683315624
0 0.11927083333333334 0.6132438894792773 0.13854166666666667 0.031880977683315624
5 0.12552083333333333 0.6468185441020191 0.12604166666666666 0.031880977683315624
0 0.12552083333333333 0.6468185441020191 0.12604166666666666 0.031880977683315624
5 0.12552083333333333 0.6786995217853348 0.12604166666666666 0.031880977683315624
0 0.12552083333333333 0.6786995217853348 0.12604166666666666 0.031880977683315624
5 0.12552083333333333 0.7105804994686503 0.12604166666666666 0.031880977683315624
0 0.12552083333333333 0.7105804994686503 0.12604166666666666 0.031880977683315624
5 0.12552083333333333 0.742461477151966 0.12604166666666666 0.031880977683315624
0 0.12552083333333333 0.742461477151966 0.12604166666666666 0.031880977683315624
5 0.12552083333333333 0.7743424548352816 0.12604166666666666 0.031880977683315624
0 0.12552083333333333 0.7743424548352816 0.12604166666666666 0.031880977683315624
5 0.12552083333333333 0.8062234325185972 0.12604166666666666 0.031880977683315624
0 0.12552083333333333 0.8062234325185972 0.12604166666666666 0.031880977683315624
5 0.12552083333333333 0.8508568012752391 0.12604166666666666 0.057385759829968117
0 0.12552083333333333 0.8508568012752391 0.12604166666666666 0.057385759829968117
5 0.12552083333333333 0.895490170031881 0.12604166666666666 0.031880977683315624
0 0.12552083333333333 0.895490170031881 0.12604166666666666 0.031880977683315624
5 0.12552083333333333 0.9401235387885228 0.12604166666666666 0.057385759829968117
0 0.12552083333333333 0.9401235387885228 0.12604166666666666 0.057385759829968117
5 0.11927083333333334 0.6468185441020191 0.13854166666666667 0.031880977683315624
0 0.11927083333333334 0.6468185441020191 0.13854166666666667 0.031880977683315624
5 0.12552083333333333 0.7058979808714134 0.12604166666666666 0.08289054197662062
0 0.12552083333333333 0.7058979808714134 0.12604166666666666 0.08289054197662062
5 0.12552083333333333 0.7760361317747078 0.12604166666666666 0.057385759829968117
0 0.12552083333333333 0.7760361317747078 0.12604166666666666 0.057385759829968117
5 0.12552083333333333 0.8334218916046758 0.12604166666666666 0.057385759829968117
0 0.12552083333333333 0.8334218916046758 0.12604166666666666 0.057385759829968117
5 0.12552083333333333 0.890807651434644 0.12604166666666666 0.057385759829968117
0 0.12552083333333333 0.890807651434644 0.12604166666666666 0.057385759829968117
5 0.12552083333333333 0.9481934112646121 0.12604166666666666 0.057385759829968117
0 0.12552083333333333 0.9481934112646121 0.12604166666666666 0.057385759829968117
5 0.12552083333333333 0.9884431455897981 0.12604166666666666 0.023113708820403825
0 0.12552083333333333 0.9884431455897981 0.12604166666666666 0.023113708820403825
5 0.11927083333333334 0.6803931987247609 0.13854166666666667 0.031880977683315624
0 0.11927083333333334 0.6803931987247609 0.13854166666666667 0.031880977683315624
5 0.11927083333333334 0.7250265674814028 0.13854166666666667 0.057385759829968117
0 0.11927083333333334 0.7250265674814028 0.13854166666666667 0.057385759829968117
5 0.12552083333333333 0.7968583953241233 0.12604166666666666 0.08289054197662062
0 0.12552083333333333 0.7968583953241233 0.12604166666666666 0.08289054197662062
5 0.12552083333333333 0.8669965462274176 0.12604166666666666 0.057385759829968117
0 0.12552083333333333 0.8669965462274176 0.12604166666666666 0.057385759829968117
5 0.12552083333333333 0.937134697130712 0.12604166666666666 0.08289054197662062
0 0.12552083333333333 0.937134697130712 0.12604166666666666 0.08289054197662062
5 0.12552083333333333 0.9892899840595112 0.12604166666666666 0.021420031880977682
0 0.12552083333333333 0.9892899840595112 0.12604166666666666 0.021420031880977682
5 0.11927083333333334 0.7713536131774708 0.13854166666666667 0.031880977683315624
0 0.11927083333333334 0.7713536131774708 0.13854166666666667 0.031880977683315624
5 0.12552083333333333 0.8049282678002125 0.12604166666666666 0.031880977683315624
0 0.12552083333333333 0.8049282678002125 0.12604166666666666 0.031880977683315624
5 0.12552083333333333 0.8368092454835282 0.12604166666666666 0.031880977683315624
0 0.12552083333333333 0.8368092454835282 0.12604166666666666 0.031880977683315624
5 0.12552083333333333 0.8686902231668437 0.12604166666666666 0.031880977683315624
0 0.12552083333333333 0.8686902231668437 0.12604166666666666 0.031880977683315624
5 0.12552083333333333 0.9133235919234857 0.12604166666666666 0.057385759829968117
0 0.12552083333333333 0.9133235919234857 0.12604166666666666 0.057385759829968117
5 0.12552083333333333 0.9579569606801275 0.12604166666666666 0.031880977683315624
0 0.12552083333333333 0.9579569606801275 0.12604166666666666 0.031880977683315624
5 0.12552083333333333 0.9869487247608927 0.12604166666666666 0.026102550478214664
0 0.12552083333333333 0.9869487247608927 0.12604166666666666 0.026102550478214664
5 0.11927083333333334 0.8176806588735388 0.13854166666666667 0.057385759829968117
0 0.11927083333333334 0.8176806588735388 0.13854166666666667 0.057385759829968117
5 0.11927083333333334 0.8750664187035069 0.13854166666666667 0.057385759829968117
0 0.11927083333333334 0.8750664187035069 0.13854166666666667 0.057385759829968117
5 0.11927083333333334 0.9324521785334751 0.13854166666666667 0.057385759829968117
0 0.11927083333333334 0.9324521785334751 0.13854166666666667 0.057385759829968117
5 0.11927083333333334 0.9805725292242295 0.13854166666666667 0.038854941551540914
0 0.11927083333333334 0.9805725292242295 0.13854166666666667 0.038854941551540914
5 0.11302083333333333 0.6132438894792773 0.15104166666666666 0.031880977683315624
0 0.11302083333333333 0.6132438894792773 0.15104166666666666 0.031880977683315624
5 0.11927083333333334 0.6595709351753454 0.13854166666666667 0.057385759829968117
0 0.11927083333333334 0.6595709351753454 0.13854166666666667 0.057385759829968117
5 0.11927083333333334 0.7169566950053134 0.13854166666666667 0.057385759829968117
0 0.11927083333333334 0.7169566950053134 0.13854166666666667 0.057385759829968117
5 0.11927083333333334 0.7743424548352816 0.13854166666666667 0.057385759829968117
0 0.11927083333333334 0.7743424548352816 0.13854166666666667 0.057385759829968117
5 0.11927083333333334 0.8317282146652497 0.13854166666666667 0.057385759829968117
0 0.11927083333333334 0.8317282146652497 0.13854166666666667 0.057385759829968117
5 0.11927083333333334 0.8891139744952179 0.13854166666666667 0.057385759829968117
0 0.11927083333333334 0.8891139744952179 0.13854166666666667 0.057385759829968117
5 0.11927083333333334 0.9337473432518597 0.13854166666666667 0.031880977683315624
0 0.11927083333333334 0.9337473432518597 0.13854166666666667 0.031880977683315624
5 0.11927083333333334 0.9656283209351754 0.13854166666666667 0.031880977683315624
0 0.11927083333333334 0.9656283209351754 0.13854166666666667 0.031880977683315624
5 0.11927083333333334 0.9907844048884166 0.13854166666666667 0.018431190223166843
0 0.11927083333333334 0.9907844048884166 0.13854166666666667 0.018431190223166843
5 0.11302083333333333 0.6468185441020191 0.15104166666666666 0.031880977683315624
0 0.11302083333333333 0.6468185441020191 0.15104166666666666 0.031880977683315624
5 0.11927083333333334 0.6803931987247609 0.13854166666666667 0.031880977683315624
0 0.11927083333333334 0.6803931987247609 0.13854166666666667 0.031880977683315624
5 0.12552083333333333 0.7139678533475027 0.12604166666666666 0.031880977683315624
0 0.12552083333333333 0.7139678533475027 0.12604166666666666 0.031880977683315624
5 0.12552083333333333 0.7458488310308182 0.12604166666666666 0.031880977683315624
0 0.12552083333333333 0.7458488310308182 0.12604166666666666 0.031880977683315624
5 0.12552083333333333 0.7777298087141339 0.12604166666666666 0.031880977683315624
0 0.12552083333333333 0.7777298087141339 0.12604166666666666 0.031880977683315624
5 0.12552083333333333 0.8223631774707758 0.12604166666666666 0.057385759829968117
0 0.12552083333333333 0.8223631774707758 0.12604166666666666 0.057385759829968117
5 0.12552083333333333 0.8669965462274176 0.12604166666666666 0.031880977683315624
0 0.12552083333333333 0.8669965462274176 0.12604166666666666 0.031880977683315624
5 0.12552083333333333 0.8988775239107333 0.12604166666666666 0.031880977683315624
0 0.12552083333333333 0.8988775239107333 0.12604166666666666 0.031880977683315624
5 0.12552083333333333 0.9435108926673751 0.12604166666666666 0.057385759829968117
0 0.12552083333333333 0.9435108926673751 0.12604166666666666 0.057385759829968117
5 0.11927083333333334 0.7139678533475027 0.13854166666666667 0.031880977683315624
0 0.11927083333333334 0.7139678533475027 0.13854166666666667 0.031880977683315624
5 0.12552083333333333 0.7475425079702445 0.12604166666666666 0.031880977683315624
0 0.12552083333333333 0.7475425079702445 0.12604166666666666 0.031880977683315624
5 0.12552083333333333 0.77942348565356 0.12604166666666666 0.031880977683315624
0 0.12552083333333333 0.77942348565356 0.12604166666666666 0.031880977683315624
5 0.12552083333333333 0.8113044633368757 0.12604166666666666 0.031880977683315624
0 0.12552083333333333 0.8113044633368757 0.12604166666666666 0.031880977683315624
5 0.12552083333333333 0.8431854410201913 0.12604166666666666 0.031880977683315624
0 0.12552083333333333 0.8431854410201913 0.12604166666666666 0.031880977683315624
5 0.12552083333333333 0.8878188097768331 0.12604166666666666 0.057385759829968117
0 0.12552083333333333 0.8878188097768331 0.12604166666666666 0.057385759829968117
5 0.12552083333333333 0.9324521785334751 0.12604166666666666 0.031880977683315624
0 0.12552083333333333 0.9324521785334751 0.12604166666666666 0.031880977683315624
5 0.12552083333333333 0.9741963336875664 0.12604166666666666 0.051607332624867164
0 0.12552083333333333 0.9741963336875664 0.12604166666666666 0.051607332624867164
5 0.11302083333333333 0.6803931987247609 0.15104166666666666 0.031880977683315624
0 0.11302083333333333 0.6803931987247609 0.15104166666666666 0.031880977683315624
5 0.11927083333333334 0.7394726354941552 0.13854166666666667 0.08289054197662062
0 0.11927083333333334 0.7394726354941552 0.13854166666666667 0.08289054197662062
5 0.11927083333333334 0.8096107863974495 0.13854166666666667 0.057385759829968117
0 0.11927083333333334 0.8096107863974495 0.13854166666666667 0.057385759829968117
5 0.11927083333333334 0.8669965462274176 0.13854166666666667 0.057385759829968117
0 0.11927083333333334 0.8669965462274176 0.13854166666666667 0.057385759829968117
5 0.11927083333333334 0.937134697130712 0.13854166666666667 0.08289054197662062
0 0.11927083333333334 0.937134697130712 0.13854166666666667 0.08289054197662062
5 0.11927083333333334 0.9892899840595112 0.13854166666666667 0.021420031880977682
0 0.11927083333333334 0.9892899840595112 0.13854166666666667 0.021420031880977682
5 0.11302083333333333 0.7139678533475027 0.15104166666666666 0.031880977683315624
0 0.11302083333333333 0.7139678533475027 0.15104166666666666 0.031880977683315624
5 0.11927083333333334 0.7475425079702445 0.13854166666666667 0.031880977683315624
0 0.11927083333333334 0.7475425079702445 0.13854166666666667 0.031880977683315624
5 0.11927083333333334 0.7921758767268863 0.13854166666666667 0.057385759829968117
0 0.11927083333333334 0.7921758767268863 0.13854166666666667 0.057385759829968117
5 0.11927083333333334 0.8368092454835282 0.13854166666666667 0.031880977683315624
0 0.11927083333333334 0.8368092454835282 0.13854166666666667 0.031880977683315624
5 0.11302083333333333 0.7475425079702445 0.15104166666666666 0.031880977683315624
0 0.11302083333333333 0.7475425079702445 0.15104166666666666 0.031880977683315624
5 0.11927083333333334 0.7938695536663124 0.13854166666666667 0.057385759829968117
0 0.11927083333333334 0.7938695536663124 0.13854166666666667 0.057385759829968117
5 0.11927083333333334 0.8512553134962806 0.13854166666666667 0.057385759829968117
0 0.11927083333333334 0.8512553134962806 0.13854166666666667 0.057385759829968117
5 0.11927083333333334 0.9086410733262487 0.13854166666666667 0.057385759829968117
0 0.11927083333333334 0.9086410733262487 0.13854166666666667 0.057385759829968117
5 0.11927083333333334 0.9686669766206164 0.13854166666666667 0.06266604675876727
0 0.11927083333333334 0.9686669766206164 0.13854166666666667 0.06266604675876727
5 0.11302083333333333 0.7811171625929861 0.15104166666666666 0.031880977683315624
0 0.11302083333333333 0.7811171625929861 0.15104166666666666 0.031880977683315624
5 0.11927083333333334 0.8274442082890542 0.13854166666666667 0.057385759829968117
0 0.11927083333333334 0.8274442082890542 0.13854166666666667 0.057385759829968117
5 0.11927083333333334 0.8848299681190224 0.13854166666666667 0.057385759829968117
0 0.11927083333333334 0.8848299681190224 0.13854166666666667 0.057385759829968117
5 0.11927083333333334 0.9294633368756642 0.13854166666666667 0.031880977683315624
0 0.11927083333333334 0.9294633368756642 0.13854166666666667 0.031880977683315624
5 0.11927083333333334 0.9613443145589798 0.13854166666666667 0.031880977683315624
0 0.11927083333333334 0.9613443145589798 0.13854166666666667 0.031880977683315624
5 0.11927083333333334 0.9886424017003188 0.13854166666666667 0.02271519659936238
0 0.11927083333333334 0.9886424017003188 0.13854166666666667 0.02271519659936238
5 0.11302083333333333 0.8146918172157279 0.15104166666666666 0.031880977683315624
0 0.11302083333333333 0.8146918172157279 0.15104166666666666 0.031880977683315624
5 0.11927083333333334 0.861018862911796 0.13854166666666667 0.057385759829968117
0 0.11927083333333334 0.861018862911796 0.13854166666666667 0.057385759829968117
5 0.11927083333333334 0.918404622741764 0.13854166666666667 0.057385759829968117
0 0.11927083333333334 0.918404622741764 0.13854166666666667 0.057385759829968117
5 0.11927083333333334 0.973548751328374 0.13854166666666667 0.05290249734325186
0 0.11927083333333334 0.973548751328374 0.13854166666666667 0.05290249734325186
5 0.11302083333333333 0.8482664718384697 0.15104166666666666 0.031880977683315624
0 0.11302083333333333 0.8482664718384697 0.15104166666666666 0.031880977683315624
5 0.11927083333333334 0.8945935175345378 0.13854166666666667 0.057385759829968117
0 0.11927083333333334 0.8945935175345378 0.13854166666666667 0.057385759829968117
5 0.11927083333333334 0.9392268862911796 0.13854166666666667 0.031880977683315624
0 0.11927083333333334 0.9392268862911796 0.13854166666666667 0.031880977683315624
5 0.11927083333333334 0.9711078639744952 0.13854166666666667 0.031880977683315624
0 0.11927083333333334 0.9711078639744952 0.13854166666666667 0.031880977683315624
5 0.11927083333333334 0.9935241764080766 0.13854166666666667 0.01295164718384697
0 0.11927083333333334 0.9935241764080766 0.13854166666666667 0.01295164718384697
5 0.11302083333333333 0.8818411264612115 0.15104166666666666 0.031880977683315624
0 0.11302083333333333 0.8818411264612115 0.15104166666666666 0.031880977683315624
5 0.11927083333333334 0.9154157810839533 0.13854166666666667 0.031880977683315624
0 0.11927083333333334 0.9154157810839533 0.13854166666666667 0.031880977683315624
5 0.11927083333333334 0.9472967587672688 0.13854166666666667 0.031880977683315624
0 0.11927083333333334 0.9472967587672688 0.13854166666666667 0.031880977683315624
5 0.12552083333333333 0.9824654622741764 0.12604166666666666 0.03506907545164718
0 0.12552083333333333 0.9824654622741764 0.12604166666666666 0.03506907545164718
5 0.11927083333333334 0.9808714133900106 0.13854166666666667 0.031880977683315624
0 0.11927083333333334 0.9808714133900106 0.13854166666666667 0.031880977683315624
5 0.11927083333333334 0.9984059511158342 0.13854166666666667 0.003188097768331562
0 0.11927083333333334 0.9984059511158342 0.13854166666666667 0.003188097768331562
5 0.11302083333333333 0.9154157810839533 0.15104166666666666 0.031880977683315624
0 0.11302083333333333 0.9154157810839533 0.15104166666666666 0.031880977683315624
5 0.11927083333333334 0.9617428267800212 0.13854166666666667 0.057385759829968117
0 0.11927083333333334 0.9617428267800212 0.13854166666666667 0.057385759829968117
5 0.11927083333333334 0.9952178533475027 0.13854166666666667 0.009564293304994687
0 0.11927083333333334 0.9952178533475027 0.13854166666666667 0.009564293304994687
5 0.11302083333333333 0.9489904357066951 0.15104166666666666 0.031880977683315624
0 0.11302083333333333 0.9489904357066951 0.15104166666666666 0.031880977683315624
5 0.11927083333333334 0.9833123007438895 0.13854166666666667 0.033375398512221044
0 0.11927083333333334 0.9833123007438895 0.13854166666666667 0.033375398512221044
5 0.11302083333333333 0.9825650903294367 0.15104166666666666 0.031880977683315624
0 0.11302083333333333 0.9825650903294367 0.15104166666666666 0.031880977683315624
5 0.10677083333333333 0.5460945802337939 0.16354166666666667 0.031880977683315624
0 0.10677083333333333 0.5460945802337939 0.16354166666666667 0.031880977683315624
5 0.11302083333333333 0.5796692348565357 0.15104166666666666 0.031880977683315624
0 0.11302083333333333 0.5796692348565357 0.15104166666666666 0.031880977683315624
5 0.11302083333333333 0.6115502125398512 0.15104166666666666 0.031880977683315624
0 0.11302083333333333 0.6115502125398512 0.15104166666666666 0.031880977683315624
5 0.11927083333333334 0.645124867162593 0.13854166666666667 0.031880977683315624
0 0.11927083333333334 0.645124867162593 0.13854166666666667 0.031880977683315624
5 0.12552083333333333 0.691451912858661 0.12604166666666666 0.057385759829968117
0 0.12552083333333333 0.691451912858661 0.12604166666666666 0.057385759829968117
5 0.11927083333333334 0.6786995217853348 0.13854166666666667 0.031880977683315624
0 0.11927083333333334 0.6786995217853348 0.13854166666666667 0.031880977683315624
5 0.12552083333333333 0.7250265674814028 0.12604166666666666 0.057385759829968117
0 0.12552083333333333 0.7250265674814028 0.12604166666666666 0.057385759829968117
5 0.11927083333333334 0.7122741764080766 0.13854166666666667 0.031880977683315624
0 0.11927083333333334 0.7122741764080766 0.13854166666666667 0.031880977683315624
5 0.12552083333333333 0.7458488310308182 0.12604166666666666 0.031880977683315624
0 0.12552083333333333 0.7458488310308182 0.12604166666666666 0.031880977683315624
5 0.11927083333333334 0.7458488310308182 0.13854166666666667 0.031880977683315624
0 0.11927083333333334 0.7458488310308182 0.13854166666666667 0.031880977683315624
5 0.12552083333333333 0.7921758767268863 0.12604166666666666 0.057385759829968117
0 0.12552083333333333 0.7921758767268863 0.12604166666666666 0.057385759829968117
5 0.11927083333333334 0.77942348565356 0.13854166666666667 0.031880977683315624
0 0.11927083333333334 0.77942348565356 0.13854166666666667 0.031880977683315624
5 0.12552083333333333 0.8257505313496281 0.12604166666666666 0.057385759829968117
0 0.12552083333333333 0.8257505313496281 0.12604166666666666 0.057385759829968117
5 0.11927083333333334 0.8129981402763018 0.13854166666666667 0.031880977683315624
0 0.11927083333333334 0.8129981402763018 0.13854166666666667 0.031880977683315624
5 0.12552083333333333 0.8465727948990436 0.12604166666666666 0.031880977683315624
0 0.12552083333333333 0.8465727948990436 0.12604166666666666 0.031880977683315624
5 0.11302083333333333 0.645124867162593 0.15104166666666666 0.031880977683315624
0 0.11302083333333333 0.645124867162593 0.15104166666666666 0.031880977683315624
5 0.11927083333333334 0.691451912858661 0.13854166666666667 0.057385759829968117
0 0.11927083333333334 0.691451912858661 0.13854166666666667 0.057385759829968117
5 0.12552083333333333 0.7632837407013815 0.12604166666666666 0.08289054197662062
0 0.12552083333333333 0.7632837407013815 0.12604166666666666 0.08289054197662062
5 0.11927083333333334 0.7505313496280552 0.13854166666666667 0.057385759829968117
0 0.11927083333333334 0.7505313496280552 0.13854166666666667 0.057385759829968117
5 0.11927083333333334 0.7951647183846972 0.13854166666666667 0.031880977683315624
0 0.11927083333333334 0.7951647183846972 0.13854166666666667 0.031880977683315624
5 0.11927083333333334 0.8270456960680127 0.13854166666666667 0.031880977683315624
0 0.11927083333333334 0.8270456960680127 0.13854166666666667 0.031880977683315624
5 0.11302083333333333 0.6786995217853348 0.15104166666666666 0.031880977683315624
0 0.11302083333333333 0.6786995217853348 0.15104166666666666 0.031880977683315624
5 0.11927083333333334 0.7250265674814028 0.13854166666666667 0.057385759829968117
0 0.11927083333333334 0.7250265674814028 0.13854166666666667 0.057385759829968117
5 0.11927083333333334 0.7824123273113709 0.13854166666666667 0.057385759829968117
0 0.11927083333333334 0.7824123273113709 0.13854166666666667 0.057385759829968117
5 0.11927083333333334 0.839798087141339 0.13854166666666667 0.057385759829968117
0 0.11927083333333334 0.839798087141339 0.13854166666666667 0.057385759829968117
5 0.11927083333333334 0.8971838469713072 0.13854166666666667 0.057385759829968117
0 0.11927083333333334 0.8971838469713072 0.13854166666666667 0.057385759829968117
5 0.11302083333333333 0.7122741764080766 0.15104166666666666 0.031880977683315624
0 0.11302083333333333 0.7122741764080766 0.15104166666666666 0.031880977683315624
5 0.11927083333333334 0.7586012221041445 0.13854166666666667 0.057385759829968117
0 0.11927083333333334 0.7586012221041445 0.13854166666666667 0.057385759829968117
5 0.11927083333333334 0.8159869819341127 0.13854166666666667 0.057385759829968117
0 0.11927083333333334 0.8159869819341127 0.13854166666666667 0.057385759829968117
5 0.11302083333333333 0.7458488310308182 0.15104166666666666 0.031880977683315624
0 0.11302083333333333 0.7458488310308182 0.15104166666666666 0.031880977683315624
5 0.11927083333333334 0.77942348565356 0.13854166666666667 0.031880977683315624
0 0.11927083333333334 0.77942348565356 0.13854166666666667 0.031880977683315624
5 0.11927083333333334 0.8240568544102019 0.13854166666666667 0.057385759829968117
0 0.11927083333333334 0.8240568544102019 0.13854166666666667 0.057385759829968117
5 0.11927083333333334 0.88144261424017 0.13854166666666667 0.057385759829968117
0 0.11927083333333334 0.88144261424017 0.13854166666666667 0.057385759829968117
5 0.11927083333333334 0.9388283740701382 0.13854166666666667 0.057385759829968117
0 0.11927083333333334 0.9388283740701382 0.13854166666666667 0.057385759829968117
5 0.11302083333333333 0.77942348565356 0.15104166666666666 0.031880977683315624
0 0.11302083333333333 0.77942348565356 0.15104166666666666 0.031880977683315624
5 0.11927083333333334 0.8257505313496281 0.13854166666666667 0.057385759829968117
0 0.11927083333333334 0.8257505313496281 0.13854166666666667 0.057385759829968117
5 0.11302083333333333 0.8129981402763018 0.15104166666666666 0.031880977683315624
0 0.11302083333333333 0.8129981402763018 0.15104166666666666 0.031880977683315624
5 0.11927083333333334 0.8593251859723698 0.13854166666666667 0.057385759829968117
0 0.11927083333333334 0.8593251859723698 0.13854166666666667 0.057385759829968117
5 0.11927083333333334 0.9039585547290117 0.13854166666666667 0.031880977683315624
0 0.11927083333333334 0.9039585547290117 0.13854166666666667 0.031880977683315624
5 0.11927083333333334 0.9485919234856536 0.13854166666666667 0.057385759829968117
0 0.11927083333333334 0.9485919234856536 0.13854166666666667 0.057385759829968117
5 0.10677083333333333 0.5796692348565357 0.16354166666666667 0.031880977683315624
0 0.10677083333333333 0.5796692348565357 0.16354166666666667 0.031880977683315624
5 0.11302083333333333 0.6132438894792773 0.15104166666666666 0.031880977683315624
0 0.11302083333333333 0.6132438894792773 0.15104166666666666 0.031880977683315624
5 0.11302083333333333 0.645124867162593 0.15104166666666666 0.031880977683315624
0 0.11302083333333333 0.645124867162593 0.15104166666666666 0.031880977683315624
5 0.11927083333333334 0.6786995217853348 0.13854166666666667 0.031880977683315624
0 0.11927083333333334 0.6786995217853348 0.13854166666666667 0.031880977683315624
5 0.11927083333333334 0.7105804994686503 0.13854166666666667 0.031880977683315624
0 0.11927083333333334 0.7105804994686503 0.13854166666666667 0.031880977683315624
5 0.11927083333333334 0.742461477151966 0.13854166666666667 0.031880977683315624
0 0.11927083333333334 0.742461477151966 0.13854166666666667 0.031880977683315624
5 0.11927083333333334 0.7870948459086079 0.13854166666666667 0.057385759829968117
0 0.11927083333333334 0.7870948459086079 0.13854166666666667 0.057385759829968117
5 0.11927083333333334 0.8317282146652497 0.13854166666666667 0.031880977683315624
0 0.11927083333333334 0.8317282146652497 0.13854166666666667 0.031880977683315624
5 0.11927083333333334 0.8636091923485654 0.13854166666666667 0.031880977683315624
0 0.11927083333333334 0.8636091923485654 0.13854166666666667 0.031880977683315624
5 0.11927083333333334 0.895490170031881 0.13854166666666667 0.031880977683315624
0 0.11927083333333334 0.895490170031881 0.13854166666666667 0.031880977683315624
5 0.11302083333333333 0.6786995217853348 0.15104166666666666 0.031880977683315624
0 0.11302083333333333 0.6786995217853348 0.15104166666666666 0.031880977683315624
5 0.11927083333333334 0.7122741764080766 0.13854166666666667 0.031880977683315624
0 0.11927083333333334 0.7122741764080766 0.13854166666666667 0.031880977683315624
5 0.11927083333333334 0.7569075451647184 0.13854166666666667 0.057385759829968117
0 0.11927083333333334 0.7569075451647184 0.13854166666666667 0.057385759829968117
5 0.11927083333333334 0.8015409139213603 0.13854166666666667 0.031880977683315624
0 0.11927083333333334 0.8015409139213603 0.13854166666666667 0.031880977683315624
5 0.11927083333333334 0.8334218916046758 0.13854166666666667 0.031880977683315624
0 0.11927083333333334 0.8334218916046758 0.13854166666666667 0.031880977683315624
5 0.11927083333333334 0.8653028692879915 0.13854166666666667 0.031880977683315624
0 0.11927083333333334 0.8653028692879915 0.13854166666666667 0.031880977683315624
5 0.11927083333333334 0.8971838469713072 0.13854166666666667 0.031880977683315624
0 0.11927083333333334 0.8971838469713072 0.13854166666666667 0.031880977683315624
5 0.11927083333333334 0.9290648246546227 0.13854166666666667 0.031880977683315624
0 0.11927083333333334 0.9290648246546227 0.13854166666666667 0.031880977683315624
5 0.11927083333333334 0.9609458023379384 0.13854166666666667 0.031880977683315624
0 0.11927083333333334 0.9609458023379384 0.13854166666666667 0.031880977683315624
5 0.11927083333333334 0.9884431455897981 0.13854166666666667 0.023113708820403825
0 0.11927083333333334 0.9884431455897981 0.13854166666666667 0.023113708820403825
5 0.11302083333333333 0.7250265674814028 0.15104166666666666 0.057385759829968117
0 0.11302083333333333 0.7250265674814028 0.15104166666666666 0.057385759829968117
5 0.11927083333333334 0.7713536131774708 0.13854166666666667 0.031880977683315624
0 0.11927083333333334 0.7713536131774708 0.13854166666666667 0.031880977683315624
5 0.11302083333333333 0.7713536131774708 0.15104166666666666 0.031880977683315624
0 0.11302083333333333 0.7713536131774708 0.15104166666666666 0.031880977683315624
5 0.11927083333333334 0.8049282678002125 0.13854166666666667 0.031880977683315624
0 0.11927083333333334 0.8049282678002125 0.13854166666666667 0.031880977683315624
5 0.12552083333333333 0.8385029224229543 0.12604166666666666 0.031880977683315624
0 0.12552083333333333 0.8385029224229543 0.12604166666666666 0.031880977683315624
5 0.12552083333333333 0.87038390010627 0.12604166666666666 0.031880977683315624
0 0.12552083333333333 0.87038390010627 0.12604166666666666 0.031880977683315624
5 0.12552083333333333 0.9022648777895855 0.12604166666666666 0.031880977683315624
0 0.12552083333333333 0.9022648777895855 0.12604166666666666 0.031880977683315624
5 0.12552083333333333 0.9341458554729012 0.12604166666666666 0.031880977683315624
0 0.12552083333333333 0.9341458554729012 0.12604166666666666 0.031880977683315624
5 0.12552083333333333 0.9660268331562167 0.12604166666666666 0.031880977683315624
0 0.12552083333333333 0.9660268331562167 0.12604166666666666 0.031880977683315624
5 0.12552083333333333 0.9909836609989373 0.12604166666666666 0.018032678002125397
0 0.12552083333333333 0.9909836609989373 0.12604166666666666 0.018032678002125397
5 0.11927083333333334 0.8385029224229543 0.13854166666666667 0.031880977683315624
0 0.11927083333333334 0.8385029224229543 0.13854166666666667 0.031880977683315624
5 0.12552083333333333 0.8720775770456961 0.12604166666666666 0.031880977683315624
0 0.12552083333333333 0.8720775770456961 0.12604166666666666 0.031880977683315624
5 0.12552083333333333 0.9039585547290117 0.12604166666666666 0.031880977683315624
0 0.12552083333333333 0.9039585547290117 0.12604166666666666 0.031880977683315624
5 0.12552083333333333 0.9358395324123273 0.12604166666666666 0.031880977683315624
0 0.12552083333333333 0.9358395324123273 0.12604166666666666 0.031880977683315624
5 0.12552083333333333 0.967720510095643 0.12604166666666666 0.031880977683315624
0 0.12552083333333333 0.967720510095643 0.12604166666666666 0.031880977683315624
5 0.12552083333333333 0.9918304994686503 0.12604166666666666 0.016339001062699258
0 0.12552083333333333 0.9918304994686503 0.12604166666666666 0.016339001062699258
5 0.11927083333333334 0.8720775770456961 0.13854166666666667 0.031880977683315624
0 0.11927083333333334 0.8720775770456961 0.13854166666666667 0.031880977683315624
5 0.12552083333333333 0.9056522316684378 0.12604166666666666 0.031880977683315624
0 0.12552083333333333 0.9056522316684378 0.12604166666666666 0.031880977683315624
5 0.12552083333333333 0.9375332093517534 0.12604166666666666 0.031880977683315624
0 0.12552083333333333 0.9375332093517534 0.12604166666666666 0.031880977683315624
5 0.12552083333333333 0.9694141870350691 0.12604166666666666 0.031880977683315624
0 0.12552083333333333 0.9694141870350691 0.12604166666666666 0.031880977683315624
5 0.12552083333333333 0.9926773379383634 0.12604166666666666 0.014645324123273113
0 0.12552083333333333 0.9926773379383634 0.12604166666666666 0.014645324123273113
5 0.11927083333333334 0.9056522316684378 0.13854166666666667 0.031880977683315624
0 0.11927083333333334 0.9056522316684378 0.13854166666666667 0.031880977683315624
5 0.12552083333333333 0.9392268862911796 0.12604166666666666 0.031880977683315624
0 0.12552083333333333 0.9392268862911796 0.12604166666666666 0.031880977683315624
5 0.12552083333333333 0.9711078639744952 0.12604166666666666 0.031880977683315624
0 0.12552083333333333 0.9711078639744952 0.12604166666666666 0.031880977683315624
5 0.12552083333333333 0.9935241764080766 0.12604166666666666 0.01295164718384697
0 0.12552083333333333 0.9935241764080766 0.12604166666666666 0.01295164718384697
5 0.11927083333333334 0.9392268862911796 0.13854166666666667 0.031880977683315624
0 0.11927083333333334 0.9392268862911796 0.13854166666666667 0.031880977683315624
5 0.12552083333333333 0.9728015409139213 0.12604166666666666 0.031880977683315624
0 0.12552083333333333 0.9728015409139213 0.12604166666666666 0.031880977683315624
5 0.12552083333333333 0.9943710148777896 0.12604166666666666 0.011257970244420828
0 0.12552083333333333 0.9943710148777896 0.12604166666666666 0.011257970244420828
5 0.11927083333333334 0.9728015409139213 0.13854166666666667 0.031880977683315624
0 0.11927083333333334 0.9728015409139213 0.13854166666666667 0.031880977683315624
5 0.12552083333333333 0.9952178533475027 0.12604166666666666 0.009564293304994687
0 0.12552083333333333 0.9952178533475027 0.12604166666666666 0.009564293304994687
5 0.11927083333333334 0.9952178533475027 0.13854166666666667 0.009564293304994687
0 0.11927083333333334 0.9952178533475027 0.13854166666666667 0.009564293304994687
5 0.11302083333333333 0.8049282678002125 0.15104166666666666 0.031880977683315624
0 0.11302083333333333 0.8049282678002125 0.15104166666666666 0.031880977683315624
5 0.11927083333333334 0.8385029224229543 0.13854166666666667 0.031880977683315624
0 0.11927083333333334 0.8385029224229543 0.13854166666666667 0.031880977683315624
5 0.11927083333333334 0.87038390010627 0.13854166666666667 0.031880977683315624
0 0.11927083333333334 0.87038390010627 0.13854166666666667 0.031880977683315624
5 0.11927083333333334 0.9022648777895855 0.13854166666666667 0.031880977683315624
0 0.11927083333333334 0.9022648777895855 0.13854166666666667 0.031880977683315624
5 0.11927083333333334 0.9341458554729012 0.13854166666666667 0.031880977683315624
0 0.11927083333333334 0.9341458554729012 0.13854166666666667 0.031880977683315624
5 0.11302083333333333 0.8385029224229543 0.15104166666666666 0.031880977683315624
0 0.11302083333333333 0.8385029224229543 0.15104166666666666 0.031880977683315624
5 0.11927083333333334 0.8720775770456961 0.13854166666666667 0.031880977683315624
0 0.11927083333333334 0.8720775770456961 0.13854166666666667 0.031880977683315624
5 0.11927083333333334 0.9167109458023379 0.13854166666666667 0.057385759829968117
0 0.11927083333333334 0.9167109458023379 0.13854166666666667 0.057385759829968117
5 0.11927083333333334 0.9613443145589798 0.13854166666666667 0.031880977683315624
0 0.11927083333333334 0.9613443145589798 0.13854166666666667 0.031880977683315624
5 0.11302083333333333 0.8720775770456961 0.15104166666666666 0.031880977683315624
0 0.11302083333333333 0.8720775770456961 0.15104166666666666 0.031880977683315624
5 0.11927083333333334 0.9056522316684378 0.13854166666666667 0.031880977683315624
0 0.11927083333333334 0.9056522316684378 0.13854166666666667 0.031880977683315624
5 0.11927083333333334 0.9375332093517534 0.13854166666666667 0.031880977683315624
0 0.11927083333333334 0.9375332093517534 0.13854166666666667 0.031880977683315624
5 0.11927083333333334 0.9767368490967057 0.13854166666666667 0.04652630180658873
0 0.11927083333333334 0.9767368490967057 0.13854166666666667 0.04652630180658873
5 0.11302083333333333 0.9056522316684378 0.15104166666666666 0.031880977683315624
0 0.11302083333333333 0.9056522316684378 0.15104166666666666 0.031880977683315624
5 0.11927083333333334 0.9392268862911796 0.13854166666666667 0.031880977683315624
0 0.11927083333333334 0.9392268862911796 0.13854166666666667 0.031880977683315624
5 0.11927083333333334 0.9711078639744952 0.13854166666666667 0.031880977683315624
0 0.11927083333333334 0.9711078639744952 0.13854166666666667 0.031880977683315624
5 0.11927083333333334 0.9935241764080766 0.13854166666666667 0.01295164718384697
0 0.11927083333333334 0.9935241764080766 0.13854166666666667 0.01295164718384697
5 0.11302083333333333 0.9392268862911796 0.15104166666666666 0.031880977683315624
0 0.11302083333333333 0.9392268862911796 0.15104166666666666 0.031880977683315624
5 0.11927083333333334 0.9728015409139213 0.13854166666666667 0.031880977683315624
0 0.11927083333333334 0.9728015409139213 0.13854166666666667 0.031880977683315624
5 0.12552083333333333 0.9952178533475027 0.12604166666666666 0.009564293304994687
0 0.12552083333333333 0.9952178533475027 0.12604166666666666 0.009564293304994687
5 0.11302083333333333 0.9728015409139213 0.15104166666666666 0.031880977683315624
0 0.11302083333333333 0.9728015409139213 0.15104166666666666 0.031880977683315624
5 0.11927083333333334 0.9952178533475027 0.13854166666666667 0.009564293304994687
0 0.11927083333333334 0.9952178533475027 0.13854166666666667 0.009564293304994687
5 0.11302083333333333 0.9952178533475027 0.15104166666666666 0.009564293304994687
0 0.11302083333333333 0.9952178533475027 0.15104166666666666 0.009564293304994687
5 0.10677083333333333 0.6132438894792773 0.16354166666666667 0.031880977683315624
0 0.10677083333333333 0.6132438894792773 0.16354166666666667 0.031880977683315624
5 0.11302083333333333 0.6595709351753454 0.15104166666666666 0.057385759829968117
0 0.11302083333333333 0.6595709351753454 0.15104166666666666 0.057385759829968117
5 0.11302083333333333 0.7042043039319873 0.15104166666666666 0.031880977683315624
0 0.11302083333333333 0.7042043039319873 0.15104166666666666 0.031880977683315624
5 0.11302083333333333 0.7360852816153028 0.15104166666666666 0.031880977683315624
0 0.11302083333333333 0.7360852816153028 0.15104166666666666 0.031880977683315624
5 0.11927083333333334 0.7696599362380446 0.13854166666666667 0.031880977683315624
0 0.11927083333333334 0.7696599362380446 0.13854166666666667 0.031880977683315624
5 0.11927083333333334 0.8015409139213603 0.13854166666666667 0.031880977683315624
0 0.11927083333333334 0.8015409139213603 0.13854166666666667 0.031880977683315624
5 0.11927083333333334 0.8334218916046758 0.13854166666666667 0.031880977683315624
0 0.11927083333333334 0.8334218916046758 0.13854166666666667 0.031880977683315624
5 0.11302083333333333 0.7696599362380446 0.15104166666666666 0.031880977683315624
0 0.11302083333333333 0.7696599362380446 0.15104166666666666 0.031880977683315624
5 0.11927083333333334 0.8032345908607864 0.13854166666666667 0.031880977683315624
0 0.11927083333333334 0.8032345908607864 0.13854166666666667 0.031880977683315624
5 0.11927083333333334 0.8351155685441021 0.13854166666666667 0.031880977683315624
0 0.11927083333333334 0.8351155685441021 0.13854166666666667 0.031880977683315624
5 0.11302083333333333 0.8032345908607864 0.15104166666666666 0.031880977683315624
0 0.11302083333333333 0.8032345908607864 0.15104166666666666 0.031880977683315624
5 0.11302083333333333 0.8351155685441021 0.15104166666666666 0.031880977683315624
0 0.11302083333333333 0.8351155685441021 0.15104166666666666 0.031880977683315624
5 0.11927083333333334 0.8686902231668437 0.13854166666666667 0.031880977683315624
0 0.11927083333333334 0.8686902231668437 0.13854166666666667 0.031880977683315624
5 0.11927083333333334 0.9005712008501594 0.13854166666666667 0.031880977683315624
0 0.11927083333333334 0.9005712008501594 0.13854166666666667 0.031880977683315624
5 0.11927083333333334 0.9324521785334751 0.13854166666666667 0.031880977683315624
0 0.11927083333333334 0.9324521785334751 0.13854166666666667 0.031880977683315624
5 0.11302083333333333 0.8686902231668437 0.15104166666666666 0.031880977683315624
0 0.11302083333333333 0.8686902231668437 0.15104166666666666 0.031880977683315624
5 0.11927083333333334 0.9022648777895855 0.13854166666666667 0.031880977683315624
0 0.11927083333333334 0.9022648777895855 0.13854166666666667 0.031880977683315624
5 0.11927083333333334 0.9341458554729012 0.13854166666666667 0.031880977683315624
0 0.11927083333333334 0.9341458554729012 0.13854166666666667 0.031880977683315624
5 0.11927083333333334 0.9660268331562167 0.13854166666666667 0.031880977683315624
0 0.11927083333333334 0.9660268331562167 0.13854166666666667 0.031880977683315624
5 0.11927083333333334 0.9909836609989373 0.13854166666666667 0.018032678002125397
0 0.11927083333333334 0.9909836609989373 0.13854166666666667 0.018032678002125397
5 0.11302083333333333 0.9022648777895855 0.15104166666666666 0.031880977683315624
0 0.11302083333333333 0.9022648777895855 0.15104166666666666 0.031880977683315624
5 0.11927083333333334 0.9358395324123273 0.13854166666666667 0.031880977683315624
0 0.11927083333333334 0.9358395324123273 0.13854166666666667 0.031880977683315624
5 0.11927083333333334 0.9758900106269925 0.13854166666666667 0.04821997874601488
0 0.11927083333333334 0.9758900106269925 0.13854166666666667 0.04821997874601488
5 0.11302083333333333 0.9358395324123273 0.15104166666666666 0.031880977683315624
0 0.11302083333333333 0.9358395324123273 0.15104166666666666 0.031880977683315624
5 0.11302083333333333 0.967720510095643 0.15104166666666666 0.031880977683315624
0 0.11302083333333333 0.967720510095643 0.15104166666666666 0.031880977683315624
0 0.2938232421875 0.3048950584484591 0.10743815104166667 0.023379383634431455
0 0.3891682942708333 0.3048950584484591 0.060465494791666664 0.023379383634431455
0 0.5721516927083333 0.38087805526036134 0.018440755208333333 0.020191285866099893
0 0.28429768880208334 0.6557850690754516 0.0675537109375 0.023379383634431455
0 0.2980753580729167 0.6829835281615303 0.09510904947916667 0.023379383634431455
0 0.28858642578125 0.710181987247609 0.07613118489583333 0.023379383634431455
0 0.29345703125 0.7373804463336876 0.08587239583333334 0.023379383634431455
0 0.27164306640625 0.7645789054197663 0.04224446614583333 0.023379383634431455
0 0.2903076171875 0.7917773645058448 0.07957356770833333 0.023379383634431455
1 0.32027994791666664 0.8427786264612115 0.13951822916666667 0.03910401168969182
0 0.43716227213541664 0.6200850159404888 0.05829264322916667 0.023379383634431455
0 0.4534708658854167 0.6472834750265675 0.09090983072916667 0.023379383634431455
0 0.4754720052083333 0.6880811636556854 0.134912109375 0.050577842720510094
0 0.47337646484375 0.7424780818278427 0.13072102864583332 0.050577842720510094
1 0.4777750651041667 0.8427786264612115 0.13951822916666667 0.03910401168969182
0 0.60858154296875 0.6200850159404888 0.08614095052083333 0.023379383634431455
0 0.6130411783854167 0.6472834750265675 0.09506022135416667 0.023379383634431455
0 0.6246500651041667 0.6744819341126461 0.11827799479166666 0.023379383634431455
0 0.5998575846354167 0.7016803931987248 0.06869303385416667 0.023379383634431455
0 0.6243855794270833 0.7288788522848034 0.1177490234375 0.023379383634431455
1 0.6352701822916667 0.8427786264612115 0.13951822916666667 0.03910401168969182
0 0.86761474609375 0.2815156748140276 0.23350423177083332 0.02975557917109458
0 0.86761474609375 0.31127125398512223 0.23350423177083332 0.02975557917109458
0 0.86761474609375 0.3410268331562168 0.23350423177083332 0.02975557917109458
0 0.86761474609375 0.37078241232731135 0.23350423177083332 0.02975557917109458
