0 0.0353515625 0.03400637619553666 0.054036458333333336 0.05100956429330499
0 0.07545572916666667 0.03400637619553666 0.022005208333333335 0.048884165781083955
1 0.48046875 0.03400637619553666 0.4666666666666667 0.04250797024442083
0 0.742236328125 0.03400637619553666 0.033951822916666666 0.044633368756641874
0 0.7878580729166667 0.03400637619553666 0.051041666666666666 0.044633368756641874
0 0.8448445638020833 0.03400637619553666 0.056681315104166664 0.044633368756641874
0 0.8912801106770833 0.03400637619553666 0.029939778645833335 0.044633368756641874
1 0.9270833333333334 0.03400637619553666 0.025 0.05100956429330499
0 0.9520833333333333 0.03400637619553666 0.025 0.05100956429330499
0 0.9770833333333333 0.03400637619553666 0.025 0.05100956429330499
0 0.4545084635416667 0.48457425611052074 0.076806640625 0.05034537725823592
1 0.5404866536458334 0.48457425611052074 0.08681640625 0.05034537725823592
1 0.5318684895833333 0.9699953506907545 0.06041666666666667 0.030818278427205102
1 0.600537109375 0.9699953506907545 0.06666666666666667 0.030818278427205102
1 0.6775960286458333 0.9699953506907545 0.035416666666666666 0.030818278427205102
