0 0.9772420247395833 0.030685441020191287 0.0184326171875 0.018065887353878853
0 0.94686279296875 0.030685441020191287 0.029386393229166665 0.018065887353878853
0 0.03607177734375 0.030685441020191287 0.024357096354166666 0.018065887353878853
8 0.09517415364583333 0.03174814027630181 0.07604166666666666 0.020191285866099893
8 0.15741373697916666 0.03174814027630181 0.043229166666666666 0.020191285866099893
0 0.2212158203125 0.030685441020191287 0.07513020833333334 0.018065887353878853
2 0.8669108072916667 0.03174814027630181 0.071875 0.020191285866099893
2 0.915283203125 0.03174814027630181 0.020833333333333332 0.020191285866099893
5 0.79759521484375 0.030685441020191287 0.05785319010416667 0.018065887353878853
8 0.8112223307291667 0.03174814027630181 0.0265625 0.020191285866099893
0 0.22545166015625 0.2563263815090329 0.12987467447916667 0.025504782146652496
0 0.24894612630208332 0.2844879117959617 0.1558349609375 0.018065887353878853
0 0.17788492838541667 0.32752723166843783 0.0347412109375 0.025504782146652496
0 0.20051676432291668 0.3987280818278427 0.0800048828125 0.025504782146652496
0 0.2075927734375 0.4699289319872476 0.09415690104166667 0.025504782146652496
0 0.21759440104166666 0.5411297821466525 0.11416015625 0.025504782146652496
0 0.20094401041666668 0.6123306323060573 0.080859375 0.025504782146652496
0 0.4079345703125 0.2563263815090329 0.12088216145833333 0.025504782146652496
0 0.4142862955729167 0.32752723166843783 0.13358561197916666 0.025504782146652496
0 0.40924479166666666 0.3987280818278427 0.12350260416666667 0.025504782146652496
0 0.3824951171875 0.4699289319872476 0.07000325520833334 0.025504782146652496
0 0.36013997395833336 0.5411297821466525 0.02529296875 0.025504782146652496
0 0.37892252604166665 0.6123306323060573 0.06285807291666666 0.025504782146652496
0 0.20846761067708333 0.7341093251859724 0.09590657552083333 0.025504782146652496
0 0.19282633463541668 0.8053101753453773 0.0646240234375 0.025504782146652496
0 0.18117268880208334 0.8765110255047821 0.04131673177083333 0.025504782146652496
0 0.3771240234375 0.7697097502656748 0.05926106770833333 0.025504782146652496
0 0.4113525390625 0.8409106004250797 0.12771809895833333 0.025504782146652496
0 0.19974772135416666 0.9927686636556854 0.078466796875 0.014462672688629118
0 0.41635335286458336 0.9927686636556854 0.1377197265625 0.014462672688629118
0 0.058394368489583334 0.12986517003188097 0.08970540364583333 0.01700318809776833
0 0.0660888671875 0.207076912858661 0.094677734375 0.01700318809776833
0 0.051127115885416664 0.22549149840595112 0.06475423177083334 0.01700318809776833
0 0.051045735677083336 0.24390608395324123 0.06459147135416667 0.01700318809776833
0 0.06266682942708333 0.26232066950053134 0.08783365885416666 0.01700318809776833
0 0.06324462890625 0.2807352550478215 0.0889892578125 0.01700318809776833
0 0.06164957682291667 0.29914984059511157 0.08579915364583333 0.01700318809776833
0 0.04639078776041667 0.3175644261424017 0.055281575520833334 0.01700318809776833
0 0.04615071614583333 0.3359790116896918 0.05480143229166667 0.01700318809776833
0 0.046366373697916664 0.35439359723698194 0.05523274739583333 0.01700318809776833
0 0.04632975260416667 0.372808182784272 0.055159505208333334 0.01700318809776833
0 0.04642333984375 0.39122276833156217 0.0553466796875 0.01700318809776833
0 0.046366373697916664 0.4096373538788523 0.05523274739583333 0.01700318809776833
0 0.04631754557291667 0.4280519394261424 0.055135091145833336 0.01700318809776833
0 0.04580078125 0.44646652497343253 0.0541015625 0.01700318809776833
0 0.046341959635416666 0.4648811105207226 0.05518391927083333 0.01700318809776833
0 0.04613444010416667 0.48329569606801276 0.054768880208333336 0.01700318809776833
0 0.04635416666666667 0.5017102816153028 0.05520833333333333 0.01700318809776833
0 0.03717041015625 0.520124867162593 0.0368408203125 0.01700318809776833
0 0.03480224609375 0.597336609989373 0.0321044921875 0.01700318809776833
0 0.04635416666666667 0.6157511955366631 0.05520833333333333 0.01700318809776833
0 0.03365885416666667 0.6341657810839533 0.029817708333333335 0.01700318809776833
0 0.04775390625 0.6525803666312433 0.0580078125 0.01700318809776833
0 0.060689290364583336 0.6709949521785334 0.08387858072916667 0.01700318809776833
