1 0.01776123046875 0.013283740701381509 0.0355224609375 0.026567481402763018
0 0.14296875 0.07226354941551541 0.0609375 0.05100956429330499
1 0.21153971354166667 0.07226354941551541 0.052083333333333336 0.04569606801275239
2 0.45236002604166664 0.07226354941551541 0.4264322916666667 0.04250797024442083
8 0.709326171875 0.07226354941551541 0.08333333333333333 0.04250797024442083
1 0.7989095052083334 0.07226354941551541 0.09375 0.05100956429330499
1 0.8020345052083333 0.07226354941551541 0.0875 0.04675876726886291
0 0.8653361002604166 0.07226354941551541 0.039103190104166664 0.04250797024442083
0 0.133056640625 0.01487778958554729 0.020182291666666668 0.01700318809776833
0 0.16432291666666668 0.01487778958554729 0.023990885416666666 0.01700318809776833
0 0.20725911458333332 0.015940488841657812 0.03375651041666667 0.025504782146652496
0 0.25381673177083336 0.015940488841657812 0.038525390625 0.025504782146652496
0 0.29933268229166665 0.015940488841657812 0.03167317708333333 0.025504782146652496
0 0.3491902669270833 0.015940488841657812 0.04720865885416667 0.025504782146652496
0 0.4243570963541667 0.02763018065887354 0.078125 0.01700318809776833
0 0.7275797526041666 0.015691418703506908 0.020686848958333334 0.01700318809776833
0 0.761767578125 0.015940488841657812 0.04560546875 0.025504782146652496
0 0.8089518229166667 0.015940488841657812 0.04251302083333333 0.025504782146652496
1 0.846875 0.015940488841657812 0.027083333333333334 0.02975557917109458
0 0.87421875 0.015940488841657812 0.0234375 0.028692879914984058
0 0.20158284505208332 0.13602550478214664 0.043660481770833336 0.01700318809776833
0 0.24642740885416667 0.13602550478214664 0.0189453125 0.01700318809776833
0 0.2802327473958333 0.13602550478214664 0.02158203125 0.01700318809776833
0 0.3217041015625 0.13602550478214664 0.03427734375 0.01700318809776833
0 0.3711669921875 0.13602550478214664 0.03756510416666667 0.01700318809776833
0 0.428076171875 0.13602550478214664 0.049169921875 0.01700318809776833
0 0.47777099609375 0.13602550478214664 0.023136393229166666 0.01700318809776833
0 0.5097696940104167 0.13602550478214664 0.013777669270833333 0.01700318809776833
0 0.5547688802083334 0.13602550478214664 0.04913736979166667 0.01700318809776833
0 0.6244791666666667 0.13602550478214664 0.06319986979166667 0.01700318809776833
0 0.69859619140625 0.13602550478214664 0.05795084635416667 0.01700318809776833
0 0.7552734375 0.13602550478214664 0.0283203125 0.01700318809776833
0 0.8016072591145833 0.13602550478214664 0.03726399739583333 0.01700318809776833
1 0.8208333333333333 0.5270988310308182 0.016666666666666666 0.03400637619553666
0 0.06927083333333334 0.3698193411264612 0.13854166666666667 0.38257173219978746
0 0.20971272786458334 0.410201912858661 0.0965087890625 0.044633368756641874
0 0.7231038411458334 0.3698193411264612 0.4378743489583333 0.5681787991498406
1 0.8416666666666667 0.5270988310308182 0.016666666666666666 0.03400637619553666
1 0.8625 0.5270988310308182 0.016666666666666666 0.03400637619553666
1 0.1125 0.9790116896918172 0.016666666666666666 0.03400637619553666
0 0.18086344401041668 0.8985122210414452 0.13672688802083333 0.20297555791710944
1 0.23672688802083333 0.822529224229543 0.016666666666666666 0.03400637619553666
1 0.23672688802083333 0.822529224229543 0.016666666666666666 0.03400637619553666
0 0.32592366536458334 0.8985122210414452 0.13672688802083333 0.20297555791710944
1 0.381787109375 0.822529224229543 0.016666666666666666 0.03400637619553666
1 0.381787109375 0.822529224229543 0.016666666666666666 0.03400637619553666
0 0.47098388671875 0.8985122210414452 0.13672688802083333 0.20297555791710944
1 0.5268473307291667 0.822529224229543 0.016666666666666666 0.03400637619553666
1 0.5268473307291667 0.822529224229543 0.016666666666666666 0.03400637619553666
0 0.6160441080729167 0.8985122210414452 0.13672688802083333 0.20297555791710944
1 0.6719075520833333 0.822529224229543 0.016666666666666666 0.03400637619553666
1 0.6719075520833333 0.822529224229543 0.016666666666666666 0.03400637619553666
0 0.7611043294270833 0.8985122210414452 0.13672688802083333 0.20297555791710944
1 0.8169677734375 0.822529224229543 0.016666666666666666 0.03400637619553666
1 0.8169677734375 0.822529224229543 0.016666666666666666 0.03400637619553666
0 0.90616455078125 0.8985122210414452 0.13672688802083333 0.20297555791710944
1 0.9620279947916667 0.822529224229543 0.016666666666666666 0.03400637619553666
1 0.9620279947916667 0.822529224229543 0.016666666666666666 0.03400637619553666
0 0.9914306640625 0.8985122210414452 0.017138671875 0.20297555791710944
1 0.8875 0.9790116896918172 0.016666666666666666 0.03400637619553666
1 0.9770833333333333 0.953241232731137 0.019791666666666666 0.04250797024442083
