0 0.026041666666666668 0.044633368756641874 0.027083333333333334 0.05526036131774708
2 0.5218302408854166 0.044633368756641874 0.5999104817708333 0.05526036131774708
1 0.7842854817708333 0.044633368756641874 0.025 0.05526036131774708
1 0.8082438151041667 0.044633368756641874 0.016666666666666666 0.03400637619553666
1 0.8602986653645833 0.044633368756641874 0.06035970052083333 0.05526036131774708
1 0.9233642578125 0.044633368756641874 0.05743815104166667 0.05526036131774708
1 0.971875 0.044633368756641874 0.03125 0.05526036131774708
1 0.971875 0.044633368756641874 0.03125 0.05526036131774708
1 0.05523274739583333 0.11477151965993623 0.08546549479166667 0.03400637619553666
1 0.13274332682291667 0.11477151965993623 0.06747233072916667 0.03400637619553666
0 0.10804443359375 0.29330499468650373 0.030672200520833335 0.021253985122210415
0 0.18046875 0.30179828639744954 0.19739583333333333 0.26565820935175344
0 0.10804443359375 0.6120981668437833 0.030672200520833335 0.021253985122210415
0 0.18046875 0.7332541843783209 0.19739583333333333 0.5334916312433581
0 0.32656656901041664 0.357066950053135 0.0416748046875 0.03400637619553666
0 0.5 0.4030951115834219 0.41041666666666665 0.4682518597236982
1 0.42109375 0.6021519659936238 0.0125 0.025504782146652496
1 0.44192708333333336 0.6021519659936238 0.020833333333333332 0.025504782146652496
1 0.53585205078125 0.6021519659936238 0.10694173177083334 0.025504782146652496
0 0.3323771158854167 0.7562433581296493 0.0532958984375 0.021253985122210415
0 0.39348958333333334 0.8345510095642933 0.19739583333333333 0.33089798087141337
0 0.5340861002604167 0.7562433581296493 0.030672200520833335 0.021253985122210415
0 0.6065104166666667 0.8345510095642933 0.19739583333333333 0.33089798087141337
0 0.74710693359375 0.2561105207226355 0.030672200520833335 0.021253985122210415
0 0.81953125 0.2808514877789586 0.19739583333333333 0.22376461211477153
0 0.7498860677083333 0.5117561105207227 0.03623046875 0.021253985122210415
0 0.81953125 0.5574438761955367 0.19739583333333333 0.26565820935175344
0 0.74403076171875 0.8677437566418703 0.024519856770833334 0.021253985122210415
0 0.81953125 0.8610769792773645 0.19739583333333333 0.277846041445271
1 0.5854166666666667 0.3820403825717322 0.020833333333333332 0.04250797024442083
