0 0.28932291666666665 0.03719447396386823 0.09322916666666667 0.048884165781083955
1 0.70177001953125 0.03719447396386823 0.11104329427083333 0.018331562167906483
0 0.6322916666666667 0.5297555791710946 0.171875 0.053134962805526036
1 0.6322916666666667 0.5956429330499469 0.171875 0.053134962805526036
0 0.2819091796875 0.9574920297555791 0.057568359375 0.030785069075451647
0 0.3515828450520833 0.9574920297555791 0.057820638020833336 0.030785069075451647
0 0.4199422200520833 0.9574920297555791 0.05493977864583333 0.030785069075451647
0 0.48777669270833335 0.9574920297555791 0.05677083333333333 0.030785069075451647
0 0.5553873697916667 0.9574920297555791 0.0544921875 0.030785069075451647
0 0.63233642578125 0.9574920297555791 0.07544759114583334 0.030785069075451647
0 0.706982421875 0.9574920297555791 0.049886067708333336 0.030785069075451647
0 0.7759195963541666 0.9574920297555791 0.06402994791666666 0.030785069075451647
0 0.8463663736979167 0.9574920297555791 0.0529052734375 0.030785069075451647
0 0.9093098958333333 0.9574920297555791 0.0490234375 0.030785069075451647
0 0.97144775390625 0.9574920297555791 0.0512939453125 0.030785069075451647
