1 0.6082275390625 0.021253985122210415 0.05486653645833333 0.03400637619553666
1 0.9895833333333334 0.021253985122210415 0.016666666666666666 0.03400637619553666
0 0.20804036458333333 0.0844845908607864 0.06608072916666667 0.04144527098831031
1 0.26834716796875 0.0844845908607864 0.0378662109375 0.04357066950053135
1 0.23118489583333332 0.42401700318809776 0.08854166666666667 0.04250797024442083
0 0.34568684895833335 0.1689691817215728 0.02587890625 0.025504782146652496
0 0.3516642252604167 0.20722635494155153 0.03783365885416667 0.025504782146652496
0 0.35486246744791666 0.2454835281615303 0.044230143229166664 0.025504782146652496
0 0.34010416666666665 0.28374070138150903 0.014713541666666666 0.025504782146652496
0 0.34086507161458335 0.32199787460148777 0.0162353515625 0.025504782146652496
0 0.3403401692708333 0.3602550478214665 0.015185546875 0.025504782146652496
0 0.4485066731770833 0.1689691817215728 0.0111572265625 0.025504782146652496
0 0.4516682942708333 0.20722635494155153 0.01748046875 0.025504782146652496
0 0.44578857421875 0.2454835281615303 0.005721028645833333 0.025504782146652496
0 0.45059814453125 0.28374070138150903 0.015340169270833334 0.025504782146652496
0 0.44551188151041665 0.32199787460148777 0.005167643229166667 0.025504782146652496
0 0.45177001953125 0.3602550478214665 0.017683919270833334 0.025504782146652496
0 0.6031087239583334 0.1689691817215728 0.1 0.025504782146652496
0 0.6031087239583334 0.20722635494155153 0.1 0.025504782146652496
0 0.6031087239583334 0.2454835281615303 0.1 0.025504782146652496
0 0.6031087239583334 0.28374070138150903 0.1 0.025504782146652496
0 0.6031087239583334 0.32199787460148777 0.1 0.025504782146652496
0 0.6031087239583334 0.3602550478214665 0.1 0.025504782146652496
0 0.5077473958333333 0.4505844845908608 0.35 0.025504782146652496
0 0.3878377278645833 0.5281615302869288 0.1101806640625 0.025504782146652496
0 0.49801839192708336 0.5281615302869288 0.1101806640625 0.025504782146652496
0 0.6081990559895833 0.5281615302869288 0.1101806640625 0.025504782146652496
0 0.3878377278645833 0.5706695005313497 0.1101806640625 0.025504782146652496
0 0.49801839192708336 0.5706695005313497 0.1101806640625 0.025504782146652496
0 0.6081990559895833 0.5791710945802337 0.1101806640625 0.04250797024442083
0 0.3315185546875 0.6716259298618491 0.05060221354166667 0.022316684378320937
1 0.31958414713541666 0.0844845908607864 0.04794108072916667 0.04357066950053135
0 0.21630452473958334 0.3097768331562168 0.04971516927083333 0.022316684378320937
0 0.226123046875 0.34909670563230605 0.06935221354166667 0.022316684378320937
0 0.3882039388020833 0.18185441020191287 0.1101806640625 0.05127523910733262
0 0.49838460286458336 0.18185441020191287 0.1101806640625 0.05127523910733262
0 0.6085652669270833 0.18185441020191287 0.1101806640625 0.05127523910733262
0 0.3882039388020833 0.23312964930924548 0.1101806640625 0.05127523910733262
0 0.49838460286458336 0.23312964930924548 0.1101806640625 0.05127523910733262
0 0.6085652669270833 0.23312964930924548 0.1101806640625 0.05127523910733262
0 0.3882039388020833 0.2844048884165781 0.1101806640625 0.05127523910733262
0 0.49838460286458336 0.2844048884165781 0.1101806640625 0.05127523910733262
0 0.6085652669270833 0.2844048884165781 0.1101806640625 0.05127523910733262
0 0.3882039388020833 0.33568012752391074 0.1101806640625 0.05127523910733262
0 0.49838460286458336 0.33568012752391074 0.1101806640625 0.05127523910733262
0 0.6085652669270833 0.33568012752391074 0.1101806640625 0.05127523910733262
0 0.3882039388020833 0.4701364904357067 0.1101806640625 0.09648977151965994
0 0.49838460286458336 0.4701364904357067 0.1101806640625 0.09648977151965994
0 0.6085652669270833 0.4701364904357067 0.1101806640625 0.09648977151965994
0 0.3882039388020833 0.5666262619553666 0.1101806640625 0.09648977151965994
0 0.49838460286458336 0.5666262619553666 0.1101806640625 0.09648977151965994
0 0.6085652669270833 0.5666262619553666 0.1101806640625 0.09648977151965994
0 0.22650960286458333 0.7588668969181721 0.07012532552083334 0.022316684378320937
0 0.3882039388020833 0.7236898910733263 0.1101806640625 0.09648977151965994
0 0.49838460286458336 0.7236898910733263 0.1101806640625 0.09648977151965994
0 0.6085652669270833 0.7236898910733263 0.1101806640625 0.09648977151965994
1 0.37838134765625 0.0844845908607864 0.05298665364583333 0.04357066950053135
0 0.402734375 0.1434643995749203 0.07669270833333333 0.05951115834218916
0 0.402734375 0.20403825717321997 0.07669270833333333 0.05951115834218916
0 0.402734375 0.26461211477151964 0.07669270833333333 0.05951115834218916
0 0.402734375 0.32518597236981933 0.07669270833333333 0.05951115834218916
0 0.402734375 0.38575982996811903 0.07669270833333333 0.05951115834218916
0 0.402734375 0.4463336875664187 0.07669270833333333 0.05951115834218916
1 0.43072916666666666 0.0844845908607864 0.03504231770833333 0.04357066950053135
0 0.4520670572916667 0.1434643995749203 0.052718098958333334 0.05951115834218916
0 0.4520670572916667 0.20403825717321997 0.052718098958333334 0.05951115834218916
0 0.4520670572916667 0.26461211477151964 0.052718098958333334 0.05951115834218916
0 0.48301595052083335 0.08395324123273114 0.05286458333333333 0.04250797024442083
0 0.5406778971354167 0.08395324123273114 0.045792643229166666 0.04250797024442083
1 0.7096028645833333 0.0844845908607864 0.020833333333333332 0.04250797024442083
1 0.7490804036458333 0.0844845908607864 0.041455078125 0.04250797024442083
1 0.8015706380208333 0.0844845908607864 0.046858723958333334 0.04250797024442083
1 0.27682291666666664 0.8310308182784272 0.0125 0.025504782146652496
1 0.28932291666666665 0.8310308182784272 0.0125 0.025504782146652496
1 0.30182291666666666 0.8310308182784272 0.0125 0.025504782146652496
1 0.3143229166666667 0.8310308182784272 0.0125 0.025504782146652496
1 0.3268229166666667 0.8310308182784272 0.0125 0.025504782146652496
1 0.34609375 0.8310308182784272 0.016666666666666666 0.03400637619553666
5 0.5700927734375 0.3846971307120085 0.023518880208333332 0.025504782146652496
2 0.6625 0.42826780021253985 0.20833333333333334 0.053134962805526036
5 0.5774617513020833 0.4946865037194474 0.0382568359375 0.028692879914984058
1 0.7604166666666666 0.49309245483528164 0.0125 0.025504782146652496
2 0.6625 0.5398512221041445 0.20833333333333334 0.053134962805526036
1 0.6625 0.6131774707757705 0.20833333333333334 0.04250797024442083
0 0.7035319010416666 0.6695005313496281 0.04544270833333333 0.012752391073326248
0 0.6587158203125 0.6790648246546227 0.20076497395833334 0.031880977683315624
0 0.7400472005208333 0.6886291179596175 0.037125651041666666 0.012752391073326248
0 0.5928548177083334 0.7077577045696068 0.04544270833333333 0.012752391073326248
1 0.5752604166666667 0.7913788522848034 0.033854166666666664 0.0563230605738576
1 0.61328125 0.7913788522848034 0.033854166666666664 0.0563230605738576
1 0.6513020833333333 0.7913788522848034 0.033854166666666664 0.0563230605738576
1 0.6893229166666667 0.7913788522848034 0.033854166666666664 0.0563230605738576
