1 0.01875 0.03400637619553666 0.025 0.05100956429330499
0 0.06171875 0.03506907545164718 0.0484375 0.053134962805526036
1 0.9229166666666667 0.03400637619553666 0.020833333333333332 0.04250797024442083
0 0.9645833333333333 0.03400637619553666 0.05 0.03825717321997875
0 0.03427734375 0.10255047821466524 0.05188802083333333 0.052072263549415514
0 0.09000651041666667 0.10201912858660998 0.05123697916666667 0.05100956429330499
0 0.16684163411458333 0.10201912858660998 0.09409993489583333 0.05100956429330499
13 0.9708740234375 0.10255047821466524 0.05408528645833333 0.052072263549415514
0 0.9708740234375 0.10255047821466524 0.03741861979166667 0.052072263549415514
0 0.5 0.18384697130712008 1.0 0.05951115834218916
2 0.5 0.3283740701381509 0.2708333333333333 0.05100956429330499
1 0.38958333333333334 0.3283740701381509 0.025 0.05100956429330499
1 0.5 0.589798087141339 0.4322916666666667 0.05526036131774708
0 0.5 0.6482465462274176 0.4322916666666667 0.036131774707757705
0 0.5 0.6843783209351754 0.4322916666666667 0.036131774707757705
0 0.5 0.720510095642933 0.4322916666666667 0.036131774707757705
0 0.5 0.7566418703506907 0.4322916666666667 0.036131774707757705
0 0.5 0.7927736450584485 0.4322916666666667 0.036131774707757705
0 0.5 0.8289054197662061 0.4322916666666667 0.036131774707757705
0 0.5 0.8650371944739639 0.4322916666666667 0.036131774707757705
0 0.5 0.9011689691817216 0.4322916666666667 0.036131774707757705
0 0.5 0.9373007438894793 0.4322916666666667 0.036131774707757705
0 0.5 0.973432518597237 0.4322916666666667 0.036131774707757705
