1 0.01875 0.03400637619553666 0.025 0.05100956429330499
0 0.06506754557291666 0.03506907545164718 0.055135091145833336 0.053134962805526036
1 0.9229166666666667 0.03400637619553666 0.020833333333333332 0.04250797024442083
0 0.9645833333333333 0.03400637619553666 0.05 0.03825717321997875
13 0.9683186848958333 0.10201912858660998 0.05919596354166667 0.05100956429330499
0 0.9683186848958333 0.10201912858660998 0.042529296875 0.05100956429330499
0 0.5 0.18278427205100956 1.0 0.05951115834218916
2 0.5 0.3273113708820404 0.2708333333333333 0.05100956429330499
1 0.38958333333333334 0.3273113708820404 0.025 0.05100956429330499
0 0.3609375 0.5908607863974495 0.08854166666666667 0.15090329436769395
0 0.45364583333333336 0.5908607863974495 0.08854166666666667 0.15090329436769395
0 0.5463541666666667 0.5908607863974495 0.08854166666666667 0.15090329436769395
0 0.6390625 0.5908607863974495 0.08854166666666667 0.15090329436769395
0 0.3609375 0.7502656748140276 0.08854166666666667 0.15090329436769395
0 0.45364583333333336 0.7502656748140276 0.08854166666666667 0.15090329436769395
0 0.5463541666666667 0.7502656748140276 0.08854166666666667 0.15090329436769395
0 0.6390625 0.7502656748140276 0.08854166666666667 0.15090329436769395
0 0.3609375 0.9096705632306057 0.08854166666666667 0.15090329436769395
0 0.45364583333333336 0.9096705632306057 0.08854166666666667 0.15090329436769395
0 0.5463541666666667 0.9096705632306057 0.08854166666666667 0.15090329436769395
0 0.6390625 0.9096705632306057 0.08854166666666667 0.15090329436769395
0 0.3609375 0.9968119022316685 0.08854166666666667 0.006376195536663124
0 0.45364583333333336 0.9968119022316685 0.08854166666666667 0.006376195536663124
0 0.5463541666666667 0.9968119022316685 0.08854166666666667 0.006376195536663124
0 0.6390625 0.9968119022316685 0.08854166666666667 0.006376195536663124
