0 0.05740559895833333 0.03400637619553666 0.10647786458333333 0.05100956429330499
0 0.01990966796875 0.10201912858660998 0.03148600260416667 0.05100956429330499
0 0.13519694010416666 0.10148777895855472 0.04910481770833333 0.05100956429330499
0 0.17893473307291666 0.15206562167906482 0.13658040364583332 0.036131774707757705
0 0.17893473307291666 0.19244819341126462 0.13658040364583332 0.036131774707757705
0 0.17893473307291666 0.2328307651434644 0.13658040364583332 0.036131774707757705
0 0.17893473307291666 0.2732133368756642 0.13658040364583332 0.036131774707757705
0 0.17893473307291666 0.31359590860786396 0.13658040364583332 0.036131774707757705
0 0.17893473307291666 0.35397848034006374 0.13658040364583332 0.036131774707757705
0 0.17893473307291666 0.3943610520722636 0.13658040364583332 0.036131774707757705
0 0.17893473307291666 0.43474362380446335 0.13658040364583332 0.036131774707757705
0 0.17893473307291666 0.47512619553666313 0.13658040364583332 0.036131774707757705
0 0.17893473307291666 0.515508767268863 0.13658040364583332 0.036131774707757705
0 0.20459391276041666 0.10148777895855472 0.0792724609375 0.05100956429330499
0 0.20561116536458332 0.15206562167906482 0.08130696614583334 0.036131774707757705
0 0.20561116536458332 0.19244819341126462 0.08130696614583334 0.036131774707757705
0 0.20561116536458332 0.2328307651434644 0.08130696614583334 0.036131774707757705
0 0.20561116536458332 0.2732133368756642 0.08130696614583334 0.036131774707757705
0 0.20561116536458332 0.31359590860786396 0.08130696614583334 0.036131774707757705
0 0.20561116536458332 0.35397848034006374 0.08130696614583334 0.036131774707757705
0 0.88013916015625 0.03400637619553666 0.07997233072916667 0.053134962805526036
0 0.9600626627604166 0.03400637619553666 0.07154134114583334 0.053134962805526036
1 0.984375 0.10680127523910733 0.0125 0.03294367693942614
0 0.26388753255208336 0.6227417640807651 0.20277506510416668 0.11477151965993623
0 0.18763834635416668 0.7662061636556854 0.06277669270833333 0.053134962805526036
0 0.61805419921875 0.6588735387885228 0.4388916015625 0.5037194473963869
0 0.3229166666666667 0.997874601487779 0.32083333333333336 0.004250797024442083
0 0.6770833333333334 0.997874601487779 0.32083333333333336 0.004250797024442083
