0 0.022916666666666665 0.025504782146652496 0.020833333333333332 0.03825717321997875
0 0.082568359375 0.026036131774707757 0.09847005208333333 0.03506907545164718
0 0.17627360026041666 0.025504782146652496 0.0389404296875 0.05100956429330499
8 0.23030192057291668 0.025504782146652496 0.0691162109375 0.05100956429330499
0 0.22092692057291666 0.025504782146652496 0.0503662109375 0.05100956429330499
1 0.2554850260416667 0.025504782146652496 0.01875 0.05100956429330499
8 0.29659830729166664 0.025504782146652496 0.0634765625 0.05100956429330499
0 0.2872233072916667 0.025504782146652496 0.0447265625 0.05100956429330499
1 0.3189615885416667 0.025504782146652496 0.01875 0.05100956429330499
2 0.8196126302083333 0.025504782146652496 0.10416666666666667 0.03825717321997875
1 0.97640380859375 0.025504782146652496 0.030525716145833333 0.03825717321997875
0 0.02894287109375 0.077577045696068 0.0516357421875 0.05100956429330499
0 0.078173828125 0.077577045696068 0.046826171875 0.05100956429330499
0 0.12300211588541667 0.077577045696068 0.042830403645833334 0.05100956429330499
0 0.16748860677083333 0.077577045696068 0.046142578125 0.05100956429330499
2 0.06796875 0.14558979808714134 0.1109375 0.03400637619553666
0 0.06588541666666667 0.2146652497343252 0.13177083333333334 0.025504782146652496
0 0.06588541666666667 0.24017003188097769 0.13177083333333334 0.025504782146652496
0 0.06588541666666667 0.26567481402763016 0.13177083333333334 0.025504782146652496
0 0.06588541666666667 0.2911795961742827 0.13177083333333334 0.025504782146652496
0 0.06588541666666667 0.36769394261424015 0.13177083333333334 0.025504782146652496
0 0.06588541666666667 0.3931987247608927 0.13177083333333334 0.025504782146652496
0 0.06588541666666667 0.41870350690754515 0.13177083333333334 0.025504782146652496
0 0.06588541666666667 0.4442082890541977 0.13177083333333334 0.025504782146652496
0 0.06588541666666667 0.46971307120085015 0.13177083333333334 0.025504782146652496
0 0.06588541666666667 0.4952178533475027 0.13177083333333334 0.025504782146652496
0 0.06588541666666667 0.5207226354941552 0.13177083333333334 0.025504782146652496
0 0.06588541666666667 0.5462274176408076 0.13177083333333334 0.025504782146652496
0 0.06588541666666667 0.5717321997874601 0.13177083333333334 0.025504782146652496
0 0.06588541666666667 0.5972369819341127 0.13177083333333334 0.025504782146652496
0 0.06588541666666667 0.6227417640807651 0.13177083333333334 0.025504782146652496
0 0.06588541666666667 0.6482465462274176 0.13177083333333334 0.025504782146652496
0 0.06588541666666667 0.6737513283740701 0.13177083333333334 0.025504782146652496
0 0.06588541666666667 0.6992561105207227 0.13177083333333334 0.025504782146652496
0 0.06588541666666667 0.7247608926673751 0.13177083333333334 0.025504782146652496
0 0.06588541666666667 0.7502656748140276 0.13177083333333334 0.025504782146652496
0 0.06588541666666667 0.8097768331562167 0.13177083333333334 0.04250797024442083
0 0.06588541666666667 0.8947927736450585 0.13177083333333334 0.025504782146652496
0 0.06588541666666667 0.9202975557917109 0.13177083333333334 0.025504782146652496
0 0.06588541666666667 0.9458023379383634 0.13177083333333334 0.025504782146652496
0 0.06588541666666667 0.971307120085016 0.13177083333333334 0.025504782146652496
0 0.06588541666666667 0.9920297555791711 0.13177083333333334 0.015940488841657812
1 0.12552083333333333 0.9617428267800212 0.020833333333333332 0.04250797024442083
