0 0.022916666666666665 0.025504782146652496 0.020833333333333332 0.03825717321997875
0 0.082568359375 0.026036131774707757 0.09847005208333333 0.03506907545164718
0 0.17627360026041666 0.025504782146652496 0.0389404296875 0.05100956429330499
8 0.23030192057291668 0.025504782146652496 0.0691162109375 0.05100956429330499
0 0.22092692057291666 0.025504782146652496 0.0503662109375 0.05100956429330499
1 0.2554850260416667 0.025504782146652496 0.01875 0.05100956429330499
8 0.29659830729166664 0.025504782146652496 0.0634765625 0.05100956429330499
0 0.2872233072916667 0.025504782146652496 0.0447265625 0.05100956429330499
1 0.3189615885416667 0.025504782146652496 0.01875 0.05100956429330499
2 0.8196126302083333 0.025504782146652496 0.10416666666666667 0.03825717321997875
1 0.97640380859375 0.025504782146652496 0.030525716145833333 0.03825717321997875
0 0.02894287109375 0.077577045696068 0.0516357421875 0.05100956429330499
0 0.078173828125 0.077577045696068 0.046826171875 0.05100956429330499
0 0.12300211588541667 0.077577045696068 0.042830403645833334 0.05100956429330499
0 0.16748860677083333 0.077577045696068 0.046142578125 0.05100956429330499
2 0.06796875 0.14558979808714134 0.1109375 0.03400637619553666
0 0.06588541666666667 0.24017003188097769 0.13177083333333334 0.025504782146652496
0 0.06588541666666667 0.26567481402763016 0.13177083333333334 0.025504782146652496
0 0.06588541666666667 0.2911795961742827 0.13177083333333334 0.025504782146652496
0 0.06588541666666667 0.36769394261424015 0.13177083333333334 0.025504782146652496
0 0.06588541666666667 0.3931987247608927 0.13177083333333334 0.025504782146652496
0 0.06588541666666667 0.41870350690754515 0.13177083333333334 0.025504782146652496
0 0.06588541666666667 0.4952178533475027 0.13177083333333334 0.025504782146652496
0 0.06588541666666667 0.5207226354941552 0.13177083333333334 0.025504782146652496
0 0.06588541666666667 0.5462274176408076 0.13177083333333334 0.025504782146652496
0 0.06588541666666667 0.5717321997874601 0.13177083333333334 0.025504782146652496
0 0.06588541666666667 0.6482465462274176 0.13177083333333334 0.025504782146652496
0 0.06588541666666667 0.6737513283740701 0.13177083333333334 0.025504782146652496
0 0.06588541666666667 0.6992561105207227 0.13177083333333334 0.025504782146652496
0 0.0067708333333333336 0.7268862911795961 0.0125 0.019128586609989374
1 0.06588541666666667 0.7247608926673751 0.13177083333333334 0.025504782146652496
0 0.06588541666666667 0.8182784272051009 0.13177083333333334 0.025504782146652496
0 0.0067708333333333336 0.8459086078639745 0.0125 0.019128586609989374
1 0.06588541666666667 0.8437832093517534 0.13177083333333334 0.025504782146652496
0 0.06588541666666667 0.869287991498406 0.13177083333333334 0.025504782146652496
0 0.06588541666666667 0.8947927736450585 0.13177083333333334 0.025504782146652496
0 0.06588541666666667 0.9202975557917109 0.13177083333333334 0.025504782146652496
0 0.06588541666666667 0.9458023379383634 0.13177083333333334 0.025504782146652496
0 0.06588541666666667 0.971307120085016 0.13177083333333334 0.025504782146652496
0 0.06588541666666667 0.9920297555791711 0.13177083333333334 0.015940488841657812
1 0.12552083333333333 0.9617428267800212 0.020833333333333332 0.04250797024442083
0 0.1825439453125 0.18384697130712008 0.018212890625 0.025504782146652496
0 0.23351236979166667 0.18384697130712008 0.056640625 0.025504782146652496
0 0.2858194986979167 0.18384697130712008 0.020890299479166666 0.025504782146652496
1 0.6666666666666666 0.18384697130712008 0.015625 0.031880977683315624
1 0.6822916666666666 0.18384697130712008 0.015625 0.031880977683315624
1 0.65174560546875 0.23698193411264612 0.07671712239583334 0.03825717321997875
0 0.27646077473958336 0.47396386822529224 0.20604654947916667 0.048884165781083955
1 0.304248046875 0.6481137088204039 0.020833333333333332 0.025504782146652496
0 0.24951171875 0.7008501594048884 0.11048177083333334 0.020191285866099893
0 0.25346272786458335 0.7391073326248672 0.1183837890625 0.020191285866099893
0 0.28673909505208334 0.777364505844846 0.1849365234375 0.020191285866099893
0 0.24058430989583332 0.8156216790648246 0.092626953125 0.020191285866099893
0 0.24200846354166666 0.8538788522848034 0.09547526041666667 0.020191285866099893
1 0.8125 0.0924548352816153 0.028125 0.06376195536663125
1 0.8125 0.1689691817215728 0.028125 0.06376195536663125
1 0.8125 0.2454835281615303 0.028125 0.06376195536663125
1 0.9479166666666666 0.08607863974495218 0.016666666666666666 0.03400637619553666
1 0.965625 0.08607863974495218 0.016666666666666666 0.03400637619553666
1 0.9833333333333333 0.08607863974495218 0.016666666666666666 0.03400637619553666
0 0.9135416666666667 0.2199787460148778 0.13854166666666667 0.021253985122210415
