1 0.01875 0.03400637619553666 0.025 0.05100956429330499
0 0.113818359375 0.03506907545164718 0.15263671875 0.053134962805526036
1 0.9229166666666667 0.03400637619553666 0.020833333333333332 0.04250797024442083
0 0.9645833333333333 0.03400637619553666 0.05 0.03825717321997875
0 0.03427734375 0.10255047821466524 0.05188802083333333 0.052072263549415514
0 0.09148763020833334 0.10201912858660998 0.05419921875 0.05100956429330499
13 0.9486775716145833 0.10255047821466524 0.09847819010416667 0.052072263549415514
0 0.9486775716145833 0.10255047821466524 0.0818115234375 0.052072263549415514
0 0.3096516927083333 0.14984059511158343 0.174853515625 0.019128586609989374
1 0.9796875 0.15249734325185973 0.0125 0.030818278427205102
0 0.5 0.22741764080765142 1.0 0.05951115834218916
2 0.5 0.37194473963868224 0.2708333333333333 0.05100956429330499
1 0.38958333333333334 0.37194473963868224 0.025 0.05100956429330499
1 0.5 0.6333687566418703 0.4322916666666667 0.05526036131774708
0 0.5 0.691817215727949 0.4322916666666667 0.036131774707757705
0 0.5 0.7279489904357067 0.4322916666666667 0.036131774707757705
0 0.5 0.7640807651434643 0.4322916666666667 0.036131774707757705
0 0.5 0.8002125398512221 0.4322916666666667 0.036131774707757705
0 0.5 0.8363443145589798 0.4322916666666667 0.036131774707757705
0 0.5 0.8724760892667375 0.4322916666666667 0.036131774707757705
1 0.5 0.9298618490967057 0.4322916666666667 0.05526036131774708
1 0.5 0.9792773645058448 0.4322916666666667 0.04144527098831031
