0 0.06335042317708334 0.03400637619553666 0.10170084635416667 0.028692879914984058
1 0.14757486979166667 0.03400637619553666 0.031331380208333336 0.04675876726886291
0 0.17578938802083333 0.32199787460148777 0.037760416666666664 0.10839532412327312
0 0.23621419270833333 0.32199787460148777 0.035172526041666666 0.10839532412327312
0 0.2369140625 0.4495217853347503 0.035172526041666666 0.14665249734325186
0 0.2369140625 0.5866099893730075 0.035172526041666666 0.1275239107332625
0 0.2369140625 0.7045696068012752 0.035172526041666666 0.10839532412327312
0 0.29899495442708335 0.32199787460148777 0.04107259114583333 0.10839532412327312
0 0.29899495442708335 0.4495217853347503 0.04107259114583333 0.14665249734325186
0 0.29899495442708335 0.5866099893730075 0.04107259114583333 0.1275239107332625
1 0.12886555989583334 0.12008501594048884 0.025 0.05100956429330499
1 0.19733072916666666 0.03400637619553666 0.030680338541666668 0.04675876726886291
1 0.2814127604166667 0.15196599362380447 0.045556640625 0.0871413390010627
1 0.2814127604166667 0.15196599362380447 0.045556640625 0.0871413390010627
1 0.2814127604166667 0.15196599362380447 0.016389973958333335 0.057385759829968117
0 0.23704020182291666 0.29861849096705634 0.060099283854166664 0.10839532412327312
0 0.23704020182291666 0.39744952178533477 0.060099283854166664 0.08926673751328375
0 0.23704020182291666 0.4867162592986185 0.060099283854166664 0.08926673751328375
0 0.23704020182291666 0.5855472901168969 0.060099283854166664 0.10839532412327312
0 0.32208251953125 0.28905419766206164 0.06206868489583333 0.08926673751328375
0 0.32208251953125 0.3687566418703507 0.06206868489583333 0.07013815090329437
0 0.32208251953125 0.44845908607863977 0.06206868489583333 0.08926673751328375
0 0.32208251953125 0.5377258235919234 0.06206868489583333 0.08926673751328375
1 0.1782958984375 0.12008501594048884 0.025 0.05100956429330499
1 0.24823811848958333 0.03400637619553666 0.03363444010416667 0.04675876726886291
0 0.28138834635416665 0.2922422954303932 0.04993489583333333 0.08289054197662062
0 0.28138834635416665 0.35600425079702447 0.04993489583333333 0.044633368756641874
0 0.28138834635416665 0.40063761955366634 0.04993489583333333 0.044633368756641874
0 0.28138834635416665 0.46439957492029754 0.04993489583333333 0.08289054197662062
0 0.28138834635416665 0.5377258235919234 0.04993489583333333 0.06376195536663125
0 0.28138834635416665 0.59192348565356 0.04993489583333333 0.044633368756641874
0 0.3523681640625 0.2731137088204038 0.044108072916666664 0.044633368756641874
0 0.3523681640625 0.3177470775770457 0.044108072916666664 0.044633368756641874
0 0.3523681640625 0.37194473963868224 0.044108072916666664 0.06376195536663125
1 0.23068033854166667 0.12008501594048884 0.025 0.05100956429330499
1 0.2872721354166667 0.03400637619553666 0.00693359375 0.04675876726886291
1 0.3212361653645833 0.03400637619553666 0.023494466145833334 0.04675876726886291
1 0.36946207682291665 0.03400637619553666 0.03545735677083333 0.04675876726886291
1 0.4579386393229167 0.14240170031880978 0.046915690104166664 0.06801275239107332
1 0.4579386393229167 0.14240170031880978 0.046915690104166664 0.06801275239107332
1 0.4579386393229167 0.14240170031880978 0.0177490234375 0.03825717321997875
0 0.39363199869791665 0.31243358129649307 0.033797200520833334 0.08926673751328375
0 0.39363199869791665 0.4208289054197662 0.033797200520833334 0.1275239107332625
0 0.39363199869791665 0.5483528161530287 0.033797200520833334 0.1275239107332625
0 0.457080078125 0.33156216790648246 0.045182291666666666 0.1275239107332625
0 0.457080078125 0.45908607863974493 0.045182291666666666 0.1275239107332625
0 0.457080078125 0.5866099893730075 0.045182291666666666 0.1275239107332625
0 0.457080078125 0.7045696068012752 0.045182291666666666 0.10839532412327312
0 0.524755859375 0.31243358129649307 0.042252604166666666 0.08926673751328375
0 0.524755859375 0.40170031880977686 0.042252604166666666 0.08926673751328375
0 0.524755859375 0.5005313496280552 0.042252604166666666 0.10839532412327312
0 0.524755859375 0.6376195536663124 0.042252604166666666 0.16578108395324123
1 0.35281575520833336 0.12008501594048884 0.025 0.05100956429330499
1 0.8855997721354166 0.03294367693942614 0.0995849609375 0.04675876726886291
0 0.8959269205729167 0.12008501594048884 0.07788899739583334 0.04250797024442083
1 0.96951904296875 0.03294367693942614 0.0515869140625 0.04675876726886291
1 0.96951904296875 0.03294367693942614 0.022420247395833332 0.019128586609989374
0 0.25113525390625 0.08665980340063761 0.016853841145833333 0.020191285866099893
0 0.2991455078125 0.08719115302869287 0.0125 0.025504782146652496
13 0.2991455078125 0.08719115302869287 0.0125 0.025504782146652496
0 0.3272705078125 0.08719115302869287 0.0125 0.025504782146652496
13 0.3272705078125 0.08719115302869287 0.0125 0.025504782146652496
0 0.3553955078125 0.08719115302869287 0.0125 0.025504782146652496
13 0.3553955078125 0.08719115302869287 0.0125 0.025504782146652496
0 0.3835205078125 0.08719115302869287 0.0125 0.026567481402763018
13 0.3835205078125 0.08719115302869287 0.0125 0.026567481402763018
0 0.4116455078125 0.08719115302869287 0.0125 0.026567481402763018
13 0.4116455078125 0.08719115302869287 0.0125 0.026567481402763018
0 0.4397705078125 0.08719115302869287 0.0125 0.025504782146652496
13 0.4397705078125 0.08719115302869287 0.0125 0.025504782146652496
2 0.7 0.08719115302869287 0.19583333333333333 0.04675876726886291
0 0.2566650390625 0.19771187566418705 0.10916341145833333 0.025504782146652496
0 0.21128336588541666 0.23650039851222104 0.018400065104166665 0.018065887353878853
0 0.21022542317708334 0.26944407545164717 0.0162841796875 0.018065887353878853
0 0.20966796875 0.30238775239107335 0.015169270833333333 0.018065887353878853
0 0.21635335286458332 0.3353314293304995 0.0285400390625 0.018065887353878853
0 0.210400390625 0.3682751062699256 0.016634114583333335 0.018065887353878853
0 0.21007080078125 0.4012187832093517 0.015974934895833334 0.018065887353878853
0 0.21287841796875 0.4341624601487779 0.021590169270833334 0.018065887353878853
0 0.21134847005208332 0.46710613708820403 0.0185302734375 0.018065887353878853
0 0.21188151041666667 0.5000498140276302 0.019596354166666666 0.018065887353878853
0 0.20973714192708334 0.5329934909670563 0.0153076171875 0.018065887353878853
0 0.21023356119791667 0.5659371679064825 0.016300455729166666 0.018065887353878853
0 0.22027180989583334 0.5988808448459086 0.036376953125 0.018065887353878853
0 0.37832845052083336 0.19771187566418705 0.10916341145833333 0.025504782146652496
0 0.33397216796875 0.23650039851222104 0.020450846354166666 0.018065887353878853
0 0.33784586588541665 0.26944407545164717 0.0281982421875 0.018065887353878853
0 0.33175455729166664 0.30238775239107335 0.016015625 0.018065887353878853
0 0.3450927734375 0.3353314293304995 0.04269205729166667 0.018065887353878853
0 0.34533284505208334 0.4426640541976621 0.043172200520833336 0.018065887353878853
0 0.34666748046875 0.4756077311370882 0.04584147135416667 0.018065887353878853
0 0.3399739583333333 0.5085514080765143 0.032454427083333334 0.018065887353878853
0 0.33245849609375 0.5414950850159405 0.017423502604166665 0.018065887353878853
0 0.34696044921875 0.5744387619553666 0.046427408854166664 0.018065887353878853
0 0.35692952473958334 0.6073824388947928 0.06636555989583333 0.018065887353878853
0 0.3419677734375 0.640326115834219 0.03644205729166667 0.018065887353878853
0 0.34100748697916666 0.6732697927736451 0.034521484375 0.018065887353878853
0 0.34366048177083336 0.7062134697130712 0.03982747395833333 0.018065887353878853
0 0.33948974609375 0.7391571466524973 0.03148600260416667 0.018065887353878853
0 0.34057210286458334 0.7721008235919234 0.033650716145833336 0.018065887353878853
0 0.35614420572916666 0.8050445005313497 0.064794921875 0.018065887353878853
0 0.4999918619791667 0.19771187566418705 0.10916341145833333 0.025504782146652496
0 0.4739908854166667 0.23650039851222104 0.05716145833333333 0.018065887353878853
0 0.4802937825520833 0.34383302337938365 0.06976725260416666 0.018065887353878853
0 0.46922607421875 0.3767767003188098 0.0476318359375 0.018065887353878853
0 0.4663330078125 0.4097203772582359 0.041845703125 0.018065887353878853
0 0.46101481119791665 0.4426640541976621 0.031209309895833332 0.018065887353878853
0 0.5950642903645833 0.23650039851222104 0.0559814453125 0.018065887353878853
0 0.5802327473958333 0.26944407545164717 0.026318359375 0.018065887353878853
0 0.5942301432291667 0.30238775239107335 0.05431315104166667 0.018065887353878853
0 0.57550048828125 0.3353314293304995 0.016853841145833333 0.018065887353878853
0 0.5804484049479167 0.3682751062699256 0.026749674479166666 0.018065887353878853
0 0.5867024739583333 0.4012187832093517 0.0392578125 0.018065887353878853
0 0.5860555013020833 0.4341624601487779 0.0379638671875 0.018065887353878853
0 0.6064005533854167 0.46710613708820403 0.07865397135416667 0.018065887353878853
0 0.6060994466145834 0.5000498140276302 0.0780517578125 0.018065887353878853
0 0.7433186848958333 0.19771187566418705 0.10916341145833333 0.025504782146652496
0 0.7069661458333333 0.23650039851222104 0.036458333333333336 0.018065887353878853
0 0.7352945963541667 0.26944407545164717 0.093115234375 0.018065887353878853
0 0.7286376953125 0.30238775239107335 0.07980143229166667 0.018065887353878853
0 0.7183756510416667 0.3353314293304995 0.05927734375 0.018065887353878853
0 0.736572265625 0.3682751062699256 0.09567057291666667 0.018065887353878853
0 0.74122314453125 0.4012187832093517 0.10497233072916666 0.018065887353878853
0 0.7400349934895833 0.4341624601487779 0.10259602864583334 0.018065887353878853
0 0.6972737630208333 0.46710613708820403 0.017073567708333334 0.018065887353878853
0 0.7103719075520833 0.5744387619553666 0.04326985677083333 0.018065887353878853
0 0.71480712890625 0.6073824388947928 0.052140299479166666 0.018065887353878853
0 0.7184529622395833 0.640326115834219 0.059431966145833334 0.018065887353878853
0 0.7301228841145834 0.6732697927736451 0.08277180989583334 0.018065887353878853
0 0.70703125 0.7062134697130712 0.03658854166666667 0.018065887353878853
0 0.7190592447916667 0.7391571466524973 0.06064453125 0.018065887353878853
0 0.7153279622395833 0.7721008235919234 0.053181966145833336 0.018065887353878853
0 0.22291666666666668 0.9121944739638682 0.041666666666666664 0.028327577045696068
0 0.2840576171875 0.9113144261424017 0.04415690104166667 0.018065887353878853
0 0.35050048828125 0.9113144261424017 0.05331217447916667 0.018065887353878853
0 0.40647786458333335 0.9113144261424017 0.023225911458333335 0.018065887353878853
0 0.4453938802083333 0.9113144261424017 0.019189453125 0.018065887353878853
1 0.7590983072916667 0.9501029489904357 0.07762044270833333 0.02975557917109458
1 0.9723958333333333 0.944739638682253 0.029166666666666667 0.05951115834218916
