0 0.06335042317708334 0.03400637619553666 0.10170084635416667 0.028692879914984058
1 0.14757486979166667 0.03400637619553666 0.031331380208333336 0.04675876726886291
0 0.17578938802083333 0.32199787460148777 0.037760416666666664 0.10839532412327312
0 0.23621419270833333 0.32199787460148777 0.035172526041666666 0.10839532412327312
0 0.23621419270833333 0.4495217853347503 0.035172526041666666 0.14665249734325186
0 0.2369140625 0.5866099893730075 0.035172526041666666 0.1275239107332625
0 0.2369140625 0.7045696068012752 0.035172526041666666 0.10839532412327312
0 0.29899495442708335 0.32199787460148777 0.04107259114583333 0.10839532412327312
0 0.29899495442708335 0.4495217853347503 0.04107259114583333 0.14665249734325186
0 0.29899495442708335 0.5866099893730075 0.04107259114583333 0.1275239107332625
1 0.12886555989583334 0.12008501594048884 0.025 0.05100956429330499
1 0.19733072916666666 0.03400637619553666 0.030680338541666668 0.04675876726886291
1 0.2814127604166667 0.15196599362380447 0.045556640625 0.0871413390010627
1 0.2814127604166667 0.15196599362380447 0.045556640625 0.0871413390010627
1 0.2814127604166667 0.15196599362380447 0.016389973958333335 0.057385759829968117
0 0.23704020182291666 0.29861849096705634 0.060099283854166664 0.10839532412327312
0 0.23704020182291666 0.39744952178533477 0.060099283854166664 0.08926673751328375
0 0.23704020182291666 0.4867162592986185 0.060099283854166664 0.08926673751328375
0 0.23704020182291666 0.5855472901168969 0.060099283854166664 0.10839532412327312
0 0.32208251953125 0.28905419766206164 0.06206868489583333 0.08926673751328375
0 0.32208251953125 0.3687566418703507 0.06206868489583333 0.07013815090329437
0 0.32208251953125 0.44845908607863977 0.06206868489583333 0.08926673751328375
0 0.32208251953125 0.5377258235919234 0.06206868489583333 0.08926673751328375
1 0.1782958984375 0.12008501594048884 0.025 0.05100956429330499
1 0.24823811848958333 0.03400637619553666 0.03363444010416667 0.04675876726886291
0 0.28138834635416665 0.2922422954303932 0.04993489583333333 0.08289054197662062
0 0.28138834635416665 0.35600425079702447 0.04993489583333333 0.044633368756641874
0 0.28138834635416665 0.40063761955366634 0.04993489583333333 0.044633368756641874
0 0.28138834635416665 0.46439957492029754 0.04993489583333333 0.08289054197662062
0 0.28138834635416665 0.5377258235919234 0.04993489583333333 0.06376195536663125
0 0.28138834635416665 0.59192348565356 0.04993489583333333 0.044633368756641874
0 0.3523681640625 0.2731137088204038 0.044108072916666664 0.044633368756641874
0 0.3523681640625 0.3177470775770457 0.044108072916666664 0.044633368756641874
0 0.3523681640625 0.37194473963868224 0.044108072916666664 0.06376195536663125
1 0.23068033854166667 0.12008501594048884 0.025 0.05100956429330499
1 0.2872721354166667 0.03400637619553666 0.00693359375 0.04675876726886291
1 0.3212361653645833 0.03400637619553666 0.023494466145833334 0.04675876726886291
1 0.36946207682291665 0.03400637619553666 0.03545735677083333 0.04675876726886291
1 0.4579386393229167 0.14240170031880978 0.046915690104166664 0.06801275239107332
1 0.4579386393229167 0.14240170031880978 0.046915690104166664 0.06801275239107332
1 0.4579386393229167 0.14240170031880978 0.0177490234375 0.03825717321997875
0 0.39363199869791665 0.31243358129649307 0.033797200520833334 0.08926673751328375
0 0.39363199869791665 0.4208289054197662 0.033797200520833334 0.1275239107332625
0 0.39363199869791665 0.5483528161530287 0.033797200520833334 0.1275239107332625
0 0.457080078125 0.33156216790648246 0.045182291666666666 0.1275239107332625
0 0.457080078125 0.45908607863974493 0.045182291666666666 0.1275239107332625
0 0.457080078125 0.5866099893730075 0.045182291666666666 0.1275239107332625
0 0.457080078125 0.7045696068012752 0.045182291666666666 0.10839532412327312
0 0.524755859375 0.31243358129649307 0.042252604166666666 0.08926673751328375
0 0.524755859375 0.40170031880977686 0.042252604166666666 0.08926673751328375
0 0.524755859375 0.5005313496280552 0.042252604166666666 0.10839532412327312
0 0.524755859375 0.6376195536663124 0.042252604166666666 0.16578108395324123
1 0.35281575520833336 0.12008501594048884 0.025 0.05100956429330499
1 0.8846883138020833 0.03294367693942614 0.10140787760416667 0.04675876726886291
0 0.8959269205729167 0.12008501594048884 0.07788899739583334 0.04250797024442083
1 0.96951904296875 0.03294367693942614 0.0515869140625 0.04675876726886291
1 0.96951904296875 0.03294367693942614 0.022420247395833332 0.019128586609989374
1 0.287548828125 0.5391206163655685 0.17718098958333334 0.053134962805526036
0 0.30755615234375 0.6294500531349628 0.08636881510416666 0.04250797024442083
0 0.30262451171875 0.7838901434643996 0.08568522135416666 0.04675876726886291
0 0.373974609375 0.7838901434643996 0.048681640625 0.04675876726886291
0 0.4361165364583333 0.7838901434643996 0.06726888020833334 0.04675876726886291
0 0.50006103515625 0.7838901434643996 0.052286783854166664 0.04675876726886291
0 0.5577229817708333 0.7838901434643996 0.054703776041666666 0.04675876726886291
0 0.6134318033854167 0.7838901434643996 0.048380533854166664 0.04675876726886291
0 0.6694783528645833 0.7838901434643996 0.055379231770833336 0.04675876726886291
0 0.7207722981770833 0.7838901434643996 0.03887532552083333 0.04675876726886291
1 0.9723958333333333 0.944739638682253 0.029166666666666667 0.05951115834218916
