1 0.01875 0.03400637619553666 0.025 0.05100956429330499
0 0.12317708333333334 0.036131774707757705 0.1796875 0.04250797024442083
2 0.4236979166666667 0.03400637619553666 0.3203125 0.048884165781083955
2 0.4236979166666667 0.03400637619553666 0.3203125 0.048884165781083955
1 0.5947916666666667 0.03400637619553666 0.029166666666666667 0.048884165781083955
1 0.24895833333333334 0.03400637619553666 0.029166666666666667 0.048884165781083955
1 0.884375 0.03400637619553666 0.025 0.05100956429330499
1 0.9229166666666667 0.03400637619553666 0.020833333333333332 0.04250797024442083
0 0.9645833333333333 0.03400637619553666 0.05 0.03825717321997875
0 0.06875 0.1030818278427205 0.1375 0.05100956429330499
0 0.06875 0.15409139213602552 0.1375 0.05100956429330499
1 0.010416666666666666 0.2051009564293305 0.0125 0.025504782146652496
0 0.06875 0.25398512221041447 0.1375 0.04675876726886291
0 0.06875 0.3007438894792774 0.1375 0.04675876726886291
0 0.06875 0.3475026567481403 0.1375 0.04675876726886291
0 0.06875 0.3942614240170032 0.1375 0.04675876726886291
0 0.06875 0.44314558979808716 0.1375 0.05100956429330499
1 0.010416666666666666 0.49415515409139216 0.0125 0.025504782146652496
0 0.06875 0.5430393198724761 0.1375 0.04675876726886291
0 0.06875 0.589798087141339 0.1375 0.04675876726886291
1 0.010416666666666666 0.638682252922423 0.0125 0.025504782146652496
1 0.022916666666666665 0.6875664187035069 0.0125 0.025504782146652496
0 0.06875 0.6875664187035069 0.1375 0.04675876726886291
0 0.06875 0.7258235919234857 0.1375 0.02975557917109458
0 0.06875 0.7555791710945803 0.1375 0.02975557917109458
0 0.06875 0.7853347502656748 0.1375 0.02975557917109458
0 0.06875 0.8150903294367694 0.1375 0.02975557917109458
0 0.06875 0.844845908607864 0.1375 0.02975557917109458
0 0.06875 0.8746014877789585 0.1375 0.02975557917109458
1 0.022916666666666665 0.7343251859723698 0.0125 0.025504782146652496
0 0.06875 0.7343251859723698 0.1375 0.04675876726886291
0 0.06875 0.7725823591923485 0.1375 0.02975557917109458
0 0.06875 0.8023379383634431 0.1375 0.02975557917109458
0 0.06875 0.8320935175345378 0.1375 0.02975557917109458
0 0.06875 0.8618490967056323 0.1375 0.02975557917109458
1 0.022916666666666665 0.7810839532412327 0.0125 0.025504782146652496
0 0.06875 0.7810839532412327 0.1375 0.04675876726886291
0 0.06875 0.8193411264612115 0.1375 0.02975557917109458
0 0.06875 0.8490967056323061 0.1375 0.02975557917109458
0 0.06875 0.8278427205100957 0.1375 0.04675876726886291
0 0.06875 0.8746014877789585 0.1375 0.04675876726886291
0 0.06875 0.7077577045696068 0.1375 0.05100956429330499
1 0.38402913411458334 0.1073326248671626 0.05868326822916667 0.03825717321997875
1 0.45296630859375 0.1073326248671626 0.06669108072916667 0.03825717321997875
1 0.5154541015625 0.1073326248671626 0.04578450520833333 0.03825717321997875
1 0.5411376953125 0.17747077577045697 0.010416666666666666 0.021253985122210415
0 0.5928059895833333 0.20297555791710944 0.0462890625 0.01700318809776833
0 0.7731282552083333 0.17109458023379384 0.03704427083333333 0.01700318809776833
0 0.4234375 0.3528161530286929 0.1375 0.2592986184909671
1 0.48072916666666665 0.45483528161530284 0.010416666666666666 0.021253985122210415
0 0.5703125 0.3528161530286929 0.1375 0.2592986184909671
1 0.6276041666666666 0.45483528161530284 0.010416666666666666 0.021253985122210415
0 0.7171875 0.3528161530286929 0.1375 0.2592986184909671
1 0.7744791666666667 0.45483528161530284 0.010416666666666666 0.021253985122210415
1 0.4323486328125 0.536663124335813 0.010416666666666666 0.021253985122210415
0 0.625146484375 0.5621679064824655 0.0462890625 0.01700318809776833
0 0.7731282552083333 0.5302869287991498 0.03704427083333333 0.01700318809776833
0 0.4234375 0.7120085015940489 0.1375 0.2592986184909671
0 0.5703125 0.7120085015940489 0.1375 0.2592986184909671
0 0.7171875 0.7120085015940489 0.1375 0.2592986184909671
1 0.469189453125 0.895855472901169 0.010416666666666666 0.021253985122210415
0 0.563427734375 0.9213602550478215 0.0462890625 0.01700318809776833
0 0.7731282552083333 0.8894792773645058 0.03704427083333333 0.01700318809776833
0 0.4234375 0.9707757704569607 0.1375 0.05844845908607864
0 0.5703125 0.9707757704569607 0.1375 0.05844845908607864
0 0.7171875 0.9707757704569607 0.1375 0.05844845908607864
