13 0.00026041666666666666 0.0005313496280552603 0.0005208333333333333 0.0010626992561105207
0 0.04505208333333333 0.02975557917109458 0.06510416666666667 0.025504782146652496
0 0.10850423177083333 0.02975557917109458 0.027425130208333332 0.022316684378320937
1 0.16007893880208332 0.02975557917109458 0.05072428385416667 0.03825717321997875
1 0.15508219401041667 0.02975557917109458 0.0323974609375 0.021253985122210415
1 0.21421712239583332 0.02975557917109458 0.04505208333333333 0.03825717321997875
1 0.20922037760416667 0.02975557917109458 0.026725260416666667 0.021253985122210415
1 0.26794026692708334 0.02975557917109458 0.04989420572916667 0.03825717321997875
1 0.3322347005208333 0.02975557917109458 0.06619466145833333 0.03400637619553666
1 0.9640299479166666 0.02975557917109458 0.0552734375 0.05100956429330499
1 0.592626953125 0.08305658873538789 0.097509765625 0.025836875664187034
2 0.18645833333333334 0.3573990435706695 0.18020833333333333 0.06588735387885228
1 0.29010416666666666 0.3573990435706695 0.010416666666666666 0.025504782146652496
1 0.31614583333333335 0.3573990435706695 0.025 0.05100956429330499
1 0.1 0.49554994686503717 0.03333333333333333 0.08501594048884166
1 0.1 0.49554994686503717 0.03333333333333333 0.06801275239107332
1 0.14166666666666666 0.49554994686503717 0.03333333333333333 0.08501594048884166
1 0.14166666666666666 0.49554994686503717 0.03333333333333333 0.06801275239107332
1 0.18333333333333332 0.49554994686503717 0.03333333333333333 0.08501594048884166
1 0.18333333333333332 0.49554994686503717 0.03333333333333333 0.06801275239107332
1 0.225 0.49554994686503717 0.03333333333333333 0.08501594048884166
1 0.225 0.49554994686503717 0.03333333333333333 0.06801275239107332
1 0.26666666666666666 0.49554994686503717 0.03333333333333333 0.08501594048884166
1 0.26666666666666666 0.49554994686503717 0.03333333333333333 0.06801275239107332
1 0.30833333333333335 0.49554994686503717 0.03333333333333333 0.08501594048884166
1 0.30833333333333335 0.49554994686503717 0.03333333333333333 0.06801275239107332
1 0.35 0.49554994686503717 0.03333333333333333 0.08501594048884166
1 0.35 0.49554994686503717 0.03333333333333333 0.06801275239107332
1 0.3707763671875 0.6124468650371945 0.037744140625 0.03400637619553666
1 0.417041015625 0.6124468650371945 0.04228515625 0.03400637619553666
1 0.46278483072916665 0.6124468650371945 0.036702473958333336 0.03400637619553666
1 0.5081461588541667 0.6124468650371945 0.041520182291666666 0.03400637619553666
1 0.5598388671875 0.6124468650371945 0.049365234375 0.03400637619553666
1 0.6083089192708333 0.6124468650371945 0.035074869791666664 0.03400637619553666
1 0.6554036458333333 0.6124468650371945 0.046614583333333334 0.03400637619553666
1 0.7025838216145833 0.6124468650371945 0.03524576822916667 0.03400637619553666
1 0.741552734375 0.6124468650371945 0.030192057291666668 0.03400637619553666
1 0.91875 0.9089399574920297 0.025 0.05100956429330499
0 0.11458333333333333 0.9050544633368757 0.0625 0.18989107332624866
0 0.19583333333333333 0.9050544633368757 0.0625 0.18989107332624866
0 0.27708333333333335 0.9050544633368757 0.0625 0.18989107332624866
0 0.35833333333333334 0.9050544633368757 0.0625 0.18989107332624866
0 0.4395833333333333 0.9050544633368757 0.0625 0.18989107332624866
0 0.5364583333333334 0.922057651434644 0.09375 0.155884697130712
0 0.6489583333333333 0.922057651434644 0.09375 0.155884697130712
0 0.7458333333333333 0.9050544633368757 0.0625 0.18989107332624866
0 0.8427083333333333 0.922057651434644 0.09375 0.155884697130712
0 0.9541666666666667 0.922057651434644 0.09166666666666666 0.155884697130712
1 0.9708333333333333 0.9234856535600425 0.03333333333333333 0.06801275239107332
1 0.9708333333333333 0.9234856535600425 0.0125 0.025504782146652496
13 0.00026041666666666666 0.0005313496280552603 0.0005208333333333333 0.0010626992561105207
