0 0.11901041666666666 0.02975557917109458 0.07135416666666666 0.057385759829968117
0 0.20609944661458332 0.02975557917109458 0.06949055989583333 0.057385759829968117
11 0.2656941731770833 0.026036131774707757 0.04761555989583333 0.052072263549415514
0 0.2656941731770833 0.026567481402763018 0.04344889322916667 0.05100956429330499
11 0.3278564453125 0.02763018065887354 0.072998046875 0.05526036131774708
1 0.3294189453125 0.0281615302869288 0.076123046875 0.05419766206163656
11 0.39222819010416665 0.02763018065887354 0.05203450520833333 0.05526036131774708
1 0.3937906901041667 0.0281615302869288 0.055159505208333334 0.05419766206163656
11 0.45638427734375 0.026036131774707757 0.07256673177083334 0.052072263549415514
0 0.45638427734375 0.026567481402763018 0.06840006510416667 0.05100956429330499
1 0.7804402669270833 0.02709883103081828 0.0405029296875 0.04782146652497343
11 0.83577880859375 0.022848034006376194 0.05267740885416667 0.04569606801275239
0 0.83577880859375 0.0281615302869288 0.0422607421875 0.03294367693942614
0 0.8896525065104167 0.028692879914984058 0.0540283203125 0.05100956429330499
1 0.30043131510416665 0.40435706695005313 0.292529296875 0.05526036131774708
1 0.30043131510416665 0.40435706695005313 0.292529296875 0.05526036131774708
1 0.19352620442708332 0.40435706695005313 0.07871907552083333 0.05526036131774708
1 0.19352620442708332 0.40435706695005313 0.05996907552083333 0.025504782146652496
1 0.30043131510416665 0.48459086078639746 0.292529296875 0.03719447396386823
0 0.197998046875 0.48459086078639746 0.08766276041666667 0.03719447396386823
1 0.16320393880208334 0.48459086078639746 0.018074544270833333 0.03719447396386823
8 0.44607340494791664 0.7566418703506907 0.5838134765625 0.05951115834218916
8 0.44607340494791664 0.7566418703506907 0.5838134765625 0.05951115834218916
0 0.17272135416666667 0.7630180658873539 0.028776041666666665 0.03825717321997875
0 0.2310302734375 0.7630180658873539 0.037841796875 0.03825717321997875
0 0.2928955078125 0.7630180658873539 0.035888671875 0.03825717321997875
0 0.35875244140625 0.7630180658873539 0.0458251953125 0.03825717321997875
0 0.43386637369791664 0.7630180658873539 0.054402669270833336 0.03825717321997875
0 0.50159912109375 0.7630180658873539 0.031062825520833334 0.03825717321997875
0 0.54879150390625 0.7630180658873539 0.013321940104166667 0.03825717321997875
0 0.5966796875 0.7630180658873539 0.032454427083333334 0.03825717321997875
1 0.8002400716145833 0.7566418703506907 0.0911865234375 0.04675876726886291
1 0.8002400716145833 0.7566418703506907 0.0911865234375 0.04675876726886291
1 0.8002400716145833 0.7566418703506907 0.0724365234375 0.025504782146652496
1 0.19194742838541667 0.9909670563230606 0.0755615234375 0.018065887353878853
1 0.28539632161458334 0.9909670563230606 0.1030029296875 0.018065887353878853
1 0.3862548828125 0.9909670563230606 0.090380859375 0.018065887353878853
1 0.4851603190104167 0.9909670563230606 0.0990966796875 0.018065887353878853
