0 0.8468017578125 0.049415515409139216 0.056396484375 0.04569606801275239
1 0.9075520833333334 0.052072263549415514 0.0234375 0.048884165781083955
0 0.11901041666666666 0.1392136025504782 0.07135416666666666 0.057385759829968117
0 0.19318440755208333 0.1392136025504782 0.043660481770833336 0.057385759829968117
11 0.24344075520833333 0.13549415515409138 0.054768880208333336 0.052072263549415514
0 0.24344075520833333 0.13602550478214664 0.05060221354166667 0.05100956429330499
11 0.2882771809895833 0.13549415515409138 0.031193033854166666 0.052072263549415514
0 0.2882771809895833 0.13602550478214664 0.0270263671875 0.05100956429330499
11 0.3297810872395833 0.13708820403825717 0.04810384114583333 0.05526036131774708
1 0.33134358723958335 0.13761955366631243 0.051228841145833336 0.05419766206163656
11 0.3779825846354167 0.13708820403825717 0.04458821614583333 0.05526036131774708
1 0.37954508463541664 0.13761955366631243 0.047713216145833334 0.05419766206163656
11 0.4390869140625 0.13708820403825717 0.07390950520833334 0.05526036131774708
1 0.4406494140625 0.13761955366631243 0.07703450520833334 0.05419766206163656
11 0.5039143880208333 0.13708820403825717 0.05203450520833333 0.05526036131774708
1 0.5054768880208333 0.13761955366631243 0.055159505208333334 0.05419766206163656
0 0.5734090169270833 0.13761955366631243 0.0634521484375 0.03294367693942614
1 0.7859090169270834 0.13761955366631243 0.059285481770833336 0.05419766206163656
1 0.8368448893229167 0.1365568544102019 0.0405029296875 0.04782146652497343
0 0.88980712890625 0.1381509032943677 0.05371907552083333 0.05100956429330499
0 0.9361979166666666 0.1875664187035069 0.007291666666666667 0.020191285866099893
2 0.5 0.35090661530286926 0.2916666666666667 0.05419766206163656
1 0.6328125 0.35090661530286926 0.026041666666666668 0.05419766206163656
0 0.23214111328125 0.48781216790648246 0.0892822265625 0.09208953241232731
0 0.32142333984375 0.48781216790648246 0.0892822265625 0.09208953241232731
0 0.41070556640625 0.48781216790648246 0.0892822265625 0.09208953241232731
0 0.49998779296875 0.48781216790648246 0.0892822265625 0.09208953241232731
0 0.58927001953125 0.48781216790648246 0.0892822265625 0.09208953241232731
0 0.67855224609375 0.48781216790648246 0.0892822265625 0.09208953241232731
0 0.76783447265625 0.48781216790648246 0.0892822265625 0.09208953241232731
1 0.17546793619791667 0.7232083554729012 0.10093587239583333 0.04461676408076514
0 0.3065104166666667 0.7805692082890542 0.36302083333333335 0.03822396386822529
1 0.69140625 0.7878254516471839 0.025 0.05100956429330499
