0 0.008072916666666667 0.01647183846971307 0.016145833333333335 0.03294367693942614
0 0.050520833333333334 0.0281615302869288 0.013541666666666667 0.02763018065887354
0 0.08800048828125 0.0281615302869288 0.03433430989583333 0.04101354941551541
1 0.1316162109375 0.0281615302869288 0.04456380208333333 0.0563230605738576
1 0.20474446614583333 0.0281615302869288 0.093359375 0.0563230605738576
1 0.30323486328125 0.0281615302869288 0.0952880859375 0.0563230605738576
1 0.37354736328125 0.0281615302869288 0.037003580729166666 0.0563230605738576
1 0.9197102864583333 0.0281615302869288 0.020833333333333332 0.03825717321997875
1 0.9452718098958334 0.0281615302869288 0.021956380208333334 0.02719845908607864
0 0.07325439453125 0.08554729011689692 0.0590087890625 0.03941950053134963
8 0.1616455078125 0.08554729011689692 0.10110677083333333 0.0563230605738576
1 0.1616455078125 0.08554729011689692 0.10110677083333333 0.0563230605738576
8 0.24949137369791666 0.08554729011689692 0.0745849609375 0.0563230605738576
1 0.24949137369791666 0.08554729011689692 0.0745849609375 0.0563230605738576
8 0.30809326171875 0.08554729011689692 0.042618815104166666 0.0563230605738576
1 0.30809326171875 0.08554729011689692 0.042618815104166666 0.0563230605738576
8 0.35408935546875 0.08554729011689692 0.04937337239583333 0.0563230605738576
1 0.35408935546875 0.08554729011689692 0.04937337239583333 0.0563230605738576
1 0.9286092122395834 0.089798087141339 0.055281575520833334 0.04197662061636557
1 0.9286092122395834 0.08554729011689692 0.055281575520833334 0.0334750265674814
0 0.182666015625 0.4112646121147715 0.17679036458333333 0.021253985122210415
0 0.47326253255208334 0.4112646121147715 0.1413330078125 0.021253985122210415
0 0.80758056640625 0.4112646121147715 0.19331868489583334 0.021253985122210415
0 0.027864583333333335 0.5580167375132837 0.0005208333333333333 0.0010626992561105207
0 0.19166259765625 0.7517268862911796 0.2781168619791667 0.021253985122210415
0 0.49998779296875 0.7517268862911796 0.2781168619791667 0.021253985122210415
0 0.80831298828125 0.7517268862911796 0.2781168619791667 0.021253985122210415
0 0.19166259765625 0.9388615834218916 0.2781168619791667 0.021253985122210415
0 0.49998779296875 0.9388615834218916 0.2781168619791667 0.021253985122210415
