0 0.11901041666666666 0.02975557917109458 0.07135416666666666 0.057385759829968117
0 0.20609944661458332 0.02975557917109458 0.06949055989583333 0.057385759829968117
11 0.26480712890625 0.026036131774707757 0.04584147135416667 0.052072263549415514
0 0.26480712890625 0.026567481402763018 0.0416748046875 0.05100956429330499
11 0.32191569010416665 0.026036131774707757 0.06466471354166667 0.052072263549415514
0 0.32191569010416665 0.026567481402763018 0.060498046875 0.05100956429330499
11 0.38086344401041666 0.02895855472901169 0.049519856770833336 0.05791710945802338
1 0.3824259440104167 0.02948990435706695 0.05264485677083333 0.056854410201912856
11 0.43349609375 0.02895855472901169 0.05203450520833333 0.05791710945802338
1 0.43505859375 0.02948990435706695 0.055159505208333334 0.056854410201912856
0 0.4891845703125 0.0281615302869288 0.03583984375 0.03294367693942614
1 0.7855997721354167 0.02948990435706695 0.059285481770833336 0.056854410201912856
1 0.83653564453125 0.02709883103081828 0.0405029296875 0.04782146652497343
0 0.8896525065104167 0.028692879914984058 0.0540283203125 0.05100956429330499
0 0.6538004557291667 0.09032943676939426 0.063427734375 0.025504782146652496
1 0.15602213541666668 0.5167375132837407 0.09534505208333334 0.04250797024442083
1 0.23873697916666667 0.5167375132837407 0.040511067708333334 0.04250797024442083
1 0.9864583333333333 0.4298618490967056 0.01875 0.03825717321997875
1 0.9864583333333333 0.4766206163655685 0.01875 0.03825717321997875
1 0.9864583333333333 0.5233793836344315 0.01875 0.03825717321997875
1 0.9864583333333333 0.5701381509032943 0.01875 0.03825717321997875
