0 0.11901041666666666 0.02975557917109458 0.07135416666666666 0.057385759829968117
0 0.20609944661458332 0.02975557917109458 0.06949055989583333 0.057385759829968117
11 0.2659383138020833 0.02895855472901169 0.04810384114583333 0.05791710945802338
1 0.26750081380208335 0.02948990435706695 0.051228841145833336 0.056854410201912856
11 0.3241780598958333 0.026036131774707757 0.06466471354166667 0.052072263549415514
0 0.3241780598958333 0.026567481402763018 0.060498046875 0.05100956429330499
11 0.38438313802083335 0.02895855472901169 0.05203450520833333 0.05791710945802338
1 0.3859456380208333 0.02948990435706695 0.055159505208333334 0.056854410201912856
11 0.43519694010416665 0.02895855472901169 0.045882161458333334 0.05791710945802338
1 0.4367594401041667 0.02948990435706695 0.04900716145833333 0.056854410201912856
1 0.7804402669270833 0.02709883103081828 0.0405029296875 0.04782146652497343
11 0.83577880859375 0.022848034006376194 0.05267740885416667 0.04569606801275239
0 0.83577880859375 0.0281615302869288 0.0422607421875 0.03294367693942614
0 0.8896525065104167 0.028692879914984058 0.0540283203125 0.05100956429330499
0 0.65859375 0.09032943676939426 0.046630859375 0.025504782146652496
1 0.14453125 0.6057385759829969 0.07239583333333334 0.04250797024442083
8 0.242822265625 0.6057385759829969 0.09461263020833334 0.04250797024442083
1 0.242822265625 0.6057385759829969 0.09461263020833334 0.04250797024442083
