0 0.11901041666666666 0.02975557917109458 0.07135416666666666 0.057385759829968117
0 0.20609944661458332 0.02975557917109458 0.06949055989583333 0.057385759829968117
11 0.2639973958333333 0.02709883103081828 0.04422200520833333 0.052072263549415514
0 0.2639973958333333 0.02763018065887354 0.040055338541666666 0.05100956429330499
11 0.31201578776041666 0.02763018065887354 0.04810384114583333 0.05526036131774708
1 0.3135782877604167 0.0281615302869288 0.051228841145833336 0.05419766206163656
11 0.3631591796875 0.026036131774707757 0.05047200520833333 0.052072263549415514
0 0.3631591796875 0.026567481402763018 0.046305338541666664 0.05100956429330499
11 0.4225830078125 0.026036131774707757 0.06466471354166667 0.052072263549415514
0 0.4225830078125 0.026567481402763018 0.060498046875 0.05100956429330499
11 0.4827880859375 0.02763018065887354 0.05203450520833333 0.05526036131774708
1 0.4843505859375 0.0281615302869288 0.055159505208333334 0.05419766206163656
11 0.5294352213541667 0.026036131774707757 0.037548828125 0.052072263549415514
0 0.5294352213541667 0.026567481402763018 0.03338216145833333 0.05100956429330499
1 0.8078898111979167 0.02709883103081828 0.0405029296875 0.04782146652497343
11 0.8595540364583333 0.023910733262486716 0.045328776041666664 0.04569606801275239
0 0.8595540364583333 0.02922422954303932 0.034912109375 0.03294367693942614
11 0.89918212890625 0.026036131774707757 0.03392740885416667 0.052072263549415514
0 0.89918212890625 0.026567481402763018 0.0297607421875 0.05100956429330499
1 0.32499593098958335 0.49249468650371947 0.3074951171875 0.05526036131774708
1 0.32499593098958335 0.49249468650371947 0.3074951171875 0.05526036131774708
1 0.19223225911458333 0.49249468650371947 0.0419677734375 0.05526036131774708
1 0.19223225911458333 0.49249468650371947 0.0232177734375 0.025504782146652496
1 0.25985514322916664 0.49249468650371947 0.08494466145833333 0.05526036131774708
1 0.25985514322916664 0.49249468650371947 0.06619466145833333 0.025504782146652496
8 0.4581298828125 0.7596971307120085 0.6079264322916667 0.05951115834218916
8 0.4581298828125 0.7596971307120085 0.6079264322916667 0.05951115834218916
0 0.17063802083333332 0.7660733262486716 0.028776041666666665 0.03825717321997875
0 0.23052164713541667 0.7660733262486716 0.0409912109375 0.03825717321997875
0 0.30460205078125 0.7660733262486716 0.057169596354166664 0.03825717321997875
0 0.3810343424479167 0.7660733262486716 0.045694986979166664 0.03825717321997875
0 0.45902099609375 0.7660733262486716 0.0602783203125 0.03825717321997875
0 0.5331949869791667 0.7660733262486716 0.038069661458333334 0.03825717321997875
0 0.5838907877604167 0.7660733262486716 0.013321940104166667 0.03825717321997875
1 0.8039632161458333 0.7596971307120085 0.083740234375 0.04675876726886291
1 0.8039632161458333 0.7596971307120085 0.064990234375 0.025504782146652496
1 0.18749593098958334 0.9924946865037194 0.06665852864583334 0.015010626992561105
1 0.2775634765625 0.9924946865037194 0.10514322916666667 0.015010626992561105
1 0.3781209309895833 0.9924946865037194 0.08763834635416666 0.015010626992561105
