0 0.008072916666666667 0.01647183846971307 0.016145833333333335 0.03294367693942614
0 0.050520833333333334 0.0281615302869288 0.013541666666666667 0.02763018065887354
0 0.08800048828125 0.0281615302869288 0.03433430989583333 0.04101354941551541
1 0.1316162109375 0.0281615302869288 0.04456380208333333 0.0563230605738576
1 0.20474446614583333 0.0281615302869288 0.093359375 0.0563230605738576
1 0.30323486328125 0.0281615302869288 0.0952880859375 0.0563230605738576
1 0.37354736328125 0.0281615302869288 0.037003580729166666 0.0563230605738576
1 0.9197102864583333 0.0281615302869288 0.020833333333333332 0.03825717321997875
1 0.9452718098958334 0.0281615302869288 0.021956380208333334 0.02719845908607864
0 0.0564453125 0.08554729011689692 0.025390625 0.03941950053134963
8 0.12755126953125 0.08554729011689692 0.10015462239583334 0.0563230605738576
1 0.12755126953125 0.08554729011689692 0.10015462239583334 0.0563230605738576
1 0.21341145833333333 0.08554729011689692 0.07156575520833333 0.0563230605738576
8 0.28084716796875 0.08554729011689692 0.0633056640625 0.0563230605738576
1 0.28084716796875 0.08554729011689692 0.0633056640625 0.0563230605738576
8 0.33718668619791664 0.08554729011689692 0.04937337239583333 0.0563230605738576
1 0.33718668619791664 0.08554729011689692 0.04937337239583333 0.0563230605738576
1 0.9291544596354167 0.089798087141339 0.05419108072916667 0.04197662061636557
1 0.9291544596354167 0.08554729011689692 0.05419108072916667 0.0334750265674814
0 0.19166259765625 0.4070138150903294 0.2781168619791667 0.021253985122210415
0 0.49998779296875 0.4070138150903294 0.2781168619791667 0.021253985122210415
0 0.80831298828125 0.4070138150903294 0.2781168619791667 0.021253985122210415
0 0.19166259765625 0.5563230605738576 0.2781168619791667 0.021253985122210415
0 0.49998779296875 0.5563230605738576 0.2781168619791667 0.021253985122210415
0 0.80831298828125 0.5563230605738576 0.2781168619791667 0.021253985122210415
0 0.19166259765625 0.7056323060573858 0.2781168619791667 0.021253985122210415
0 0.49998779296875 0.7056323060573858 0.2781168619791667 0.021253985122210415
0 0.80831298828125 0.7056323060573858 0.2781168619791667 0.021253985122210415
1 0.09134114583333333 0.9322529224229543 0.09518229166666667 0.0334750265674814
1 0.19832356770833334 0.9322529224229543 0.10211588541666666 0.0334750265674814
8 0.2837158203125 0.9322529224229543 0.052001953125 0.0334750265674814
1 0.2837158203125 0.9322529224229543 0.052001953125 0.0334750265674814
0 0.62432861328125 0.9330499468650372 0.055948893229166664 0.020191285866099893
0 0.6758382161458333 0.9330499468650372 0.0220703125 0.020191285866099893
0 0.71656494140625 0.9330499468650372 0.034383138020833336 0.020191285866099893
0 0.7612752278645833 0.9330499468650372 0.030037434895833333 0.020191285866099893
0 0.8094441731770833 0.9330499468650372 0.041300455729166664 0.020191285866099893
0 0.8647623697916667 0.9330499468650372 0.0443359375 0.020191285866099893
