0 0.11901041666666666 0.02975557917109458 0.07135416666666666 0.057385759829968117
0 0.20609944661458332 0.02975557917109458 0.06949055989583333 0.057385759829968117
11 0.25697428385416665 0.026036131774707757 0.03017578125 0.052072263549415514
0 0.25697428385416665 0.026567481402763018 0.026009114583333333 0.05100956429330499
11 0.3104166666666667 0.02763018065887354 0.072998046875 0.05526036131774708
1 0.31197916666666664 0.0281615302869288 0.076123046875 0.05419766206163656
11 0.37478841145833336 0.02763018065887354 0.05203450520833333 0.05526036131774708
1 0.3763509114583333 0.0281615302869288 0.055159505208333334 0.05419766206163656
11 0.4389444986979167 0.026036131774707757 0.07256673177083334 0.052072263549415514
0 0.4389444986979167 0.026567481402763018 0.06840006510416667 0.05100956429330499
1 0.7855997721354167 0.0281615302869288 0.059285481770833336 0.05419766206163656
1 0.83653564453125 0.02709883103081828 0.0405029296875 0.04782146652497343
0 0.8896525065104167 0.028692879914984058 0.0540283203125 0.05100956429330499
1 0.325 0.4128586609989373 0.3416666666666667 0.05526036131774708
1 0.325 0.4128586609989373 0.3416666666666667 0.05526036131774708
1 0.18999430338541667 0.4128586609989373 0.0716552734375 0.05526036131774708
1 0.18999430338541667 0.4128586609989373 0.0529052734375 0.025504782146652496
1 0.25097249348958334 0.4128586609989373 0.0419677734375 0.05526036131774708
1 0.25097249348958334 0.4128586609989373 0.0232177734375 0.025504782146652496
1 0.325 0.49309245483528164 0.3416666666666667 0.03719447396386823
0 0.197998046875 0.49309245483528164 0.08766276041666667 0.03719447396386823
1 0.16320393880208334 0.49309245483528164 0.018074544270833333 0.03719447396386823
8 0.4369384765625 0.7566418703506907 0.5655436197916667 0.05951115834218916
8 0.4369384765625 0.7566418703506907 0.5655436197916667 0.05951115834218916
0 0.17849527994791667 0.7630180658873539 0.040323893229166664 0.03825717321997875
0 0.2416015625 0.7630180658873539 0.035888671875 0.03825717321997875
0 0.30745849609375 0.7630180658873539 0.0458251953125 0.03825717321997875
0 0.38551025390625 0.7630180658873539 0.0602783203125 0.03825717321997875
0 0.44731038411458335 0.7630180658873539 0.013321940104166667 0.03825717321997875
1 0.7911051432291667 0.7566418703506907 0.10945638020833333 0.03825717321997875
1 0.7701212565104166 0.7566418703506907 0.06748860677083333 0.03825717321997875
1 0.7701212565104166 0.7566418703506907 0.0529052734375 0.025504782146652496
1 0.8269327799479167 0.7566418703506907 0.037801106770833336 0.03825717321997875
1 0.8269327799479167 0.7566418703506907 0.0232177734375 0.025504782146652496
1 0.17767333984375 0.9909670563230606 0.047013346354166666 0.018065887353878853
1 0.23748372395833334 0.9909670563230606 0.06427408854166666 0.018065887353878853
1 0.30038248697916664 0.9909670563230606 0.05319010416666667 0.018065887353878853
