0 0.11901041666666666 0.02975557917109458 0.07135416666666666 0.057385759829968117
0 0.20609944661458332 0.02975557917109458 0.06949055989583333 0.057385759829968117
11 0.2659383138020833 0.02895855472901169 0.04810384114583333 0.05791710945802338
1 0.26750081380208335 0.02948990435706695 0.051228841145833336 0.056854410201912856
11 0.3241780598958333 0.026036131774707757 0.06466471354166667 0.052072263549415514
0 0.3241780598958333 0.026567481402763018 0.060498046875 0.05100956429330499
11 0.38438313802083335 0.02895855472901169 0.05203450520833333 0.05791710945802338
1 0.3859456380208333 0.02948990435706695 0.055159505208333334 0.056854410201912856
11 0.43519694010416665 0.02895855472901169 0.045882161458333334 0.05791710945802338
1 0.4367594401041667 0.02948990435706695 0.04900716145833333 0.056854410201912856
1 0.6668009440104167 0.02709883103081828 0.0405029296875 0.04782146652497343
11 0.7226236979166667 0.026036131774707757 0.05364583333333333 0.052072263549415514
0 0.7226236979166667 0.026567481402763018 0.049479166666666664 0.05100956429330499
11 0.7757853190104167 0.02497343251859724 0.05267740885416667 0.04569606801275239
0 0.7757853190104167 0.03028692879914984 0.0422607421875 0.03294367693942614
11 0.8321207682291667 0.02497343251859724 0.05999348958333333 0.04569606801275239
0 0.8321207682291667 0.03028692879914984 0.049576822916666666 0.03294367693942614
0 0.8896525065104167 0.028692879914984058 0.0540283203125 0.05100956429330499
1 0.16653645833333333 0.5102284803400637 0.11637369791666667 0.04250797024442083
1 0.27724609375 0.5102284803400637 0.07547200520833333 0.04250797024442083
0 0.33271484375 0.9477450850159405 0.13603515625 0.04250797024442083
0 0.45740966796875 0.9477450850159405 0.1133544921875 0.04250797024442083
0 0.5734781901041667 0.9477450850159405 0.11878255208333334 0.04250797024442083
0 0.68408203125 0.9477450850159405 0.10242513020833334 0.04250797024442083
1 0.9864583333333333 0.4298618490967056 0.01875 0.03825717321997875
1 0.9864583333333333 0.4766206163655685 0.01875 0.03825717321997875
1 0.9864583333333333 0.5233793836344315 0.01875 0.03825717321997875
1 0.9864583333333333 0.5701381509032943 0.01875 0.03825717321997875
1 0.58671875 0.36928799149840597 0.008854166666666666 0.025504782146652496
1 0.43776041666666665 0.5605738575982997 0.0515625 0.03825717321997875
1 0.4961751302083333 0.5605738575982997 0.0515625 0.03825717321997875
0 0.439453125 0.6110520722635494 0.054947916666666666 0.015940488841657812
