0 0.044657389322916664 0.036131774707757705 0.0684814453125 0.025504782146652496
2 0.4895833333333333 0.03400637619553666 0.2947916666666667 0.048884165781083955
2 0.4895833333333333 0.03400637619553666 0.2947916666666667 0.048884165781083955
1 0.6755208333333333 0.030818278427205102 0.022916666666666665 0.04250797024442083
1 0.6494791666666667 0.03400637619553666 0.029166666666666667 0.048884165781083955
1 0.32760416666666664 0.03400637619553666 0.029166666666666667 0.048884165781083955
1 0.715625 0.03400637619553666 0.025 0.05100956429330499
1 0.740625 0.03400637619553666 0.025 0.05100956429330499
1 0.9229166666666667 0.03400637619553666 0.020833333333333332 0.04250797024442083
0 0.9645833333333333 0.03400637619553666 0.05 0.03825717321997875
0 0.23819986979166666 0.10467587672688629 0.019970703125 0.028692879914984058
0 0.2776082356770833 0.09989373007438895 0.0255126953125 0.019128586609989374
0 0.32319742838541665 0.09989373007438895 0.032332356770833334 0.019128586609989374
0 0.3906331380208333 0.09989373007438895 0.034830729166666664 0.019128586609989374
0 0.4347005208333333 0.09989373007438895 0.019970703125 0.019128586609989374
0 0.47065836588541665 0.09989373007438895 0.018611653645833334 0.019128586609989374
0 0.51185302734375 0.09989373007438895 0.0304443359375 0.019128586609989374
0 0.5636311848958333 0.09989373007438895 0.039778645833333334 0.019128586609989374
0 0.6245890299479167 0.09989373007438895 0.0488037109375 0.019128586609989374
0 0.677099609375 0.09989373007438895 0.022884114583333334 0.019128586609989374
0 0.7188069661458333 0.09989373007438895 0.027197265625 0.019128586609989374
0 0.7604248046875 0.09989373007438895 0.022705078125 0.019128586609989374
1 0.690673828125 0.17640807651434645 0.010416666666666666 0.06376195536663125
1 0.7822916666666667 0.16578108395324123 0.016666666666666666 0.03400637619553666
0 0.7599202473958333 0.19766206163655686 0.06140950520833333 0.012752391073326248
0 0.24331868489583333 0.26461211477151964 0.063720703125 0.02763018065887354
0 0.284375 0.4782146652497343 0.14583333333333334 0.3294367693942614
1 0.3541666666666667 0.51009564293305 0.014583333333333334 0.02975557917109458
0 0.284375 0.563230605738576 0.14583333333333334 0.08289054197662062
0 0.47881673177083334 0.3645058448459086 0.21805013020833333 0.08501594048884166
1 0.584716796875 0.33156216790648246 0.014583333333333334 0.02975557917109458
0 0.47881673177083334 0.3645058448459086 0.21805013020833333 0.04250797024442083
0 0.47881673177083334 0.4665249734325186 0.21805013020833333 0.08501594048884166
1 0.584716796875 0.43358129649309246 0.014583333333333334 0.02975557917109458
0 0.47881673177083334 0.4665249734325186 0.21805013020833333 0.04250797024442083
0 0.47881673177083334 0.5685441020191286 0.21805013020833333 0.08501594048884166
1 0.584716796875 0.5356004250797024 0.014583333333333334 0.02975557917109458
0 0.47881673177083334 0.5685441020191286 0.21805013020833333 0.04250797024442083
0 0.5547037760416667 0.6280552603613178 0.06627604166666666 0.02975557917109458
0 0.284375 0.8363443145589798 0.14583333333333334 0.31668437832093516
1 0.3541666666666667 0.8746014877789585 0.014583333333333334 0.02975557917109458
0 0.284375 0.9277364505844846 0.14583333333333334 0.08289054197662062
0 0.47881673177083334 0.7290116896918172 0.21805013020833333 0.08501594048884166
1 0.584716796875 0.696068012752391 0.014583333333333334 0.02975557917109458
0 0.47881673177083334 0.7290116896918172 0.21805013020833333 0.04250797024442083
0 0.47881673177083334 0.8310308182784272 0.21805013020833333 0.08501594048884166
1 0.584716796875 0.798087141339001 0.014583333333333334 0.02975557917109458
0 0.47881673177083334 0.8310308182784272 0.21805013020833333 0.04250797024442083
0 0.47881673177083334 0.922422954303932 0.21805013020833333 0.06376195536663125
1 0.584716796875 0.900106269925611 0.014583333333333334 0.02975557917109458
0 0.47881673177083334 0.922422954303932 0.21805013020833333 0.021253985122210415
0 0.5547037760416667 0.9798087141339001 0.06627604166666666 0.02975557917109458
0 0.6449910481770833 0.26461211477151964 0.06429850260416667 0.02763018065887354
1 0.7802083333333333 0.26461211477151964 0.025 0.05100956429330499
0 0.7006917317708333 0.35600425079702447 0.17569986979166666 0.08501594048884166
1 0.74375 0.3230605738575983 0.014583333333333334 0.02975557917109458
0 0.6798583984375 0.36663124335812963 0.134033203125 0.06376195536663125
0 0.7006917317708333 0.6099893730074389 0.17569986979166666 0.05100956429330499
