1 0.036458333333333336 0.3363443145589798 0.052083333333333336 0.04250797024442083
0 0.5 0.3348498937300744 0.16145833333333334 0.019128586609989374
0 0.94095458984375 0.3363443145589798 0.0399658203125 0.04250797024442083
1 0.9791666666666666 0.3363443145589798 0.020833333333333332 0.04250797024442083
0 0.24489339192708334 0.40063761955366634 0.0330810546875 0.061636556854410204
1 0.2663818359375 0.40063761955366634 0.005729166666666666 0.061636556854410204
0 0.30611979166666664 0.40063761955366634 0.048746744791666664 0.061636556854410204
1 0.3354410807291667 0.40063761955366634 0.005729166666666666 0.061636556854410204
0 0.36209716796875 0.40063761955366634 0.0225830078125 0.061636556854410204
1 0.3783365885416667 0.40063761955366634 0.005729166666666666 0.061636556854410204
0 0.4080729166666667 0.40063761955366634 0.028743489583333334 0.061636556854410204
1 0.427392578125 0.40063761955366634 0.005729166666666666 0.061636556854410204
0 0.45089518229166664 0.40063761955366634 0.016276041666666668 0.061636556854410204
1 0.4639811197916667 0.40063761955366634 0.005729166666666666 0.061636556854410204
0 0.5032674153645833 0.40063761955366634 0.04784342447916667 0.061636556854410204
1 0.5321370442708333 0.40063761955366634 0.005729166666666666 0.061636556854410204
0 0.56063232421875 0.40063761955366634 0.026261393229166666 0.061636556854410204
1 0.5787109375 0.40063761955366634 0.005729166666666666 0.061636556854410204
0 0.6093098958333333 0.40063761955366634 0.03046875 0.061636556854410204
1 0.6294921875 0.40063761955366634 0.005729166666666666 0.061636556854410204
0 0.6581217447916666 0.40063761955366634 0.026529947916666668 0.061636556854410204
1 0.6763346354166667 0.40063761955366634 0.005729166666666666 0.061636556854410204
0 0.7022013346354167 0.40063761955366634 0.021004231770833333 0.061636556854410204
0 0.72646484375 0.40063761955366634 0.0025227864583333335 0.061636556854410204
0 0.7520304361979167 0.40063761955366634 0.0236083984375 0.061636556854410204
1 0.7687825520833333 0.40063761955366634 0.005729166666666666 0.061636556854410204
0 0.47857259114583334 0.723158541445271 0.29326171875 0.3984956163655685
0 0.21204427083333333 0.5292242295430393 0.049088541666666666 0.010626992561105207
0 0.25447998046875 0.6354941551540914 0.1339599609375 0.1891604675876727
0 0.25333251953125 0.9877706562167906 0.1316650390625 0.024458687566418703
0 0.4063517252604167 0.9877706562167906 0.1316650390625 0.024458687566418703
0 0.5593709309895833 0.9877706562167906 0.1316650390625 0.024458687566418703
0 0.6885660807291667 0.48831030818278426 0.08505859375 0.030818278427205102
0 0.7292643229166667 0.6370051806588736 0.166455078125 0.22618889479277365
0 0.7213134765625 0.771884962805526 0.15055338541666666 0.026567481402763018
0 0.6759969075520833 0.8843235255047821 0.059920247395833334 0.08141272582359192
0 0.7277099609375 0.8489306588735388 0.022672526041666665 0.010626992561105207
0 0.7525431315104166 0.8871878320935175 0.0723388671875 0.048884165781083955
