0 0.00026041666666666666 0.06004250797024442 0.0005208333333333333 0.0010626992561105207
1 0.014583333333333334 0.02975557917109458 0.029166666666666667 0.05951115834218916
1 0.014583333333333334 0.02975557917109458 0.0005208333333333333 0.0010626992561105207
1 0.014583333333333334 0.02975557917109458 0.016666666666666666 0.03400637619553666
1 0.014583333333333334 0.02975557917109458 0.008333333333333333 0.01700318809776833
0 0.06171875 0.02975557917109458 0.06510416666666667 0.053134962805526036
0 0.12659912109375 0.02975557917109458 0.0313232421875 0.01700318809776833
0 0.16625569661458334 0.02975557917109458 0.0313232421875 0.01700318809776833
0 0.19808349609375 0.02975557917109458 0.015665690104166668 0.01700318809776833
0 0.239697265625 0.02975557917109458 0.05089518229166667 0.01700318809776833
0 0.28913981119791665 0.02975557917109458 0.0313232421875 0.01700318809776833
0 0.32683919270833334 0.02975557917109458 0.027408854166666666 0.01700318809776833
0 0.36258138020833336 0.02975557917109458 0.027408854166666666 0.01700318809776833
0 0.3944091796875 0.02975557917109458 0.019580078125 0.01700318809776833
0 0.4223225911458333 0.02975557917109458 0.019580078125 0.01700318809776833
0 0.84208984375 0.08496612646121147 0.05294596354166667 0.019128586609989374
1 0.9304036458333333 0.06376195536663125 0.015625 0.031880977683315624
1 0.9304036458333333 0.06376195536663125 0.0005208333333333333 0.0010626992561105207
1 0.9304036458333333 0.06376195536663125 0.016666666666666666 0.031880977683315624
1 0.9304036458333333 0.06482465462274177 0.010333379109700521 0.021083949349511823
0 0.8904622395833334 0.02975557917109458 0.027408854166666666 0.05951115834218916
0 0.9416666666666667 0.02763018065887354 0.041666666666666664 0.024442082890541977
0 0.884375 0.15090329436769395 0.15625 0.21253985122210414
1 0.9791666666666666 0.02975557917109458 0.016666666666666666 0.05951115834218916
1 0.9791666666666666 0.02975557917109458 0.0005208333333333333 0.0010626992561105207
1 0.9791666666666666 0.02975557917109458 0.016666666666666666 0.05951115834218916
1 0.9791666666666666 0.02975557917109458 0.008333333333333333 0.01700318809776833
0 0.03780924479166667 0.09404888416578108 0.034993489583333336 0.024442082890541977
0 0.035868326822916664 0.12380446333687567 0.031111653645833334 0.024442082890541977
0 0.030521647135416666 0.15356004250797026 0.020418294270833335 0.024442082890541977
0 0.03150227864583333 0.2130712008501594 0.022379557291666668 0.08395324123273114
0 0.03885091145833333 0.2725823591923486 0.03707682291666667 0.024442082890541977
0 0.03673095703125 0.30233793836344314 0.0328369140625 0.024442082890541977
0 0.036027018229166666 0.33209351753453775 0.03142903645833333 0.024442082890541977
0 0.03170979817708333 0.3618490967056323 0.022794596354166665 0.024442082890541977
0 0.03362630208333333 0.39160467587672687 0.026627604166666666 0.024442082890541977
0 0.03917236328125 0.09404888416578108 0.0377197265625 0.024442082890541977
0 0.03277587890625 0.12380446333687567 0.0249267578125 0.024442082890541977
0 0.045393880208333334 0.15356004250797026 0.05016276041666667 0.024442082890541977
0 0.04083658854166667 0.18331562167906482 0.04104817708333333 0.024442082890541977
0 0.03356526692708333 0.2130712008501594 0.026505533854166666 0.024442082890541977
0 0.03921305338541667 0.28746014877789583 0.037801106770833336 0.11370882040382571
0 0.0370849609375 0.4213602550478215 0.033544921875 0.1434643995749203
0 0.03441975911458333 0.5106269925611052 0.028214518229166666 0.024442082890541977
0 0.03603922526041667 0.555260361317747 0.031453450520833336 0.05419766206163656
0 0.043212890625 0.6147715196599363 0.04580078125 0.05419766206163656
0 0.02928466796875 0.6594048884165781 0.0179443359375 0.024442082890541977
0 0.03917643229166667 0.6891604675876727 0.03772786458333333 0.024442082890541977
0 0.7343790690104167 0.30340063761955366 0.0479248046875 0.015940488841657812
1 0.5 0.6679064824654622 0.375 0.6641870350690755
0 0.5 0.5510095642933049 0.375 0.4303931987247609
0 0.5 0.89798087141339 0.375 0.1785334750265675
1 0.20625 0.5135494155154091 0.17916666666666667 0.3554729011689692
0 0.20625 0.43862911795961745 0.17916666666666667 0.20563230605738575
0 0.20625 0.6094580233793836 0.17916666666666667 0.05100956429330499
1 0.20625 0.8456429330499469 0.17916666666666667 0.30871413390010627
0 0.20625 0.8111052072263549 0.17916666666666667 0.20563230605738575
0 0.20625 0.9782146652497343 0.17916666666666667 0.04357066950053135
1 0.79375 0.3846971307120085 0.17916666666666667 0.11902231668437832
0 0.8638020833333333 0.38629117959617426 0.0390625 0.07970244420828905
0 0.7658854166666667 0.3698193411264612 0.1234375 0.04675876726886291
1 0.79375 0.5116896918172157 0.17916666666666667 0.13496280552603612
0 0.8638020833333333 0.5111583421891605 0.0390625 0.07970244420828905
0 0.7658854166666667 0.4962805526036132 0.1234375 0.07013815090329437
1 0.79375 0.6466524973432518 0.17916666666666667 0.13496280552603612
0 0.8638020833333333 0.6461211477151966 0.0390625 0.07970244420828905
0 0.7658854166666667 0.6312433581296493 0.1234375 0.07013815090329437
1 0.79375 0.781615302869288 0.17916666666666667 0.13496280552603612
0 0.8638020833333333 0.7810839532412327 0.0390625 0.07970244420828905
0 0.7658854166666667 0.7662061636556854 0.1234375 0.07013815090329437
1 0.79375 0.9160467587672688 0.17916666666666667 0.1339001062699256
0 0.8638020833333333 0.9160467587672688 0.0390625 0.07970244420828905
0 0.7658854166666667 0.9011689691817216 0.1234375 0.07013815090329437
