0 0.22395833333333334 0.03825717321997875 0.07291666666666667 0.039319872476089264
0 0.5810343424479166 0.03825717321997875 0.06356608072916667 0.0765143464399575
0 0.6392415364583334 0.03825717321997875 0.05284830729166667 0.0765143464399575
0 0.68165283203125 0.03825717321997875 0.03197428385416667 0.0765143464399575
0 0.7162801106770833 0.03825717321997875 0.0372802734375 0.0765143464399575
1 0.7737101236979167 0.03825717321997875 0.07757975260416666 0.04250797024442083
2 0.5 0.4028626461211477 0.34375 0.06801275239107332
2 0.5 0.4028626461211477 0.34375 0.06801275239107332
1 0.6541666666666667 0.4028626461211477 0.022916666666666665 0.04675876726886291
1 0.6541666666666667 0.4028626461211477 0.008333333333333333 0.01700318809776833
1 0.5 0.6578108395324124 0.17091471354166668 0.05100956429330499
1 0.7315673828125 0.7683315621679064 0.020833333333333332 0.03400637619553666
1 0.7294840494791667 0.7683315621679064 0.016666666666666666 0.03400637619553666
1 0.7294840494791667 0.7683315621679064 0.008333333333333333 0.01700318809776833
1 0.7544840494791667 0.7683315621679064 0.025 0.03400637619553666
1 0.7503173828125 0.7683315621679064 0.016666666666666666 0.03400637619553666
1 0.7503173828125 0.7683315621679064 0.008333333333333333 0.01700318809776833
1 0.7897420247395833 0.7683315621679064 0.045515950520833334 0.03400637619553666
0 0.19603678385416667 0.8467554463336876 0.017073567708333334 0.0718318278427205
0 0.26965738932291666 0.8467554463336876 0.0885009765625 0.0718318278427205
0 0.3524251302083333 0.8467554463336876 0.03536783854166667 0.0718318278427205
0 0.41578776041666665 0.8467554463336876 0.04969075520833333 0.0718318278427205
0 0.484130859375 0.8467554463336876 0.045328776041666664 0.0718318278427205
0 0.5515543619791666 0.8467554463336876 0.0478515625 0.0718318278427205
0 0.6381306966145833 0.8467554463336876 0.08363444010416667 0.0718318278427205
0 0.7488077799479167 0.8467554463336876 0.09605305989583333 0.0718318278427205
0 0.8332234700520833 0.8467554463336876 0.031111653645833334 0.0718318278427205
0 0.8959757486979166 0.8467554463336876 0.05272623697916667 0.0718318278427205
0 0.9715861002604167 0.8467554463336876 0.05682779947916667 0.0718318278427205
1 0.7295125325520834 0.9261590063761955 0.0810791015625 0.05100956429330499
1 0.8116943359375 0.9261590063761955 0.06510416666666667 0.05100956429330499
1 0.9833333333333333 0.9537891870350691 0.022916666666666665 0.04675876726886291
