0 0.18151041666666667 0.031880977683315624 0.06302083333333333 0.04675876726886291
1 0.28341878255208336 0.03187267534537726 0.04180501302083333 0.025288921360255047
1 0.3271687825520833 0.03187267534537726 0.045694986979166664 0.025288921360255047
1 0.37347412109375 0.03187267534537726 0.046915690104166664 0.025288921360255047
1 0.42142333984375 0.03187267534537726 0.04898274739583333 0.025288921360255047
1 0.46603597005208336 0.03187267534537726 0.040242513020833336 0.025288921360255047
1 0.511376953125 0.03187267534537726 0.050439453125 0.025288921360255047
1 0.55877685546875 0.03187267534537726 0.0443603515625 0.025288921360255047
1 0.6356608072916666 0.031880977683315624 0.022916666666666665 0.04675876726886291
1 0.6637858072916667 0.031880977683315624 0.022916666666666665 0.04675876726886291
1 0.6867024739583333 0.09564293304994687 0.010416666666666666 0.02763018065887354
1 0.5679524739583334 0.17479742295430392 0.22708333333333333 0.0563230605738576
1 0.4995035807291667 0.16948392667375134 0.090185546875 0.04569606801275239
1 0.5999186197916667 0.16948392667375134 0.09397786458333333 0.04569606801275239
1 0.5679524739583334 0.2239970775770457 0.22708333333333333 0.020822263549415517
1 0.7217936197916667 0.031880977683315624 0.08268229166666667 0.04675876726886291
0 0.8091715494791667 0.031880977683315624 0.08165690104166666 0.04675876726886291
1 0.16067708333333333 0.3018065887353879 0.0162045160929362 0.03306341221938098
1 0.8393229166666667 0.3018065887353879 0.01620457967122396 0.03306341221938098
0 0.5376871744791667 0.36385826248671627 0.06497395833333333 0.04569606801275239
1 0.3458333333333333 0.5398512221041445 0.0375 0.006376195536663124
1 0.3927083333333333 0.5398512221041445 0.0375 0.006376195536663124
1 0.4395833333333333 0.5398512221041445 0.0375 0.006376195536663124
1 0.4864583333333333 0.5398512221041445 0.0375 0.006376195536663124
1 0.5333333333333333 0.5398512221041445 0.0375 0.006376195536663124
1 0.5802083333333333 0.5398512221041445 0.0375 0.006376195536663124
1 0.6270833333333333 0.5398512221041445 0.0375 0.006376195536663124
1 0.6692708333333334 0.5398512221041445 0.01875 0.03825717321997875
1 0.6697916666666667 0.5398512221041445 0.004166666666666667 0.010626992561105207
