0 0.04946695963541667 0.03400637619553666 0.08643391927083334 0.02763018065887354
1 0.5 0.03400637619553666 0.32083333333333336 0.04250797024442083
1 0.8333333333333334 0.03400637619553666 0.3333333333333333 0.04250797024442083
1 0.9087727864583334 0.03400637619553666 0.05089518229166667 0.04250797024442083
1 0.9660685221354167 0.03400637619553666 0.05536295572916667 0.04250797024442083
0 0.1069091796875 0.08926673751328375 0.04715169270833333 0.04250797024442083
0 0.2036865234375 0.08926673751328375 0.041666666666666664 0.04250797024442083
0 0.2977213541666667 0.08926673751328375 0.041666666666666664 0.04250797024442083
0 0.40406901041666665 0.08926673751328375 0.06629231770833334 0.04250797024442083
0 0.5104166666666666 0.08926673751328375 0.041666666666666664 0.04250797024442083
0 0.24066569010416666 0.4312151301806589 0.31466471354166664 0.36113509564293306
0 0.48618977864583335 0.3025288921360255 0.16388346354166666 0.059228878852284804
0 0.42716064453125 0.34780154091392135 0.0458251953125 0.01700318809776833
0 0.24066569010416666 0.8271453241232731 0.31466471354166664 0.3457093517534538
0 0.49806315104166665 0.7061719580233794 0.18763020833333333 0.059228878852284804
0 0.4164021809895833 0.7514446068012752 0.024308268229166666 0.01700318809776833
0 0.7083292643229167 0.31900903294367694 0.13055826822916666 0.14984059511158343
0 0.8372395833333334 0.2648113708820404 0.11476236979166667 0.04357066950053135
0 0.79317626953125 0.30494487247608926 0.0266357421875 0.01700318809776833
0 0.7083292643229167 0.502856004250797 0.13055826822916666 0.14984059511158343
0 0.84205322265625 0.44865834218916045 0.1243896484375 0.04357066950053135
0 0.8116292317708333 0.48879184378320933 0.06354166666666666 0.01700318809776833
0 0.7083292643229167 0.6867029755579172 0.13055826822916666 0.14984059511158343
0 0.8393351236979166 0.6537592986184909 0.11895345052083334 0.08607863974495218
0 0.8028605143229167 0.6726388150903294 0.046004231770833334 0.01700318809776833
0 0.7083292643229167 0.9816269261424017 0.13055826822916666 0.036746147715196596
0 0.8331339518229167 0.9810955765143464 0.10655110677083333 0.03780884697130712
