1 0.021785481770833334 0.008501594048884165 0.04357096354166667 0.01700318809776833
1 0.072998046875 0.008501594048884165 0.033854166666666664 0.01700318809776833
1 0.13018798828125 0.008501594048884165 0.055525716145833334 0.01700318809776833
1 0.03798828125 0.04250797024442083 0.0509765625 0.01700318809776833
0 0.325 0.12539851222104145 0.04583333333333333 0.04675876726886291
0 0.38333333333333336 0.12539851222104145 0.04583333333333333 0.04675876726886291
0 0.44166666666666665 0.12539851222104145 0.04583333333333333 0.04675876726886291
0 0.5 0.12539851222104145 0.04583333333333333 0.04675876726886291
0 0.5583333333333333 0.12539851222104145 0.04583333333333333 0.04675876726886291
0 0.6166666666666667 0.12539851222104145 0.04583333333333333 0.04675876726886291
0 0.675 0.12539851222104145 0.04583333333333333 0.04675876726886291
1 0.09195963541666667 0.04250797024442083 0.0486328125 0.01700318809776833
1 0.15247802734375 0.04250797024442083 0.06407063802083333 0.01700318809776833
1 0.21202799479166667 0.04250797024442083 0.04669596354166667 0.01700318809776833
1 0.26127522786458335 0.04250797024442083 0.04346516927083333 0.01700318809776833
1 0.5 0.04250797024442083 0.10416666666666667 0.03825717321997875
0 0.7544759114583334 0.04250797024442083 0.05 0.04569606801275239
1 0.8326497395833333 0.04250797024442083 0.07197265625 0.023379383634431455
1 0.9160888671875 0.04250797024442083 0.07823893229166666 0.04250797024442083
1 0.9734375 0.04250797024442083 0.028125 0.023379383634431455
0 0.21458333333333332 0.25292242295430395 0.020833333333333332 0.04250797024442083
0 0.23665771484375 0.30605738575983 0.06498209635416667 0.01700318809776833
0 0.3980021158854167 0.40063761955366634 0.3876708984375 0.13602550478214664
1 0.280322265625 0.5993623804463337 0.15231119791666667 0.06801275239107332
1 0.280322265625 0.5993623804463337 0.15231119791666667 0.06801275239107332
1 0.38564453125 0.5993623804463337 0.03333333333333333 0.06801275239107332
1 0.38564453125 0.5993623804463337 0.03333333333333333 0.06801275239107332
1 0.24852701822916667 0.8645058448459086 0.07421875 0.03400637619553666
0 0.33098958333333334 0.9139213602550478 0.029166666666666667 0.05951115834218916
0 0.48072916666666665 0.9139213602550478 0.029166666666666667 0.05951115834218916
0 0.63046875 0.9139213602550478 0.029166666666666667 0.05951115834218916
0 0.7802083333333333 0.9139213602550478 0.029166666666666667 0.05951115834218916
0 0.9299479166666667 0.9139213602550478 0.029166666666666667 0.05951115834218916
