1 0.9677083333333333 0.052603613177470775 0.022916666666666665 0.04144527098831031
1 0.9677083333333333 0.05047821466524974 0.022916666666666665 0.03719447396386823
1 0.9368611653645833 0.050685773113708824 0.038777669270833336 0.0376095908607864
0 0.1466796875 0.21816883634431455 0.0625 0.020191285866099893
2 0.15813802083333334 0.5334584218916046 0.07291666666666667 0.048884165781083955
2 0.2511800130208333 0.5334584218916046 0.10416666666666667 0.048884165781083955
2 0.35984700520833335 0.5334584218916046 0.10416666666666667 0.048884165781083955
1 0.4814249674479167 0.5334584218916046 0.12998860677083332 0.048884165781083955
0 0.25277099609375 0.5860620350690755 0.04769694010416667 0.018065887353878853
0 0.31042887369791666 0.5860620350690755 0.03882649739583333 0.018065887353878853
1 0.5110880533854166 0.5908441817215728 0.08837076822916666 0.025504782146652496
