0 0.22604166666666667 0.018065887353878853 0.04449869791666667 0.012752391073326248
0 0.29656575520833334 0.019128586609989374 0.030631510416666667 0.012752391073326248
0 0.3521809895833333 0.019128586609989374 0.028515625 0.012752391073326248
0 0.41698811848958334 0.019128586609989374 0.04901529947916667 0.012752391073326248
0 0.7864583333333334 0.019128586609989374 0.031396484375 0.012752391073326248
0 0.21354166666666666 0.09936238044633369 0.0625 0.10095642933049948
2 0.36306966145833336 0.08873538788522849 0.08020833333333334 0.039319872476089264
1 0.47005615234375 0.08873538788522849 0.03719889322916667 0.039319872476089264
0 0.3035888671875 0.12433581296493093 0.05011393229166667 0.010626992561105207
0 0.35406901041666666 0.12433581296493093 0.04163411458333333 0.010626992561105207
2 0.6216145833333333 0.0871413390010627 0.0796875 0.011689691817215728
0 0.21131184895833333 0.1891604675876727 0.06116536458333333 0.05526036131774708
0 0.26797281901041664 0.1891604675876727 0.0375732421875 0.05526036131774708
0 0.3053995768229167 0.1891604675876727 0.022696940104166667 0.05526036131774708
0 0.33540445963541665 0.1891604675876727 0.0227294921875 0.05526036131774708
0 0.365185546875 0.1891604675876727 0.022249348958333335 0.05526036131774708
0 0.39930826822916665 0.1891604675876727 0.031412760416666664 0.05526036131774708
0 0.43656005859375 0.1891604675876727 0.028507486979166666 0.05526036131774708
0 0.46701253255208336 0.1891604675876727 0.017814127604166667 0.05526036131774708
0 0.4997762044270833 0.1891604675876727 0.0331298828125 0.05526036131774708
0 0.5303263346354167 0.1891604675876727 0.013387044270833334 0.05526036131774708
0 0.557568359375 0.1891604675876727 0.026513671875 0.05526036131774708
0 0.5941162109375 0.1891604675876727 0.031998697916666666 0.05526036131774708
0 0.6339436848958333 0.1891604675876727 0.03307291666666667 0.05526036131774708
0 0.67862548828125 0.1891604675876727 0.041707356770833336 0.05526036131774708
0 0.7202107747395833 0.1891604675876727 0.0268798828125 0.05526036131774708
0 0.7598714192708333 0.1891604675876727 0.037858072916666666 0.05526036131774708
0 0.8054931640625 0.1891604675876727 0.038802083333333334 0.05526036131774708
1 0.7963541666666667 0.5812964930924548 0.010416666666666666 0.021253985122210415
0 0.31036783854166666 0.8975159404888416 0.26656901041666664 0.20496811902231668
0 0.55238037109375 0.8660334750265675 0.17437337239583334 0.19301275239107332
0 0.2788818359375 0.8847635494155154 0.1484375 0.23047290116896918
0 0.4273193359375 0.8847635494155154 0.1484375 0.23047290116896918
0 0.5757568359375 0.8847635494155154 0.1484375 0.23047290116896918
0 0.7241943359375 0.8847635494155154 0.1484375 0.23047290116896918
0 0.8726318359375 0.8847635494155154 0.1484375 0.23047290116896918
0 0.97342529296875 0.8847635494155154 0.0531494140625 0.23047290116896918
1 0.6629964192708333 0.88509564293305 0.015625 0.031880977683315624
1 0.7854899088541667 0.88509564293305 0.015625 0.031880977683315624
