0 0.0140625 0.011689691817215728 0.028125 0.023379383634431455
0 0.026041666666666668 0.015940488841657812 0.03958333333333333 0.021253985122210415
0 0.06649169921875 0.015940488841657812 0.04131673177083333 0.021253985122210415
0 0.106591796875 0.015940488841657812 0.03888346354166667 0.021253985122210415
0 0.5845906575520833 0.05429729011689692 0.08382975260416667 0.018065887353878853
0 0.045267740885416664 0.11252988841657811 0.07386881510416667 0.048884165781083955
1 0.136669921875 0.11252158607863974 0.093310546875 0.03219646652497343
1 0.21786702473958333 0.11252158607863974 0.05345865885416667 0.03219646652497343
0 0.2894694010416667 0.11252158607863974 0.07412109375 0.03219646652497343
0 0.34989827473958335 0.11252158607863974 0.031111653645833334 0.03219646652497343
0 0.7062255859375 0.11252988841657811 0.01875 0.03825717321997875
1 0.7433675130208334 0.11252988841657811 0.03990885416666667 0.03825717321997875
0 0.8151082356770833 0.11252158607863974 0.08794759114583334 0.03219646652497343
0 0.88935546875 0.11252988841657811 0.044921875 0.04622741764080765
1 0.9556477864583334 0.11252988841657811 0.07203776041666667 0.04622741764080765
0 0.4999918619791667 0.435557252922423 0.07203776041666667 0.04622741764080765
0 0.125 0.7718434511158342 0.25 0.45631309776833157
0 0.375 0.7718434511158342 0.25 0.45631309776833157
0 0.625 0.7718434511158342 0.25 0.45631309776833157
0 0.875 0.7718434511158342 0.25 0.45631309776833157
0 0.18402506510416666 0.9691817215727949 0.05099283854166667 0.01487778958554729
1 0.924951171875 0.9596174282678002 0.08291015625 0.03719447396386823
1 0.984375 0.9585547290116897 0.0078125 0.015940488841657812
1 0.9911458333333333 0.49926109192348567 0.017708333333333333 0.0790548618490967
