0 0.22890625 0.039319872476089264 0.0171875 0.04357066950053135
0 0.24453125 0.039319872476089264 0.0140625 0.04357066950053135
0 0.2625 0.039319872476089264 0.021875 0.053134962805526036
0 0.28229166666666666 0.039319872476089264 0.017708333333333333 0.044633368756641874
1 0.253515625 0.12911795961742828 0.062239583333333334 0.04782146652497343
0 0.34183349609375 0.13219812699256112 0.10502115885416667 0.017850026567481404
0 0.5 0.0871413390010627 0.159375 0.1742826780021254
2 0.73203125 0.11583421891604676 0.0953125 0.04250797024442083
1 0.7666666666666667 0.11583421891604676 0.026041666666666668 0.04250797024442083
0 0.24591878255208333 0.21679064824654623 0.055379231770833336 0.08501594048884166
0 0.323681640625 0.21679064824654623 0.07060546875 0.08501594048884166
0 0.41116129557291664 0.21679064824654623 0.07481282552083333 0.08501594048884166
0 0.4957275390625 0.21679064824654623 0.06477864583333333 0.08501594048884166
0 0.579296875 0.21679064824654623 0.07281901041666666 0.08501594048884166
0 0.6616984049479167 0.21679064824654623 0.06244303385416667 0.08501594048884166
0 0.7373372395833333 0.21679064824654623 0.05929361979166667 0.08501594048884166
1 0.6213541666666667 0.38243889479277365 0.007291666666666667 0.01487778958554729
0 0.5 0.41649093384697133 0.2 0.07242959617428268
0 0.5 0.49973847635494156 0.2 0.07242959617428268
0 0.5 0.5831188562699257 0.2 0.07242959617428268
0 0.2737508138020833 0.37430260361317746 0.10687662760416666 0.20450318809776832
0 0.38687744140625 0.3658010095642933 0.10687662760416666 0.1875
0 0.5000040690104167 0.37430260361317746 0.10687662760416666 0.20450318809776832
0 0.6131306966145833 0.37430260361317746 0.10687662760416666 0.20450318809776832
0 0.72625732421875 0.37430260361317746 0.10687662760416666 0.20450318809776832
0 0.40989583333333335 0.6701564160467588 0.35625 0.24692813496280552
1 0.24635416666666668 0.8265641604675876 0.029166666666666667 0.03400637619553666
1 0.278125 0.8265641604675876 0.029166666666666667 0.03400637619553666
0 0.40989583333333335 0.9302852683315622 0.35625 0.13942946333687567
5 0.63359375 0.6237380446333688 0.0005208333333333333 0.0010626992561105207
2 0.6785400390625 0.6428666312433581 0.08937174479166667 0.03719447396386823
1 0.74556884765625 0.6430824920297555 0.04468587239583333 0.03719447396386823
0 0.6966105143229167 0.743283408607864 0.0757568359375 0.04242494686503719
0 0.7015625 0.8511556854410202 0.15625 0.15834218916046758
0 0.7015625 0.9662260892667375 0.15625 0.06754782146652498
