0 0.041849772135416664 0.039319872476089264 0.04828287760416667 0.019128586609989374
1 0.925 0.039319872476089264 0.016666666666666666 0.03400637619553666
0 0.9600830078125 0.039319872476089264 0.038167317708333336 0.040382571732199786
2 0.48125 0.33475026567481403 0.3072916666666667 0.05526036131774708
1 0.6442708333333333 0.33475026567481403 0.01875 0.03825717321997875
1 0.6630208333333333 0.33475026567481403 0.01875 0.03825717321997875
1 0.9833333333333333 0.03400637619553666 0.0125 0.025504782146652496
1 0.5 0.21679064824654623 0.35989583333333336 0.0021253985122210413
0 0.346875 0.5568544102019128 0.13229166666666667 0.0765143464399575
0 0.5 0.5568544102019128 0.13229166666666667 0.0765143464399575
0 0.653125 0.5568544102019128 0.13229166666666667 0.0765143464399575
0 0.346875 0.6588735387885228 0.13229166666666667 0.0765143464399575
0 0.5 0.6588735387885228 0.13229166666666667 0.0765143464399575
0 0.653125 0.6588735387885228 0.13229166666666667 0.0765143464399575
0 0.3641764322916667 0.997874601487779 0.014029947916666667 0.004250797024442083
0 0.39059244791666664 0.997874601487779 0.022135416666666668 0.004250797024442083
0 0.41914469401041665 0.997874601487779 0.018302408854166667 0.004250797024442083
0 0.4725341796875 0.997874601487779 0.07180989583333333 0.004250797024442083
0 0.5316487630208333 0.997874601487779 0.029752604166666665 0.004250797024442083
0 0.5706624348958333 0.997874601487779 0.03160807291666667 0.004250797024442083
0 0.6188191731770833 0.997874601487779 0.04803873697916667 0.004250797024442083
