1 0.008333333333333333 0.01381509032943677 0.016666666666666666 0.023379383634431455
0 0.2390625 0.06588735387885228 0.09583333333333334 0.03825717321997875
1 0.4092203776041667 0.06588735387885228 0.07228190104166667 0.03825717321997875
1 0.47255045572916665 0.06588735387885228 0.050211588541666664 0.03825717321997875
1 0.5231486002604167 0.06588735387885228 0.04681803385416667 0.03825717321997875
1 0.5719767252604167 0.06588735387885228 0.046671549479166664 0.03825717321997875
1 0.6364461263020833 0.06588735387885228 0.0781005859375 0.03825717321997875
1 0.7011474609375 0.06588735387885228 0.047135416666666666 0.03825717321997875
1 0.7507609049479167 0.06588735387885228 0.0479248046875 0.03825717321997875
1 0.7928304036458333 0.06588735387885228 0.03204752604166667 0.03825717321997875
2 0.44772542317708336 0.433913390010627 0.2850341796875 0.05951115834218916
1 0.64251708984375 0.433913390010627 0.10454915364583334 0.05951115834218916
0 0.38589680989583336 0.5165880712008502 0.07483723958333334 0.03357465462274176
0 0.4723917643229167 0.5165880712008502 0.0898193359375 0.03357465462274176
0 0.5678670247395833 0.5165880712008502 0.0927978515625 0.03357465462274176
0 0.6349772135416667 0.5165880712008502 0.03308919270833333 0.03357465462274176
0 0.36898193359375 0.5586643198724761 0.0625244140625 0.03357465462274176
0 0.42074788411458336 0.5586643198724761 0.032674153645833336 0.03357465462274176
0 0.47327880859375 0.5586643198724761 0.06405436197916667 0.03357465462274176
0 0.5376302083333333 0.5586643198724761 0.056315104166666664 0.03357465462274176
0 0.5882853190104167 0.5586643198724761 0.036661783854166664 0.03357465462274176
0 0.6365275065104167 0.5586643198724761 0.0514892578125 0.03357465462274176
0 0.5133707682291667 0.2661895589798087 0.069921875 0.023379383634431455
1 0.5 0.3377058979808714 0.4947916666666667 0.09627391073326248
1 0.6190104166666667 0.32973565356004253 0.0703125 0.04845244420828906
1 0.6966145833333334 0.32973565356004253 0.0703125 0.04845244420828906
1 0.3033854166666667 0.32973565356004253 0.0703125 0.04845244420828906
