0 0.47578531901041665 0.6471838469713072 0.05633951822916667 0.01700318809776833
0 0.73638916015625 0.7215727948990436 0.09403483072916667 0.01700318809776833
0 0.8127400716145833 0.742826780021254 0.023917643229166667 0.01700318809776833
0 0.23402913411458334 0.8172157279489904 0.09403483072916667 0.01700318809776833
0 0.1975341796875 0.8597236981934112 0.09402669270833333 0.01700318809776833
0 0.34042154947916664 0.8809776833156217 0.09363606770833334 0.01700318809776833
0 0.46304117838541664 0.8809776833156217 0.09403483072916667 0.01700318809776833
1 0.5 0.9187035069075452 0.6989583333333333 0.03294367693942614
1 0.169873046875 0.9187035069075452 0.03870442708333333 0.03294367693942614
1 0.169873046875 0.9187035069075452 0.03766276041666667 0.030818278427205102
1 0.169873046875 0.9187035069075452 0.03766276041666667 0.030818278427205102
1 0.169873046875 0.9187035069075452 0.03766276041666667 0.030818278427205102
1 0.20987141927083333 0.9187035069075452 0.035693359375 0.03294367693942614
1 0.20987141927083333 0.9187035069075452 0.034651692708333334 0.030818278427205102
1 0.20987141927083333 0.9187035069075452 0.034651692708333334 0.030818278427205102
0 0.25281168619791666 0.9194341126461212 0.04458821614583333 0.01700318809776833
0 0.053328450520833334 0.02975557917109458 0.099365234375 0.03825717321997875
0 0.04114583333333333 0.031880977683315624 0.065625 0.053134962805526036
1 0.12276611328125 0.031880977683315624 0.0924072265625 0.053134962805526036
8 0.24344889322916666 0.02922422954303932 0.12395833333333334 0.03719447396386823
2 0.49085693359375 0.031880977683315624 0.4638264973958333 0.040382571732199786
2 0.7344889322916667 0.031880977683315624 0.0234375 0.04250797024442083
0 0.7773722330729167 0.031880977683315624 0.038370768229166664 0.053134962805526036
0 0.8368570963541667 0.031880977683315624 0.07434895833333334 0.053134962805526036
0 0.9073771158854167 0.031880977683315624 0.060441080729166666 0.053134962805526036
0 0.966455078125 0.031880977683315624 0.05146484375 0.053134962805526036
1 0.8370279947916667 0.09192348565356004 0.08562825520833334 0.03506907545164718
0 0.8591634114583333 0.12646121147715197 0.041357421875 0.012752391073326248
1 0.029911295572916666 0.0844845908607864 0.04419759114583333 0.04144527098831031
0 0.08819173177083334 0.08395324123273114 0.06923828125 0.02975557917109458
0 0.15013834635416667 0.08395324123273114 0.05465494791666667 0.02975557917109458
0 0.20884195963541666 0.08395324123273114 0.06275227864583334 0.02975557917109458
0 0.28274332682291664 0.08395324123273114 0.08505045572916667 0.02975557917109458
0 0.36333821614583334 0.08395324123273114 0.07613932291666667 0.02975557917109458
0 0.4313761393229167 0.08395324123273114 0.0599365234375 0.02975557917109458
0 0.47732340494791664 0.08395324123273114 0.0319580078125 0.02975557917109458
0 0.5311726888020833 0.08395324123273114 0.07574055989583334 0.02975557917109458
0 0.6042154947916667 0.08395324123273114 0.07034505208333333 0.02975557917109458
0 0.658544921875 0.08395324123273114 0.038313802083333334 0.02975557917109458
0 0.6977335611979166 0.08395324123273114 0.0400634765625 0.02975557917109458
0 0.08880208333333334 0.12539851222104145 0.070458984375 0.02975557917109458
0 0.14669596354166667 0.12539851222104145 0.045328776041666664 0.02975557917109458
0 0.1930419921875 0.12539851222104145 0.04736328125 0.02975557917109458
0 0.246484375 0.12539851222104145 0.059521484375 0.02975557917109458
0 0.29101155598958334 0.12539851222104145 0.029532877604166667 0.02975557917109458
0 0.32419026692708336 0.12539851222104145 0.036824544270833336 0.02975557917109458
0 0.3691202799479167 0.12539851222104145 0.05303548177083333 0.02975557917109458
0 0.4110107421875 0.12539851222104145 0.030745442708333334 0.02975557917109458
0 0.444189453125 0.12539851222104145 0.03561197916666667 0.02975557917109458
0 0.5124348958333333 0.12539851222104145 0.10087890625 0.02975557917109458
0 0.5897989908854167 0.12539851222104145 0.053849283854166666 0.02975557917109458
0 0.6598592122395833 0.12539851222104145 0.08627115885416667 0.02975557917109458
0 0.10724283854166666 0.16684378320935175 0.10734049479166667 0.02975557917109458
0 0.19493001302083332 0.16684378320935175 0.06803385416666667 0.02975557917109458
0 0.2753214518229167 0.16684378320935175 0.0927490234375 0.02975557917109458
0 0.350439453125 0.16684378320935175 0.05748697916666667 0.02975557917109458
0 0.8958333333333334 0.0844845908607864 0.20833333333333334 0.04144527098831031
1 0.5 0.22741764080765142 0.78125 0.24442082890541977
0 0.13125 0.23804463336875664 0.04375 0.26567481402763016
0 0.0546875 0.26461211477151964 0.109375 0.3188097768331562
1 0.8229166666666666 0.3390010626992561 0.015625 0.031880977683315624
1 0.8411458333333334 0.3390010626992561 0.015625 0.031880977683315624
0 0.9453125 0.26461211477151964 0.109375 0.3188097768331562
0 0.86875 0.23804463336875664 0.04375 0.26567481402763016
0 0.1685546875 0.4933249202975558 0.07669270833333333 0.12310706695005313
0 0.2533203125 0.4933249202975558 0.07669270833333333 0.12310706695005313
0 0.1685546875 0.6631907545164718 0.07669270833333333 0.12310706695005313
0 0.2533203125 0.6631907545164718 0.07669270833333333 0.12310706695005313
0 0.2109375 0.7869869155154091 0.16145833333333334 0.017949654622741763
0 0.36126302083333334 0.4933249202975558 0.07669270833333333 0.12310706695005313
0 0.44602864583333335 0.4933249202975558 0.07669270833333333 0.12310706695005313
0 0.36126302083333334 0.6631907545164718 0.07669270833333333 0.12310706695005313
0 0.44602864583333335 0.6631907545164718 0.07669270833333333 0.12310706695005313
0 0.4036458333333333 0.7869869155154091 0.16145833333333334 0.017949654622741763
0 0.5539713541666667 0.4933249202975558 0.07669270833333333 0.12310706695005313
0 0.6387369791666667 0.4933249202975558 0.07669270833333333 0.12310706695005313
0 0.5539713541666667 0.6631907545164718 0.07669270833333333 0.12310706695005313
0 0.6387369791666667 0.6631907545164718 0.07669270833333333 0.12310706695005313
0 0.5963541666666666 0.7869869155154091 0.16145833333333334 0.017949654622741763
0 0.7466796875 0.4933249202975558 0.07669270833333333 0.12310706695005313
0 0.8314453125 0.4933249202975558 0.07669270833333333 0.12310706695005313
0 0.7466796875 0.6631907545164718 0.07669270833333333 0.12310706695005313
0 0.8314453125 0.6631907545164718 0.07669270833333333 0.12310706695005313
0 0.7890625 0.7869869155154091 0.16145833333333334 0.017949654622741763
0 0.1685546875 0.9496795297555791 0.07669270833333333 0.10064094048884166
0 0.2533203125 0.9496795297555791 0.07669270833333333 0.10064094048884166
0 0.36126302083333334 0.9496795297555791 0.07669270833333333 0.10064094048884166
0 0.44602864583333335 0.9496795297555791 0.07669270833333333 0.10064094048884166
0 0.5539713541666667 0.9496795297555791 0.07669270833333333 0.10064094048884166
0 0.6387369791666667 0.9496795297555791 0.07669270833333333 0.10064094048884166
0 0.7466796875 0.9496795297555791 0.07669270833333333 0.10064094048884166
0 0.8314453125 0.9496795297555791 0.07669270833333333 0.10064094048884166
