0 0.20087076822916666 0.031880977683315624 0.03194986979166667 0.04250797024442083
0 0.2659098307291667 0.031880977683315624 0.046044921875 0.04250797024442083
0 0.31973876953125 0.031880977683315624 0.009529622395833333 0.04250797024442083
0 0.3623453776041667 0.031880977683315624 0.023600260416666668 0.04250797024442083
0 0.41706949869791665 0.031880977683315624 0.0337646484375 0.04250797024442083
0 0.4802775065104167 0.031880977683315624 0.040568033854166664 0.04250797024442083
1 0.5341756184895833 0.031880977683315624 0.015144856770833333 0.04250797024442083
1 0.8028767903645834 0.031880977683315624 0.050496419270833336 0.053134962805526036
0 0.20963541666666666 0.10626992561105207 0.07552083333333333 0.04250797024442083
2 0.35941162109375 0.10626992561105207 0.18236490885416667 0.04250797024442083
1 0.4401774088541667 0.10626992561105207 0.015625 0.031880977683315624
0 0.5146402994791667 0.10626992561105207 0.08642578125 0.031880977683315624
0 0.6107096354166667 0.10626992561105207 0.06404622395833333 0.031880977683315624
0 0.6866048177083334 0.10626992561105207 0.06691080729166667 0.031880977683315624
0 0.78450927734375 0.10626992561105207 0.0872314453125 0.04250797024442083
0 0.4166666666666667 0.8660998937300743 0.28958333333333336 0.06376195536663125
0 0.213671875 0.5260361317747078 0.08359375 0.08289054197662062
0 0.2090087890625 0.6323060573857598 0.074267578125 0.08289054197662062
0 0.21514892578125 0.7385759829968119 0.0865478515625 0.08289054197662062
0 0.21477457682291667 0.844845908607864 0.08579915364583333 0.08289054197662062
0 0.21433919270833332 0.9404888416578109 0.08492838541666667 0.061636556854410204
0 0.20869547526041668 0.9973432518597237 0.07364095052083333 0.005313496280552604
0 0.30545654296875 0.4782146652497343 0.08799641927083333 0.08289054197662062
0 0.30197347005208336 0.5738575982996812 0.0810302734375 0.061636556854410204
0 0.29933268229166665 0.6695005313496281 0.07574869791666666 0.08289054197662062
0 0.30610758463541665 0.7651434643995749 0.08929850260416666 0.061636556854410204
0 0.30606689453125 0.871413390010627 0.08921712239583333 0.10414452709883103
0 0.30615641276041666 0.973432518597237 0.08939615885416667 0.053134962805526036
0 0.6166666666666667 0.6008401965993624 0.08958333333333333 0.08501594048884166
0 0.6166666666666667 0.86120151434644 0.08958333333333333 0.08501594048884166
0 0.4166666666666667 0.9782146652497343 0.08958333333333333 0.04357066950053135
