0 0.03723958333333333 0.025504782146652496 0.05677083333333333 0.03400637619553666
1 0.12096761067708334 0.025504782146652496 0.07943522135416667 0.021253985122210415
1 0.7708292643229167 0.025504782146652496 0.039510091145833336 0.03400637619553666
0 0.8051676432291667 0.026567481402763018 0.0125 0.025504782146652496
0 0.8403279622395833 0.025504782146652496 0.041153971354166666 0.023379383634431455
1 0.9032023111979167 0.025504782146652496 0.06792805989583334 0.05100956429330499
1 0.96832275390625 0.024442082890541977 0.04564615885416667 0.03400637619553666
0 0.37622477213541666 0.2603613177470776 0.0435791015625 0.025504782146652496
0 0.3159708658854167 0.4946865037194474 0.16319173177083332 0.1030818278427205
0 0.30994873046875 0.4543039319872476 0.03656412760416667 0.015940488841657812
0 0.3159708658854167 0.6296493092454836 0.16319173177083332 0.1030818278427205
0 0.30994873046875 0.5892667375132837 0.03656412760416667 0.015940488841657812
0 0.3159708658854167 0.7608926673751328 0.16319173177083332 0.09564293304994687
0 0.32192789713541664 0.7242295430393199 0.03656412760416667 0.015940488841657812
0 0.3159708658854167 0.8921360255047821 0.16319173177083332 0.1030818278427205
0 0.32392985026041665 0.8517534537725824 0.040568033854166664 0.015940488841657812
0 0.3159708658854167 0.987778958554729 0.16319173177083332 0.024442082890541977
0 0.30826416015625 0.9867162592986185 0.03319498697916667 0.015940488841657812
0 0.5920125325520833 0.5913921360255048 0.34722493489583334 0.4495217853347503
0 0.4454142252604167 0.6285534006376196 0.03319498697916667 0.015940488841657812
1 0.4618123372395833 0.7778958554729012 0.0659912109375 0.03400637619553666
0 0.49999593098958334 0.9293304994686503 0.16319173177083332 0.14133900106269925
0 0.68402099609375 0.9293304994686503 0.16319173177083332 0.14133900106269925
