0 0.2682291666666667 0.031880977683315624 0.08854166666666667 0.03825717321997875
2 0.4432291666666667 0.031880977683315624 0.19791666666666666 0.03400637619553666
0 0.67332763671875 0.031880977683315624 0.04644368489583333 0.03400637619553666
0 0.74150390625 0.031880977683315624 0.06907552083333333 0.03400637619553666
0 0.49999593098958334 0.34112646121147716 0.09110514322916667 0.03400637619553666
0 0.2825520833333333 0.4782146652497343 0.0125 0.025504782146652496
0 0.4010009765625 0.47555791710945805 0.20773111979166667 0.018065887353878853
0 0.30994873046875 0.49669566950053134 0.025626627604166667 0.020822263549415517
0 0.5700520833333333 0.4989373007438895 0.0625 0.0669500531349628
0 0.33886311848958334 0.5241099893730075 0.0626220703125 0.01700318809776833
0 0.2825520833333333 0.5719314558979809 0.0125 0.025504782146652496
0 0.4271728515625 0.5692747077577046 0.26007486979166666 0.018065887353878853
0 0.5739705403645833 0.5706528958554729 0.025740559895833334 0.020822263549415517
0 0.3435262044270833 0.598067215727949 0.0719482421875 0.01700318809776833
0 0.2825520833333333 0.6458886822529224 0.0125 0.025504782146652496
0 0.41015625 0.6536430658873539 0.22604166666666667 0.038888150903294366
0 0.31002197265625 0.6851919500531349 0.025773111979166666 0.020822263549415517
0 0.5700520833333333 0.6666113177470776 0.0625 0.0669500531349628
0 0.3368001302083333 0.712606269925611 0.05849609375 0.01700318809776833
0 0.2825520833333333 0.7604277364505845 0.0125 0.025504782146652496
0 0.36785888671875 0.7577709883103082 0.14144694010416667 0.018065887353878853
0 0.4553466796875 0.7591491764080766 0.025748697916666667 0.020822263549415517
0 0.34419352213541665 0.7865634962805526 0.07328287760416667 0.01700318809776833
0 0.3799641927083333 0.8317282146652497 0.16565755208333333 0.018065887353878853
0 0.4795450846354167 0.8331064027630181 0.025724283854166665 0.020822263549415517
0 0.3439412434895833 0.8605207226354942 0.0727783203125 0.01700318809776833
0 0.2825520833333333 0.9083421891604676 0.0125 0.025504782146652496
0 0.41195475260416664 0.9265077045696068 0.229638671875 0.05971041445270988
0 0.33153076171875 0.9487081562167906 0.029532877604166667 0.020822263549415517
0 0.5700520833333333 0.9290648246546227 0.0625 0.0669500531349628
0 0.3408610026041667 0.9761224760892667 0.06661783854166667 0.01700318809776833
0 0.6981770833333333 0.842720510095643 0.15625 0.26567481402763016
