1 0.23697916666666666 0.36291179596174283 0.046875 0.036131774707757705
0 0.28194986979166664 0.36291179596174283 0.04306640625 0.026999202975557916
0 0.5 0.38575982996811903 0.19947916666666668 0.052603613177470775
0 0.664697265625 0.36291179596174283 0.05304361979166667 0.024442082890541977
0 0.7180135091145833 0.36291179596174283 0.0535888671875 0.026567481402763018
0 0.7673868815104167 0.40488841657810837 0.03814290364583333 0.024442082890541977
0 0.22860107421875 0.45589798087141337 0.0197021484375 0.021253985122210415
0 0.2998575846354167 0.45589798087141337 0.08114420572916667 0.021253985122210415
0 0.39064127604166665 0.45589798087141337 0.058756510416666664 0.021253985122210415
0 0.4596028645833333 0.45589798087141337 0.0375 0.021253985122210415
0 0.5197347005208334 0.45589798087141337 0.041097005208333336 0.021253985122210415
0 0.5726888020833333 0.45589798087141337 0.02314453125 0.021253985122210415
0 0.6277994791666667 0.45589798087141337 0.04541015625 0.021253985122210415
0 0.6848795572916667 0.45563230605738575 0.027083333333333334 0.020722635494155154
0 0.7274495442708333 0.45589798087141337 0.016389973958333335 0.021253985122210415
0 0.7668497721354167 0.45589798087141337 0.020743815104166667 0.021253985122210415
0 0.8163533528645833 0.45589798087141337 0.0365966796875 0.021253985122210415
0 0.81549072265625 0.4675876726886291 0.056746419270833334 0.021253985122210415
0 0.8793782552083333 0.45589798087141337 0.04778645833333333 0.021253985122210415
0 0.9385213216145833 0.45589798087141337 0.0288330078125 0.021253985122210415
0 0.9868855794270833 0.45589798087141337 0.026228841145833334 0.021253985122210415
0 0.2611572265625 0.4920297555791711 0.08689778645833333 0.02975557917109458
0 0.33645833333333336 0.4920297555791711 0.03870442708333333 0.02975557917109458
0 0.3917765299479167 0.4920297555791711 0.04693196614583333 0.02975557917109458
0 0.45558268229166665 0.4920297555791711 0.055680338541666666 0.02975557917109458
0 0.507177734375 0.4920297555791711 0.022509765625 0.02975557917109458
0 0.5504597981770833 0.4920297555791711 0.03905436197916667 0.02975557917109458
0 0.59287109375 0.4920297555791711 0.020768229166666666 0.02975557917109458
0 0.6340535481770834 0.4920297555791711 0.0365966796875 0.02975557917109458
0 0.6863606770833334 0.4920297555791711 0.043017578125 0.02975557917109458
0 0.243798828125 0.5743889479277364 0.05009765625 0.018065887353878853
0 0.26670735677083335 0.6317747077577046 0.09591471354166667 0.07545164718384698
0 0.23231201171875 0.732731137088204 0.0271240234375 0.018065887353878853
0 0.26241861979166664 0.7805526036131775 0.08733723958333334 0.0563230605738576
0 0.23563639322916666 0.8719447396386822 0.033772786458333336 0.018065887353878853
0 0.26805419921875 0.9293304994686503 0.0986083984375 0.07545164718384698
0 0.4765625 0.7853347502656748 0.2760416666666667 0.4293304994686504
0 0.47073567708333336 0.6190223166843783 0.24772135416666666 0.06057385759829968
0 0.36495361328125 0.6710945802337939 0.0361572265625 0.018065887353878853
