1 0.9900431315104167 0.026567481402763018 0.009920247395833333 0.053134962805526036
1 0.9900431315104167 0.025504782146652496 0.0078369140625 0.05100956429330499
0 0.5391927083333333 0.05951946068012753 0.049755859375 0.020407146652497342
1 0.4222493489583333 0.11233063230605739 0.08020833333333334 0.044633368756641874
1 0.510791015625 0.11233063230605739 0.08020833333333334 0.044633368756641874
1 0.58853759765625 0.11233063230605739 0.0586181640625 0.049083421891604674
8 0.22421875 0.02763018065887354 0.008854166666666666 0.01700318809776833
1 0.2622802734375 0.02763018065887354 0.008333333333333333 0.01700318809776833
8 0.24833984375 0.1849096705632306 0.06433919270833334 0.2592986184909671
8 0.24833984375 0.08395324123273114 0.052880859375 0.040382571732199786
0 0.24833984375 0.08395324123273114 0.052880859375 0.040382571732199786
8 0.24833984375 0.12433581296493093 0.052880859375 0.040382571732199786
0 0.24833984375 0.12433581296493093 0.052880859375 0.040382571732199786
8 0.24833984375 0.1647183846971307 0.052880859375 0.040382571732199786
0 0.24833984375 0.1647183846971307 0.052880859375 0.040382571732199786
8 0.24833984375 0.2051009564293305 0.052880859375 0.040382571732199786
0 0.24833984375 0.2051009564293305 0.052880859375 0.040382571732199786
8 0.24833984375 0.2454835281615303 0.052880859375 0.040382571732199786
0 0.24833984375 0.2454835281615303 0.052880859375 0.040382571732199786
8 0.24833984375 0.2858660998937301 0.052880859375 0.040382571732199786
0 0.24833984375 0.2858660998937301 0.052880859375 0.040382571732199786
1 0.31490885416666664 0.02763018065887354 0.065673828125 0.05526036131774708
0 0.398046875 0.02763018065887354 0.06935221354166667 0.021253985122210415
0 0.4770426432291667 0.02763018065887354 0.05530598958333333 0.021253985122210415
5 0.6946126302083333 0.02763018065887354 0.008333333333333333 0.03653028692879915
2 0.6946126302083333 0.02763018065887354 0.008333333333333333 0.03653028692879915
0 0.72396240234375 0.02763018065887354 0.0191162109375 0.021253985122210415
1 0.7760416666666666 0.02763018065887354 0.008333333333333333 0.01700318809776833
8 0.745654296875 0.1647183846971307 0.09723307291666666 0.21891604675876727
8 0.745654296875 0.08395324123273114 0.08577473958333333 0.040382571732199786
0 0.745654296875 0.08395324123273114 0.08577473958333333 0.040382571732199786
8 0.745654296875 0.12433581296493093 0.08577473958333333 0.040382571732199786
0 0.745654296875 0.12433581296493093 0.08577473958333333 0.040382571732199786
8 0.745654296875 0.1647183846971307 0.08577473958333333 0.040382571732199786
0 0.745654296875 0.1647183846971307 0.08577473958333333 0.040382571732199786
8 0.745654296875 0.2051009564293305 0.08577473958333333 0.040382571732199786
0 0.745654296875 0.2051009564293305 0.08577473958333333 0.040382571732199786
8 0.745654296875 0.2454835281615303 0.08577473958333333 0.040382571732199786
0 0.745654296875 0.2454835281615303 0.08577473958333333 0.040382571732199786
0 0.24479166666666666 0.09564293304994687 0.052083333333333336 0.031880977683315624
1 0.3390625 0.09670563230605739 0.009375 0.019128586609989374
8 0.31927083333333334 0.5669168437832094 0.040625 0.8617826780021254
8 0.31927083333333334 0.5680127523910733 0.040625 0.8639744952178533
8 0.31927083333333334 0.5685441020191286 0.03958333333333333 0.8629117959617428
1 0.41766764322916666 0.3602550478214665 0.06297200520833333 0.1487778958554729
1 0.49054361979166666 0.3602550478214665 0.06611328125 0.1487778958554729
1 0.4060139973958333 0.09670563230605739 0.009375 0.019128586609989374
8 0.38555501302083334 0.5679795430393199 0.041951497395833336 0.8639080765143464
8 0.38555501302083334 0.5679795430393199 0.041951497395833336 0.8639080765143464
1 0.42369384765625 0.18278427205100956 0.10885416666666667 0.040382571732199786
1 0.46926676432291664 0.18278427205100956 0.009375 0.019128586609989374
1 0.42369384765625 0.22741764080765142 0.10885416666666667 0.040382571732199786
1 0.46926676432291664 0.22741764080765142 0.009375 0.019128586609989374
1 0.42369384765625 0.2720510095642933 0.10885416666666667 0.040382571732199786
1 0.46926676432291664 0.2720510095642933 0.009375 0.019128586609989374
0 0.527734375 0.2518597236981934 0.0408935546875 0.05951115834218916
0 0.5285359700520833 0.4665249734325186 0.042496744791666666 0.05951115834218916
0 0.5989949544270833 0.2518597236981934 0.043294270833333336 0.05951115834218916
0 0.5989949544270833 0.44314558979808716 0.043294270833333336 0.05951115834218916
0 0.66903076171875 0.281615302869288 0.03844401041666667 0.05951115834218916
0 0.66903076171875 0.5196599362380446 0.03844401041666667 0.05951115834218916
0 0.527734375 0.824654622741764 0.0408935546875 0.05951115834218916
0 0.5989949544270833 0.8990435706695006 0.043294270833333336 0.08926673751328375
0 0.4417643229166667 0.09564293304994687 0.028792317708333334 0.02975557917109458
1 0.5222981770833334 0.09670563230605739 0.009375 0.019128586609989374
8 0.49990234375 0.5669168437832094 0.0458251953125 0.8617826780021254
8 0.49990234375 0.5680127523910733 0.0458251953125 0.8639744952178533
8 0.49990234375 0.5685441020191286 0.044783528645833334 0.8629117959617428
0 0.5247314453125 0.2826780021253985 0.041121419270833334 0.0871413390010627
0 0.5247314453125 0.3783209351753454 0.041121419270833334 0.0871413390010627
0 0.5247314453125 0.47396386822529224 0.041121419270833334 0.0871413390010627
0 0.5932454427083333 0.27098831030818277 0.050919596354166666 0.06376195536663125
0 0.5932454427083333 0.3432518597236982 0.050919596354166666 0.06376195536663125
0 0.5932454427083333 0.42720510095642933 0.050919596354166666 0.0871413390010627
0 0.5932454427083333 0.5781083953241233 0.050919596354166666 0.0871413390010627
0 0.5932454427083333 0.6620616365568545 0.050919596354166666 0.06376195536663125
0 0.5932454427083333 0.7460148777895855 0.050919596354166666 0.0871413390010627
0 0.5932454427083333 0.8416578108395324 0.050919596354166666 0.0871413390010627
0 0.5932454427083333 0.9373007438894793 0.050919596354166666 0.0871413390010627
0 0.66846923828125 0.2412327311370882 0.054541015625 0.06376195536663125
0 0.66846923828125 0.32518597236981933 0.054541015625 0.0871413390010627
0 0.66846923828125 0.4208289054197662 0.054541015625 0.0871413390010627
0 0.66846923828125 0.5164718384697131 0.054541015625 0.0871413390010627
0 0.66846923828125 0.61211477151966 0.054541015625 0.0871413390010627
0 0.66846923828125 0.7791910201912858 0.054541015625 0.06376195536663125
0 0.66846923828125 0.8514545696068013 0.054541015625 0.06376195536663125
0 0.7429768880208333 0.22954303931987247 0.0494873046875 0.040382571732199786
0 0.7429768880208333 0.29011689691817216 0.0494873046875 0.06376195536663125
0 0.738916015625 0.35069075451647186 0.041365559895833334 0.040382571732199786
0 0.7429768880208333 0.4112646121147715 0.0494873046875 0.06376195536663125
0 0.7429768880208333 0.48352816153028694 0.0494873046875 0.06376195536663125
0 0.7429768880208333 0.5674814027630181 0.0494873046875 0.0871413390010627
1 0.666455078125 0.09564293304994687 0.060774739583333334 0.044633368756641874
1 0.743212890625 0.09564293304994687 0.07607421875 0.044633368756641874
1 0.6873616536458333 0.19553666312433582 0.079443359375 0.044633368756641874
1 0.26763916015625 0.71413390010627 0.0977783203125 0.07226354941551541
1 0.38775227864583334 0.71413390010627 0.11744791666666667 0.07226354941551541
1 0.7598958333333333 0.448990435706695 0.016666666666666666 0.03400637619553666
1 0.7598958333333333 0.448990435706695 0.016666666666666666 0.03400637619553666
