5 0.12239583333333333 0.03825717321997875 0.128125 0.02763018065887354
2 0.12239583333333333 0.03719447396386823 0.128125 0.025504782146652496
1 0.20104166666666667 0.040382571732199786 0.025 0.05526036131774708
1 0.22760416666666666 0.03825717321997875 0.028125 0.05100956429330499
1 0.14375 0.15090329436769395 0.19583333333333333 0.05526036131774708
1 0.29253743489583334 0.039319872476089264 0.06319986979166667 0.05100956429330499
1 0.34910888671875 0.039319872476089264 0.04369303385416667 0.05100956429330499
1 0.4063191731770833 0.039319872476089264 0.0644775390625 0.05100956429330499
1 0.4689737955729167 0.039319872476089264 0.054581705729166666 0.05100956429330499
1 0.52205810546875 0.039319872476089264 0.0453369140625 0.05100956429330499
1 0.578955078125 0.039319872476089264 0.06220703125 0.05100956429330499
1 0.6335611979166667 0.039319872476089264 0.040755208333333334 0.05100956429330499
1 0.01875 0.036131774707757705 0.0375 0.03825717321997875
1 0.01875 0.10201912858660998 0.0375 0.05951115834218916
1 0.01875 0.1785334750265675 0.0375 0.05951115834218916
1 0.9326334635416667 0.03148246546227418 0.015625 0.031880977683315624
0 0.9663167317708333 0.03148246546227418 0.036116536458333334 0.031880977683315624
1 0.98203125 0.8645058448459086 0.015104166666666667 0.030818278427205102
5 0.9294026692708334 0.871413390010627 0.029638671875 0.02975557917109458
1 0.93038330078125 0.8937300743889479 0.031599934895833334 0.01487778958554729
1 0.98203125 0.8985122210414452 0.015104166666666667 0.030818278427205102
5 0.94263916015625 0.9022316684378321 0.0162841796875 0.01487778958554729
1 0.9505818684895834 0.9187035069075452 0.03216959635416667 0.018065887353878853
1 0.94927978515625 0.9187035069075452 0.0295654296875 0.018065887353878853
1 0.98203125 0.9282678002125399 0.015104166666666667 0.030818278427205102
1 0.9223958333333333 0.9628055260361318 0.015625 0.031880977683315624
1 0.96015625 0.9628055260361318 0.058854166666666666 0.031880977683315624
5 0.9541666666666667 0.9628055260361318 0.046875 0.031880977683315624
5 0.0712646484375 0.961576780021254 0.016764322916666668 0.01381509032943677
1 0.06848958333333334 0.936769394261424 0.0390625 0.07970244420828905
1 0.7908610026041667 0.9930924548352816 0.023356119791666668 0.01381509032943677
1 0.8176676432291666 0.9930924548352816 0.014632161458333333 0.01381509032943677
1 0.8412068684895834 0.9930924548352816 0.0168212890625 0.01381509032943677
1 0.8848551432291667 0.9930924548352816 0.054850260416666664 0.01381509032943677
1 0.95457763671875 0.9930924548352816 0.0689697265625 0.011689691817215728
5 0.9258056640625 0.9930924548352816 0.01142578125 0.011689691817215728
