0 0.25020751953125 0.9787460148777896 0.06962076822916667 0.019128586609989374
1 0.6388753255208334 0.96322064293305 0.111083984375 0.04546360255047822
1 0.7763753255208333 0.96322064293305 0.14724934895833333 0.04546360255047822
1 0.8619791666666666 0.922422954303932 0.017708333333333333 0.036131774707757705
0 0.03463541666666667 0.03400637619553666 0.06927083333333334 0.06801275239107332
1 0.7765625 0.03400637619553666 0.16666666666666666 0.06801275239107332
1 0.7765625 0.03400637619553666 0.16666666666666666 0.06801275239107332
0 0.8765625 0.03400637619553666 0.03333333333333333 0.06801275239107332
13 0.8765625 0.03400637619553666 0.0125 0.025504782146652496
1 0.9288899739583333 0.03400637619553666 0.06298828125 0.05100956429330499
1 0.9833333333333333 0.03400637619553666 0.03333333333333333 0.06801275239107332
1 0.9833333333333333 0.03400637619553666 0.0125 0.025504782146652496
0 0.019091796875 0.1030818278427205 0.03818359375 0.06801275239107332
0 0.057023111979166666 0.1030818278427205 0.037679036458333336 0.06801275239107332
0 0.0952392578125 0.1030818278427205 0.03875325520833333 0.06801275239107332
0 0.13352864583333332 0.1030818278427205 0.037825520833333334 0.06801275239107332
0 0.17825927734375 0.1030818278427205 0.0516357421875 0.06801275239107332
0 0.2208251953125 0.1030818278427205 0.03349609375 0.06801275239107332
0 0.26265055338541665 0.1030818278427205 0.050154622395833334 0.06801275239107332
0 0.3248372395833333 0.1030818278427205 0.07421875 0.06801275239107332
0 0.38146565755208334 0.1030818278427205 0.0390380859375 0.06801275239107332
0 0.43133951822916666 0.1030818278427205 0.060709635416666664 0.06801275239107332
0 0.48015950520833334 0.1030818278427205 0.03693033854166667 0.06801275239107332
0 0.21848958333333332 0.24442082890541977 0.1703125 0.0765143464399575
0 0.40598958333333335 0.24442082890541977 0.1703125 0.0765143464399575
0 0.5934895833333333 0.24442082890541977 0.1703125 0.0765143464399575
1 0.78125 0.2316684378320935 0.17083333333333334 0.05100956429330499
0 0.3518595377604167 0.7035069075451648 0.4370524088541667 0.5929861849096706
0 0.69644775390625 0.42826780021253985 0.1271240234375 0.04250797024442083
0 0.7497762044270834 0.6771884962805526 0.23378092447916668 0.38732066950053134
0 0.7497762044270834 0.9720875398512221 0.23378092447916668 0.05582492029755579
