0 0.5 0.031880977683315624 0.54375 0.06376195536663125
0 0.7671875 0.009564293304994687 0.009375 0.019128586609989374
0 0.6463785807291667 0.09351753453772582 0.0609375 0.012752391073326248
0 0.6994547526041667 0.09351753453772582 0.02646484375 0.012752391073326248
0 0.7422810872395833 0.09351753453772582 0.04043782552083333 0.012752391073326248
0 0.6671875 0.18172157279489903 0.03125 0.06801275239107332
0 0.7078125 0.18172157279489903 0.03125 0.06801275239107332
0 0.7484375 0.18172157279489903 0.03125 0.06801275239107332
0 0.40390625 0.09351753453772582 0.0203125 0.012752391073326248
0 0.27578125 0.1875664187035069 0.0953125 0.04782146652497343
0 0.27447916666666666 0.2438894792773645 0.06041666666666667 0.05419766206163656
2 0.45729166666666665 0.18597236981934112 0.23125 0.04250797024442083
1 0.6098958333333333 0.18597236981934112 0.05520833333333333 0.048884165781083955
1 0.6098958333333333 0.18597236981934112 0.05520833333333333 0.048884165781083955
0 0.40272623697916665 0.24973432518597238 0.06725260416666666 0.01487778958554729
0 0.47021077473958334 0.24973432518597238 0.05347493489583333 0.01487778958554729
0 0.5444783528645833 0.24973432518597238 0.08081868489583334 0.01487778958554729
0 0.6029459635416666 0.24973432518597238 0.021875 0.01487778958554729
0 0.30364583333333334 0.10839532412327312 0.15104166666666666 0.06376195536663125
0 0.275 0.6291179596174282 0.09375 0.08501594048884166
0 0.24505208333333334 0.7051009564293305 0.0203125 0.01381509032943677
0 0.276513671875 0.7051009564293305 0.026546223958333334 0.01381509032943677
0 0.28020833333333334 0.7518597236981934 0.06979166666666667 0.01381509032943677
0 0.2689290364583333 0.7853347502656748 0.04306640625 0.019128586609989374
0 0.26050211588541666 0.8129649309245484 0.026212565104166665 0.019128586609989374
0 0.28020833333333334 0.8485653560042508 0.06979166666666667 0.01381509032943677
0 0.2663370768229167 0.8820403825717322 0.037882486979166664 0.019128586609989374
0 0.2691162109375 0.9096705632306057 0.043440755208333334 0.019128586609989374
0 0.27357584635416665 0.9373007438894793 0.05236002604166667 0.019128586609989374
0 0.28020833333333334 0.9729011689691818 0.06979166666666667 0.01381509032943677
0 0.27590738932291664 0.9984059511158342 0.057023111979166666 0.003188097768331562
0 0.35104166666666664 0.6089266737513284 0.03333333333333333 0.031880977683315624
0 0.38680826822916664 0.6089266737513284 0.03333333333333333 0.031880977683315624
0 0.42986653645833334 0.6089266737513284 0.04791666666666667 0.031880977683315624
0 0.4729248046875 0.6089266737513284 0.03333333333333333 0.031880977683315624
0 0.50869140625 0.6089266737513284 0.03333333333333333 0.031880977683315624
0 0.5566975911458333 0.6089266737513284 0.0578125 0.031880977683315624
0 0.40840250651041665 0.6556854410201913 0.1147216796875 0.01487778958554729
0 0.40963541666666664 0.6854410201912858 0.1171875 0.01487778958554729
0 0.40447998046875 0.7151965993623804 0.10687662760416666 0.01487778958554729
0 0.40963541666666664 0.7449521785334751 0.1171875 0.01487778958554729
0 0.40963541666666664 0.7747077577045696 0.1171875 0.01487778958554729
0 0.40963541666666664 0.8044633368756642 0.1171875 0.01487778958554729
0 0.4119059244791667 0.8342189160467588 0.121728515625 0.01487778958554729
0 0.40963541666666664 0.8639744952178533 0.1171875 0.01487778958554729
0 0.40927327473958336 0.8937300743889479 0.11646321614583334 0.01487778958554729
0 0.40952962239583335 0.9234856535600425 0.11697591145833333 0.01487778958554729
0 0.5510416666666667 0.7470775770456961 0.10416666666666667 0.17003188097768332
0 0.5507975260416667 0.8831030818278427 0.10367838541666667 0.07013815090329437
0 0.5848958333333333 0.9500531349628055 0.036458333333333336 0.01487778958554729
0 0.6971354166666667 0.6705632306057385 0.12864583333333332 0.05100956429330499
0 0.6970418294270834 0.7247608926673751 0.12845865885416666 0.031880977683315624
