0 0.0171875 0.04330499468650372 0.03125 0.06535600425079703
0 0.0171875 0.10042507970244421 0.01875 0.03825717321997875
0 0.0171875 0.1548884165781084 0.034375 0.049415515409139216
13 0.0171875 0.1461211477151966 0.015625 0.031880977683315624
0 0.0171875 0.2149309245483528 0.034375 0.049415515409139216
13 0.0171875 0.206163655685441 0.015625 0.031880977683315624
0 0.0171875 0.27497343251859724 0.034375 0.049415515409139216
13 0.0171875 0.26620616365568545 0.015625 0.031880977683315624
0 0.0171875 0.33501594048884165 0.034375 0.049415515409139216
13 0.0171875 0.32624867162592985 0.015625 0.031880977683315624
0 0.0171875 0.39505844845908605 0.034375 0.049415515409139216
13 0.0171875 0.38629117959617426 0.015625 0.031880977683315624
8 0.0171875 0.4551009564293305 0.034375 0.049415515409139216
8 0.0171875 0.4551009564293305 0.015625 0.049415515409139216
13 0.0171875 0.4463336875664187 0.015625 0.031880977683315624
0 0.0171875 0.5217853347502657 0.034375 0.06269925611052073
13 0.0171875 0.5063761955366631 0.015625 0.031880977683315624
8 0.02109375 0.9564293304994687 0.0265625 0.048884165781083955
8 0.02109375 0.9564293304994687 0.0265625 0.048884165781083955
12 0.5171875 0.31243358129649307 0.959375 0.61211477151966
12 0.27734375 0.31243358129649307 0.4796875 0.61211477151966
0 0.11072591145833334 0.5722635494155154 0.13395182291666666 0.052072263549415514
12 0.75703125 0.1594048884165781 0.4796875 0.30605738575983
0 0.5693644205729167 0.2773645058448459 0.09185384114583334 0.02975557917109458
12 0.637109375 0.46546227417640806 0.23984375 0.30605738575983
0 0.5591959635416667 0.5834218916046758 0.07151692708333333 0.02975557917109458
12 0.876953125 0.46546227417640806 0.23984375 0.30605738575983
0 0.8223063151041666 0.5834218916046758 0.11805013020833334 0.02975557917109458
