0 0.21354166666666666 0.05951115834218916 0.0625 0.05100956429330499
11 0.6479329427083333 0.05951115834218916 0.0125 0.02746413390010627
1 0.6479329427083333 0.060490834218916045 0.0125 0.025504782146652496
11 0.6868123372395833 0.05951115834218916 0.0527587890625 0.025504782146652496
1 0.69019775390625 0.05951115834218916 0.04598795572916667 0.025504782146652496
11 0.7414103190104167 0.05951115834218916 0.04393717447916667 0.025504782146652496
1 0.7447957356770833 0.05951115834218916 0.03716634114583333 0.021253985122210415
11 0.7936686197916667 0.05951115834218916 0.048079427083333334 0.025504782146652496
0 0.7970540364583333 0.05951115834218916 0.04130859375 0.021253985122210415
0 0.21556396484375 0.12646121147715197 0.06654459635416667 0.019128586609989374
0 0.2781982421875 0.12646121147715197 0.025390625 0.019128586609989374
0 0.3432535807291667 0.12646121147715197 0.07138671875 0.019128586609989374
0 0.4145426432291667 0.12646121147715197 0.037858072916666666 0.019128586609989374
0 0.4652587890625 0.12646121147715197 0.030240885416666665 0.019128586609989374
0 0.5255126953125 0.12646121147715197 0.05693359375 0.019128586609989374
0 0.59256591796875 0.12646121147715197 0.043839518229166666 0.019128586609989374
0 0.7956868489583333 0.12646121147715197 0.04404296875 0.019128586609989374
0 0.43645833333333334 0.6382007173219979 0.24375 0.6345310839532412
0 0.6348958333333333 0.811952045696068 0.11145833333333334 0.28702842720510097
0 0.7671875 0.811952045696068 0.11145833333333334 0.28702842720510097
0 0.6979166666666666 0.4670563230605739 0.2375 0.2922422954303932
0 0.2 0.4808465063761955 0.04583333333333333 0.06264944208289054
0 0.2375 0.5037194473963869 0.12083333333333333 0.11689691817215728
0 0.18104248046875 0.5770456960680127 0.007918294270833333 0.021253985122210415
0 0.2 0.6710696732199788 0.04583333333333333 0.06264944208289054
0 0.2375 0.69394261424017 0.12083333333333333 0.11689691817215728
0 0.18104248046875 0.767268862911796 0.007918294270833333 0.021253985122210415
0 0.2 0.8612928400637619 0.04583333333333333 0.06264944208289054
0 0.2375 0.895855472901169 0.12083333333333333 0.14027630180658873
0 0.20450846354166666 0.9808714133900106 0.054850260416666664 0.021253985122210415
