0 0.10442708333333334 0.11424017003188097 0.0005208333333333333 0.0010626992561105207
0 0.10442708333333334 0.11424017003188097 0.0005208333333333333 0.0010626992561105207
0 0.30421549479166665 0.17003188097768332 0.08214518229166666 0.03400637619553666
0 0.1629638671875 0.20360653560042508 0.09051106770833334 0.01700318809776833
0 0.29640299479166665 0.20360653560042508 0.10595703125 0.01700318809776833
0 0.8801350911458333 0.1613144261424017 0.05838216145833333 0.01700318809776833
0 0.94697265625 0.1613144261424017 0.05096028645833333 0.01700318809776833
1 0.93892822265625 0.19870815621679064 0.07110188802083334 0.01700318809776833
0 0.93892822265625 0.1989240170031881 0.07110188802083334 0.03400637619553666
1 0.8774739583333333 0.19870815621679064 0.044514973958333336 0.01700318809776833
0 0.8774739583333333 0.1989240170031881 0.044514973958333336 0.03400637619553666
1 0.8286051432291667 0.19870815621679064 0.04593098958333333 0.01700318809776833
0 0.8286051432291667 0.1989240170031881 0.04593098958333333 0.03400637619553666
0 0.14583333333333334 0.3344679861849097 0.05625 0.025504782146652496
0 0.49296875 0.4434278692879915 0.06770833333333333 0.01700318809776833
0 0.15674641927083333 0.3667474760892667 0.078076171875 0.01700318809776833
0 0.20732014973958332 0.3667474760892667 0.014152018229166667 0.01700318809776833
0 0.295947265625 0.3667474760892667 0.013916015625 0.01700318809776833
0 0.4198486328125 0.3667474760892667 0.034440104166666666 0.01700318809776833
0 0.12582194010416667 0.39054197662061635 0.016227213541666667 0.01700318809776833
0 0.15236002604166668 0.39054197662061635 0.028743489583333334 0.01700318809776833
0 0.19329833984375 0.39054197662061635 0.0304443359375 0.01700318809776833
0 0.21866048177083333 0.39054197662061635 0.016227213541666667 0.01700318809776833
0 0.24759114583333333 0.39054197662061635 0.033528645833333336 0.01700318809776833
0 0.31228434244791664 0.39054197662061635 0.06830240885416666 0.01700318809776833
0 0.37140299479166666 0.39054197662061635 0.045882161458333334 0.01700318809776833
0 0.41481119791666665 0.39054197662061635 0.036881510416666666 0.01700318809776833
0 0.16802571614583334 0.414336477151966 0.041178385416666664 0.01700318809776833
0 0.32992350260416664 0.4693643730074389 0.032877604166666664 0.01700318809776833
0 0.1713134765625 0.4931588735387885 0.10721028645833333 0.01700318809776833
0 0.26034342447916664 0.4931588735387885 0.05423177083333333 0.01700318809776833
0 0.3670857747395833 0.4931588735387885 0.0796630859375 0.01700318809776833
0 0.3720703125 0.5407478746014878 0.120654296875 0.01700318809776833
0 0.4534423828125 0.5645423751328374 0.04095052083333333 0.01700318809776833
0 0.26016845703125 0.6121313761955367 0.020613606770833334 0.01700318809776833
0 0.3849080403645833 0.6359258767268863 0.0777587890625 0.01700318809776833
0 0.5026204427083333 0.659720377258236 0.0232421875 0.01700318809776833
0 0.260546875 0.6835148777895855 0.017024739583333334 0.01700318809776833
0 0.318115234375 0.7073093783209352 0.021223958333333334 0.01700318809776833
0 0.32108154296875 0.7667956296493093 0.4067464192708333 0.04079768862911796
0 0.23131917317708334 0.778692879914984 0.06426595052083334 0.01700318809776833
0 0.37237955729166666 0.778692879914984 0.035205078125 0.01700318809776833
0 0.18502604166666667 0.8813097768331563 0.03282877604166667 0.01700318809776833
0 0.39434814453125 0.8813097768331563 0.0309326171875 0.01700318809776833
1 0.136865234375 0.995043504250797 0.038313802083333334 0.009912991498405951
0 0.136865234375 0.9909006376195537 0.038313802083333334 0.018198724760892668
1 0.21612141927083334 0.995043504250797 0.11290690104166666 0.009912991498405951
0 0.21612141927083334 0.9909006376195537 0.11290690104166666 0.018198724760892668
1 0.5216145833333333 0.9909006376195537 0.016666666666666666 0.018198724760892668
0 0.9432291666666667 0.4014512486716259 0.0625 0.01700318809776833
0 0.7931925455729166 0.3667474760892667 0.10767415364583334 0.01700318809776833
0 0.6209716796875 0.39201979277364507 0.07410481770833334 0.01700318809776833
0 0.7006388346354167 0.39201979277364507 0.07305501302083334 0.01700318809776833
0 0.7528483072916666 0.39201979277364507 0.019189453125 0.01700318809776833
0 0.8304646809895834 0.39201979277364507 0.0220458984375 0.01700318809776833
0 0.6743611653645833 0.41729210945802336 0.0578857421875 0.01700318809776833
0 0.7114054361979166 0.4425644261424017 0.12481282552083334 0.01700318809776833
0 0.878515625 0.4425644261424017 0.027620442708333335 0.01700318809776833
0 0.9432291666666667 0.5311005579171094 0.0625 0.01700318809776833
0 0.6150390625 0.4708089798087141 0.076025390625 0.01700318809776833
0 0.7877726236979167 0.4708089798087141 0.0639892578125 0.01700318809776833
0 0.5988606770833333 0.5198757970244421 0.0298828125 0.01700318809776833
0 0.6642862955729166 0.5198757970244421 0.028670247395833334 0.01700318809776833
0 0.76324462890625 0.5198757970244421 0.16519368489583333 0.01700318809776833
0 0.5917439778645833 0.5436702975557917 0.029435221354166666 0.01700318809776833
0 0.5866495768229166 0.56894261424017 0.019246419270833332 0.01700318809776833
0 0.687255859375 0.56894261424017 0.029085286458333335 0.01700318809776833
0 0.76744384765625 0.56894261424017 0.0668212890625 0.01700318809776833
0 0.6199666341145833 0.5942149309245484 0.08588053385416666 0.01700318809776833
0 0.8376546223958333 0.5942149309245484 0.1353515625 0.01700318809776833
0 0.9432291666666667 0.660749867162593 0.0625 0.01700318809776833
0 0.7031494140625 0.6224594845908608 0.03951822916666667 0.01700318809776833
0 0.7852579752604166 0.6224594845908608 0.05297037760416667 0.01700318809776833
0 0.8362752278645833 0.6224594845908608 0.04095865885416667 0.01700318809776833
0 0.6138712565104166 0.6477318012752391 0.07368977864583333 0.01700318809776833
0 0.6824055989583333 0.6477318012752391 0.047281901041666664 0.01700318809776833
0 0.8028035481770833 0.6477318012752391 0.031844075520833334 0.01700318809776833
0 0.7494425455729167 0.6730041179596175 0.04019368489583333 0.01700318809776833
0 0.79239501953125 0.6730041179596175 0.03353678385416667 0.01700318809776833
0 0.8442586263020834 0.6730041179596175 0.0661376953125 0.01700318809776833
0 0.59884033203125 0.6982764346439958 0.0436279296875 0.01700318809776833
0 0.6773478190104166 0.6982764346439958 0.017830403645833333 0.01700318809776833
0 0.7263142903645833 0.6982764346439958 0.055769856770833334 0.01700318809776833
0 0.6625406901041667 0.7220709351753454 0.042985026041666666 0.01700318809776833
1 0.7647135416666667 0.7696599362380446 0.39869791666666665 0.03400637619553666
0 0.58968505859375 0.7696599362380446 0.04864095052083333 0.03400637619553666
1 0.9692708333333333 0.7696599362380446 0.016666666666666666 0.03400637619553666
0 0.6575032552083333 0.9106004250797024 0.04401041666666667 0.01700318809776833
0 0.7125325520833333 0.9106004250797024 0.05388997395833333 0.01700318809776833
0 0.7984049479166667 0.9106004250797024 0.10569661458333333 0.01700318809776833
0 0.8694742838541667 0.9106004250797024 0.027522786458333334 0.01700318809776833
0 0.9230265299479167 0.9106004250797024 0.0625244140625 0.01700318809776833
0 0.9432291666666667 0.9616598034006376 0.0625 0.01700318809776833
0 0.6523030598958334 0.9343949256110521 0.023502604166666666 0.01700318809776833
0 0.7777262369791667 0.9343949256110521 0.027571614583333334 0.01700318809776833
0 0.8232747395833333 0.9343949256110521 0.05947265625 0.01700318809776833
0 0.6993733723958333 0.9581894261424017 0.15343424479166667 0.01700318809776833
0 0.6138956705729167 0.98346174282678 0.0260986328125 0.01700318809776833
0 0.65250244140625 0.98346174282678 0.04706217447916667 0.01700318809776833
0 0.68636474609375 0.98346174282678 0.016609700520833333 0.01700318809776833
0 0.5904012044270833 0.9993773246546227 0.026749674479166666 0.0012453506907545164
0 0.6531697591145833 0.9993773246546227 0.04507649739583333 0.0012453506907545164
0 0.8498006184895833 0.020191285866099893 0.0373291015625 0.01487778958554729
0 0.8823771158854167 0.020191285866099893 0.018448893229166666 0.01487778958554729
0 0.9326009114583333 0.020191285866099893 0.07262369791666666 0.01487778958554729
0 0.9826334635416667 0.020191285866099893 0.01806640625 0.01487778958554729
0 0.11319580078125 0.06376195536663125 0.0420166015625 0.04250797024442083
0 0.15858968098958334 0.06376195536663125 0.04877115885416667 0.04250797024442083
0 0.7134684244791667 0.06376195536663125 0.030615234375 0.04250797024442083
0 0.7571736653645833 0.06376195536663125 0.05679524739583333 0.04250797024442083
0 0.8032023111979166 0.06376195536663125 0.035262044270833334 0.04250797024442083
2 0.9083333333333333 0.06626095908607864 0.16666666666666666 0.03050278958554729
1 0.9838541666666667 0.06626095908607864 0.014583333333333334 0.02837739107332625
1 0.9838541666666667 0.06626095908607864 0.014583333333333334 0.02837739107332625
0 0.04583333333333333 0.08501594048884166 0.08333333333333333 0.17003188097768332
0 0.04425862630208333 0.20594779489904358 0.060196940104166666 0.01487778958554729
0 0.032999674479166664 0.22667043039319873 0.037679036458333336 0.01487778958554729
0 0.04134521484375 0.24739306588735388 0.0543701171875 0.01487778958554729
0 0.04083658854166667 0.26811570138150903 0.05335286458333333 0.01487778958554729
0 0.04041341145833333 0.2888383368756642 0.052506510416666666 0.01487778958554729
0 0.03565673828125 0.30956097236981933 0.0429931640625 0.01487778958554729
1 0.04544677734375 0.3715130180658874 0.0625732421875 0.01487778958554729
0 0.043115234375 0.39223565356004253 0.05791015625 0.01487778958554729
0 0.032421875 0.4129582890541977 0.0365234375 0.01487778958554729
0 0.023954264322916665 0.43368092454835283 0.019588216145833334 0.01487778958554729
0 0.03719482421875 0.454403560042508 0.0460693359375 0.01487778958554729
0 0.03893636067708333 0.47512619553666313 0.04955240885416667 0.01487778958554729
0 0.02679443359375 0.4958488310308183 0.0252685546875 0.01487778958554729
0 0.03406168619791667 0.5578008767268863 0.03980305989583333 0.01487778958554729
0 0.041975911458333334 0.5785235122210415 0.05563151041666667 0.01487778958554729
0 0.046492513020833334 0.5992461477151966 0.06466471354166667 0.01487778958554729
0 0.04321695963541667 0.6199687832093518 0.05811360677083333 0.01487778958554729
0 0.04596354166666667 0.6406914187035069 0.06360677083333334 0.01487778958554729
0 0.04285888671875 0.6685872741764081 0.0573974609375 0.02922422954303932
0 0.038350423177083336 0.6964831296493093 0.048380533854166664 0.01487778958554729
1 0.03704020182291667 0.7172057651434643 0.045760091145833334 0.01487778958554729
0 0.03955891927083333 0.7791578108395324 0.050797526041666666 0.01487778958554729
0 0.04230143229166667 0.7998804463336876 0.05628255208333333 0.01487778958554729
0 0.030305989583333335 0.8618324920297555 0.03229166666666667 0.01487778958554729
0 0.03979085286458333 0.8825551275239107 0.05126139322916667 0.01487778958554729
0 0.0310302734375 0.9032777630180658 0.033740234375 0.01487778958554729
0 0.029915364583333333 0.924000398512221 0.031510416666666666 0.01487778958554729
0 0.03720703125 0.9518962539851222 0.04609375 0.02922422954303932
0 0.03570149739583333 0.9861766073326249 0.04308268229166667 0.027646785334750266
