0 0.4850545247395833 0.024442082890541977 0.024259440104166665 0.012752391073326248
0 0.5165568033854167 0.024442082890541977 0.021036783854166668 0.012752391073326248
0 0.22083333333333333 0.12221041445270989 0.041666666666666664 0.057385759829968117
0 0.5 0.08129649309245483 0.15104166666666666 0.06482465462274177
0 0.71435546875 0.09989373007438895 0.07879231770833334 0.04250797024442083
1 0.7768758138020834 0.09989373007438895 0.046248372395833334 0.031880977683315624
0 0.21458333333333332 0.18331562167906482 0.029166666666666667 0.05951115834218916
1 0.26840006510416664 0.18331562167906482 0.056591796875 0.05526036131774708
1 0.33994140625 0.18331562167906482 0.06461588541666667 0.05526036131774708
1 0.4108642578125 0.18331562167906482 0.05535481770833333 0.05526036131774708
1 0.4718017578125 0.18331562167906482 0.04464518229166667 0.05526036131774708
1 0.52799072265625 0.18331562167906482 0.045857747395833336 0.05526036131774708
1 0.5853474934895834 0.18331562167906482 0.046980794270833334 0.05526036131774708
1 0.6617635091145834 0.18331562167906482 0.08397623697916666 0.05526036131774708
1 0.7401896158854167 0.18331562167906482 0.0510009765625 0.05526036131774708
1 0.7891276041666667 0.18331562167906482 0.008333333333333333 0.022316684378320937
0 0.25374755859375 0.29876793304994687 0.1074951171875 0.12994819341126462
0 0.36124267578125 0.29876793304994687 0.1074951171875 0.12994819341126462
0 0.46873779296875 0.29876793304994687 0.1074951171875 0.12994819341126462
0 0.57623291015625 0.29876793304994687 0.1074951171875 0.12994819341126462
0 0.68372802734375 0.29876793304994687 0.1074951171875 0.12994819341126462
0 0.76875 0.26567481402763016 0.036376953125 0.06376195536663125
0 0.35763753255208336 0.8115203241232731 0.21944173177083334 0.3769593517534538
0 0.5315958658854166 0.7549398910733263 0.10347493489583333 0.26379848565356007
0 0.5315958658854166 0.9694556987247609 0.10347493489583333 0.06108860255047822
0 0.6739583333333333 0.8120516737513284 0.15520833333333334 0.3758966524973433
0 0.4674072265625 0.5982996811902231 0.059130859375 0.020191285866099893
1 0.41783447265625 0.7433581296493093 0.10025227864583333 0.021253985122210415
1 0.5 0.7805526036131775 0.26458333333333334 0.04250797024442083
1 0.5 0.6732199787460149 0.26458333333333334 0.044633368756641874
1 0.5 0.730605738575983 0.26458333333333334 0.044633368756641874
0 0.5240519205729167 0.7741764080765143 0.043806966145833334 0.019128586609989374
