1 0.5 0.03453772582359192 1.0 0.06907545164718384
0 0.15416666666666667 0.044633368756641874 0.058333333333333334 0.021253985122210415
1 0.8295979817708333 0.03453772582359192 0.09080403645833333 0.03506907545164718
1 0.8295979817708333 0.03453772582359192 0.09080403645833333 0.03506907545164718
0 0.23847249348958333 0.03400637619553666 0.0852783203125 0.03400637619553666
0 0.3079142252604167 0.03400637619553666 0.053605143229166666 0.03400637619553666
0 0.36822102864583334 0.03400637619553666 0.06700846354166666 0.03400637619553666
0 0.4316162109375 0.03400637619553666 0.05978190104166667 0.03400637619553666
0 0.1557373046875 0.09883103081827843 0.028141276041666666 0.021253985122210415
0 0.68150634765625 0.09936238044633369 0.028670247395833334 0.018065887353878853
0 0.7181355794270833 0.09936238044633369 0.023234049479166668 0.018065887353878853
0 0.75537109375 0.09936238044633369 0.0298828125 0.018065887353878853
0 0.8137369791666667 0.09936238044633369 0.06549479166666666 0.018065887353878853
0 0.8660807291666667 0.09936238044633369 0.017838541666666666 0.018065887353878853
0 0.15074462890625 0.9000564558979809 0.0514892578125 0.025504782146652496
0 0.41228841145833334 0.9000564558979809 0.041243489583333334 0.025504782146652496
0 0.6901285807291667 0.9000564558979809 0.06359049479166666 0.025504782146652496
