0 0.36796875 0.089798087141339 0.059895833333333336 0.0669500531349628
2 0.49270833333333336 0.09032943676939426 0.178125 0.04675876726886291
1 0.6078125 0.09086078639744952 0.052083333333333336 0.04782146652497343
1 0.6078125 0.09032943676939426 0.052083333333333336 0.04675876726886291
1 0.26455891927083336 0.143663655685441 0.027490234375 0.02590329436769394
1 0.2614339192708333 0.14472635494155153 0.021240234375 0.0237778958554729
0 0.29983317057291664 0.14452709883103082 0.04305826822916667 0.02763018065887354
0 0.34844563802083334 0.14452709883103082 0.051041666666666666 0.02763018065887354
0 0.3947998046875 0.14452709883103082 0.03854166666666667 0.02763018065887354
0 0.43490397135416664 0.14452709883103082 0.03854166666666667 0.02763018065887354
0 0.4718831380208333 0.14452709883103082 0.03229166666666667 0.02763018065887354
0 0.5147379557291667 0.14452709883103082 0.05029296875 0.02763018065887354
0 0.5727213541666667 0.14452709883103082 0.062548828125 0.02763018065887354
0 0.6310791015625 0.14452709883103082 0.051041666666666666 0.02763018065887354
0 0.6864339192708333 0.14452709883103082 0.05654296875 0.02763018065887354
0 0.73194580078125 0.14452709883103082 0.031355794270833334 0.02763018065887354
0 0.37199300130208335 0.19766206163655686 0.0446044921875 0.02763018065887354
0 0.4111246744791667 0.19766206163655686 0.030533854166666666 0.02763018065887354
0 0.45034993489583336 0.19766206163655686 0.04479166666666667 0.02763018065887354
0 0.4904541015625 0.19766206163655686 0.03229166666666667 0.02763018065887354
0 0.54912109375 0.19766206163655686 0.08191731770833334 0.02763018065887354
0 0.6201944986979167 0.19766206163655686 0.0571044921875 0.02763018065887354
0 0.32149658203125 0.19116963336875664 0.0527587890625 0.01381509032943677
0 0.4997151692708333 0.19116963336875664 0.06539713541666667 0.01381509032943677
0 0.6779378255208334 0.19116963336875664 0.12526041666666668 0.01381509032943677
0 0.35952555338541664 0.013283740701381509 0.24717610677083332 0.01381509032943677
0 0.5680989583333333 0.01381509032943677 0.023958333333333335 0.02763018065887354
0 0.6099283854166667 0.01381509032943677 0.04407552083333333 0.02763018065887354
0 0.6392578125 0.01429662592986185 0.008333333333333333 0.01700318809776833
0 0.6507161458333334 0.01429662592986185 0.008333333333333333 0.01700318809776833
0 0.6621744791666667 0.01429662592986185 0.008333333333333333 0.01700318809776833
0 0.6736328125 0.01429662592986185 0.008333333333333333 0.01700318809776833
0 0.7245768229166667 0.01381509032943677 0.0779296875 0.02763018065887354
0 0.2484375 0.2384597502656748 0.021875 0.01487778958554729
0 0.3302083333333333 0.237870284272051 0.0375 0.017949654622741763
0 0.2548136393229167 0.2690953772582359 0.034627278645833336 0.01381509032943677
0 0.30052083333333335 0.26899574920297553 0.014583333333333334 0.021253985122210415
0 0.3258056640625 0.2615070403825717 0.035986328125 0.01381509032943677
0 0.3256754557291667 0.2775471572794899 0.025 0.012752391073326248
0 0.29322916666666665 0.31228413921360254 0.11041666666666666 0.032080233793836344
0 0.25589192708333336 0.3586111849096706 0.03365885416666667 0.022316684378320937
0 0.29322916666666665 0.48454104675876725 0.09270833333333334 0.01487778958554729
1 0.29322916666666665 0.5599926939426142 0.125 0.061636556854410204
1 0.29322916666666665 0.545114904357067 0.09375 0.031880977683315624
0 0.29322916666666665 0.545114904357067 0.09375 0.031880977683315624
1 0.29322916666666665 0.5780585812964931 0.09375 0.012752391073326248
0 0.29322916666666665 0.5780585812964931 0.09375 0.012752391073326248
0 0.29322916666666665 0.6285367959617428 0.11041666666666666 0.05419766206163656
0 0.3280843098958333 0.7890791046758767 0.031331380208333336 0.018481004250797024
0 0.3302083333333333 0.9715395855472901 0.0375 0.012752391073326248
0 0.37473958333333335 0.234740302869288 0.0265625 0.039319872476089264
0 0.40130208333333334 0.234740302869288 0.0265625 0.039319872476089264
0 0.4317708333333333 0.234740302869288 0.034375 0.039319872476089264
0 0.46605224609375 0.234740302869288 0.03418782552083333 0.039319872476089264
0 0.5002400716145833 0.234740302869288 0.03418782552083333 0.039319872476089264
0 0.530615234375 0.234740302869288 0.0265625 0.039319872476089264
0 0.557958984375 0.234740302869288 0.028125 0.039319872476089264
0 0.585302734375 0.234740302869288 0.0265625 0.039319872476089264
0 0.6155843098958333 0.234740302869288 0.03400065104166667 0.039319872476089264
0 0.5100667317708333 0.27512287460148777 0.027083333333333334 0.01381509032943677
0 0.5534708658854167 0.27512287460148777 0.046183268229166664 0.01381509032943677
0 0.42593994140625 0.3023213336875664 0.11646321614583334 0.024442082890541977
0 0.4292236328125 0.32995151434643993 0.12303059895833333 0.024442082890541977
0 0.42711181640625 0.3575816950053135 0.11880696614583333 0.024442082890541977
0 0.427001953125 0.385211875664187 0.11858723958333334 0.024442082890541977
0 0.42604166666666665 0.4128420563230606 0.11666666666666667 0.024442082890541977
0 0.42584228515625 0.4404722369819341 0.11626790364583334 0.024442082890541977
0 0.4265340169270833 0.4681024176408077 0.1176513671875 0.024442082890541977
0 0.42239583333333336 0.4957325982996812 0.109375 0.024442082890541977
0 0.42832845052083335 0.5233627789585548 0.121240234375 0.024442082890541977
0 0.42711181640625 0.5509929596174282 0.11880696614583333 0.024442082890541977
0 0.5466145833333333 0.33260826248671627 0.058854166666666666 0.08289054197662062
0 0.5462158203125 0.40072064293304993 0.059098307291666666 0.04207624867162593
0 0.5466145833333333 0.4773346174282678 0.058854166666666666 0.08289054197662062
0 0.5453125 0.553043637088204 0.057291666666666664 0.057269527098831034
0 0.41953125 0.7955964399574921 0.10364583333333334 0.03825717321997875
0 0.5231770833333333 0.7955964399574921 0.10364583333333334 0.03825717321997875
0 0.4713541666666667 0.8774242826780021 0.20729166666666668 0.10839532412327312
0 0.4713541666666667 0.9737812167906482 0.20729166666666668 0.05243756641870351
0 0.20665283203125 0.5339399574920297 0.09247233072916666 0.051109192348565355
0 0.37619222005208336 0.5339399574920297 0.09405110677083334 0.051109192348565355
0 0.54415283203125 0.5339399574920297 0.09247233072916666 0.051109192348565355
0 0.7136922200520833 0.5339399574920297 0.09405110677083334 0.051109192348565355
0 0.88165283203125 0.5339399574920297 0.09247233072916666 0.051109192348565355
1 0.5934895833333333 0.557269527098831 0.011979166666666667 0.03825717321997875
1 0.7627604166666667 0.557269527098831 0.011979166666666667 0.03825717321997875
12 0.678125 0.6029655951115834 0.16875 0.01487778958554729
1 0.6739583333333333 0.6040282943676939 0.004166666666666667 0.008501594048884165
1 0.6822916666666666 0.6040282943676939 0.004166666666666667 0.008501594048884165
0 0.6359375 0.7007339266737513 0.084375 0.03825717321997875
0 0.7203125 0.7007339266737513 0.084375 0.03825717321997875
0 0.74315185546875 0.7400537991498406 0.2988037109375 0.01487778958554729
0 0.7079549153645833 0.7647947662061636 0.22840983072916668 0.01487778958554729
0 0.75980224609375 0.7895357332624867 0.3321044921875 0.01487778958554729
0 0.7101277669270833 0.8142767003188098 0.23275553385416667 0.01487778958554729
0 0.7387613932291667 0.8390176673751328 0.29002278645833335 0.01487778958554729
0 0.7681111653645833 0.863758634431456 0.34872233072916664 0.01487778958554729
0 0.75106201171875 0.888499601487779 0.3146240234375 0.01487778958554729
0 0.7189249674479167 0.9132405685441021 0.25034993489583335 0.01487778958554729
0 0.6905314127604166 0.9379815356004251 0.19356282552083334 0.01487778958554729
0 0.6747111002604167 0.9627225026567482 0.16192220052083334 0.01487778958554729
1 0.678125 0.9979825318809776 0.037760416666666664 0.004034936238044634
1 0.25283203125 0.04569606801275239 0.012044270833333334 0.031880977683315624
1 0.13645833333333332 0.16139744952178534 0.25104166666666666 0.030818278427205102
1 0.07369791666666667 0.16139744952178534 0.11927083333333334 0.030818278427205102
1 0.19921875 0.16139744952178534 0.11927083333333334 0.030818278427205102
