0 0.38292236328125 0.422422954303932 0.0530029296875 0.01700318809776833
0 0.44649658203125 0.422422954303932 0.04320475260416667 0.01700318809776833
1 0.40859375 0.48213336875664187 0.15677083333333333 0.048884165781083955
1 0.40859375 0.53951912858661 0.15677083333333333 0.048884165781083955
1 0.40859375 0.5884032943676939 0.15677083333333333 0.031880977683315624
1 0.4085896809895833 0.5884032943676939 0.0587158203125 0.01700318809776833
5 0.521630859375 0.44507173219978746 0.01826171875 0.019327842720510097
2 0.5911458333333334 0.4843916046758767 0.14791666666666667 0.022316684378320937
5 0.5288370768229167 0.5364638682252922 0.032674153645833336 0.019327842720510097
2 0.5911458333333334 0.5757837407013815 0.14791666666666667 0.022316684378320937
1 0.6499715169270833 0.6368889479277364 0.03964029947916667 0.040382571732199786
1 0.6499715169270833 0.6368889479277364 0.018806966145833333 0.018065887353878853
0 0.4559407552083333 0.7102151965993624 0.017399088541666666 0.01700318809776833
0 0.4342244466145833 0.7102151965993624 0.018351236979166668 0.01700318809776833
0 0.477734375 0.7102151965993624 0.018505859375 0.01700318809776833
0 0.5008219401041667 0.7102151965993624 0.019986979166666665 0.01700318809776833
0 0.5219645182291667 0.7102151965993624 0.014615885416666667 0.01700318809776833
0 0.5454630533854167 0.7102151965993624 0.024698893229166668 0.01700318809776833
0 0.58304443359375 0.7102151965993624 0.019539388020833333 0.01700318809776833
0 0.34883219401041665 0.7646121147715197 0.018937174479166666 0.01700318809776833
0 0.37629801432291665 0.7646121147715197 0.0245849609375 0.01700318809776833
0 0.4058024088541667 0.7646121147715197 0.023014322916666666 0.01700318809776833
0 0.43270670572916664 0.7646121147715197 0.019384765625 0.01700318809776833
0 0.4606201171875 0.7646121147715197 0.025032552083333333 0.01700318809776833
0 0.49610595703125 0.7646121147715197 0.034529622395833334 0.01700318809776833
0 0.5449991861979167 0.7646121147715197 0.05184733072916667 0.01700318809776833
0 0.5853678385416666 0.7646121147715197 0.01748046875 0.01700318809776833
