0 0.2682291666666667 0.03771752125398512 0.10416666666666667 0.027049017003188097
11 0.417822265625 0.03772582359192349 0.07802734375 0.07545164718384698
0 0.417822265625 0.036131774707757705 0.06552734375 0.019128586609989374
11 0.5273193359375 0.03772582359192349 0.0736328125 0.07545164718384698
0 0.5273193359375 0.036131774707757705 0.0611328125 0.019128586609989374
11 0.64755859375 0.03772582359192349 0.09951171875 0.07545164718384698
0 0.64755859375 0.036131774707757705 0.08701171875 0.019128586609989374
11 0.74898681640625 0.03772582359192349 0.0360107421875 0.07545164718384698
0 0.74898681640625 0.036131774707757705 0.0235107421875 0.019128586609989374
0 0.28025716145833335 0.9545446997874601 0.5271809895833334 0.03455433049946865
1 0.7699991861979166 0.9460348034006376 0.43999837239583334 0.0750365302869288
1 0.6922281901041667 0.9444407545164718 0.06510416666666667 0.044218251859723695
1 0.7666097005208333 0.9444407545164718 0.06510416666666667 0.044218251859723695
1 0.8409912109375 0.9444407545164718 0.06510416666666667 0.044218251859723695
1 0.9833333333333333 0.9428467056323061 0.022916666666666665 0.04675876726886291
