1 0.607373046875 0.20031880977683317 0.09114583333333333 0.05844845908607864
5 0.6052897135416667 0.2879914984059511 0.134375 0.03825717321997875
2 0.6052897135416667 0.2879914984059511 0.134375 0.03825717321997875
5 0.6052897135416667 0.33475026567481403 0.134375 0.03825717321997875
2 0.6052897135416667 0.33475026567481403 0.134375 0.03825717321997875
1 0.607373046875 0.38682252922422955 0.13958333333333334 0.03400637619553666
1 0.607373046875 0.48563695536663126 0.13958333333333334 0.021253985122210415
0 0.607373046875 0.526019527098831 0.18125 0.01700318809776833
0 0.64781494140625 0.6030652231668437 0.026407877604166668 0.018065887353878853
0 0.5703206380208333 0.7141172954303932 0.07083333333333333 0.04675876726886291
0 0.644873046875 0.7141172954303932 0.06993815104166666 0.04675876726886291
0 0.27982991536458335 0.88788522848034 0.014754231770833333 0.011689691817215728
0 0.3043741861979167 0.88788522848034 0.017667643229166665 0.011689691817215728
0 0.32813720703125 0.88788522848034 0.013191731770833333 0.011689691817215728
0 0.3501505533854167 0.88788522848034 0.014168294270833333 0.011689691817215728
0 0.37237141927083334 0.88788522848034 0.013606770833333334 0.011689691817215728
0 0.3924357096354167 0.88788522848034 0.009855143229166667 0.011689691817215728
0 0.41644694010416666 0.88788522848034 0.021500651041666666 0.011689691817215728
0 0.44456787109375 0.88788522848034 0.018074544270833333 0.011689691817215728
0 0.476171875 0.88788522848034 0.028466796875 0.011689691817215728
0 0.5197428385416667 0.88788522848034 0.042008463541666666 0.011689691817215728
0 0.5611124674479167 0.88788522848034 0.024064127604166666 0.011689691817215728
0 0.6307820638020833 0.88788522848034 0.0986083984375 0.011689691817215728
0 0.7079833984375 0.88788522848034 0.03912760416666667 0.011689691817215728
8 0.45291748046875 0.9256110520722636 0.0448486328125 0.012752391073326248
1 0.013541666666666667 0.9771519659936238 0.014583333333333334 0.02975557917109458
0 0.16583251953125 0.9771519659936238 0.0404052734375 0.015940488841657812
0 0.22196044921875 0.9771519659936238 0.0429443359375 0.015940488841657812
