0 0.0234375 0.02497343251859724 0.022916666666666665 0.0010626992561105207
0 0.37926025390625 0.9261424017003188 0.0727294921875 0.018065887353878853
1 0.6333170572916667 0.9341126461211477 0.08336588541666666 0.04675876726886291
1 0.7419270833333333 0.9341126461211477 0.12552083333333333 0.04675876726886291
8 0.5 0.01487778958554729 1.0 0.02975557917109458
1 0.20309651692708333 0.01487778958554729 0.08348795572916666 0.02975557917109458
0 0.2525146484375 0.07863974495217853 0.08211263020833333 0.04675876726886291
1 0.53804931640625 0.07863974495217853 0.056502278645833334 0.04675876726886291
5 0.5785400390625 0.05472901168969182 0.0005208333333333333 0.0010626992561105207
2 0.6556233723958333 0.07863974495217853 0.15364583333333334 0.04675876726886291
1 0.7604939778645833 0.07863974495217853 0.05609537760416667 0.04675876726886291
1 0.7602335611979166 0.07970244420828905 0.03890787760416667 0.02975557917109458
1 0.7449462890625 0.07970244420828905 0.008333333333333333 0.01700318809776833
1 0.7664835611979167 0.07970244420828905 0.026407877604166668 0.02975557917109458
0 0.22726236979166667 0.17003188097768332 0.03056640625 0.08501594048884166
0 0.28927001953125 0.17003188097768332 0.0924072265625 0.08501594048884166
1 0.3469319661458333 0.17003188097768332 0.022916666666666665 0.08501594048884166
1 0.3469319661458333 0.17003188097768332 0.008333333333333333 0.01700318809776833
1 0.3469319661458333 0.17003188097768332 0.008333333333333333 0.01700318809776833
0 0.3007283528645833 0.24017003188097769 0.11636555989583333 0.05100956429330499
0 0.3007283528645833 0.30393198724760895 0.11636555989583333 0.0765143464399575
0 0.3007283528645833 0.36769394261424015 0.11636555989583333 0.05100956429330499
0 0.3007283528645833 0.41870350690754515 0.11636555989583333 0.05100956429330499
0 0.3007283528645833 0.46971307120085015 0.11636555989583333 0.05100956429330499
0 0.3007283528645833 0.5207226354941552 0.11636555989583333 0.05100956429330499
0 0.3007283528645833 0.5717321997874601 0.11636555989583333 0.05100956429330499
0 0.3007283528645833 0.6227417640807651 0.11636555989583333 0.05100956429330499
0 0.39768880208333335 0.17003188097768332 0.07755533854166667 0.08501594048884166
1 0.4479248046875 0.17003188097768332 0.022916666666666665 0.08501594048884166
1 0.4479248046875 0.17003188097768332 0.008333333333333333 0.01700318809776833
1 0.4479248046875 0.17003188097768332 0.008333333333333333 0.01700318809776833
0 0.41488850911458336 0.24017003188097769 0.11299641927083333 0.05100956429330499
0 0.41488850911458336 0.2911795961742827 0.11299641927083333 0.05100956429330499
0 0.41488850911458336 0.3421891604675877 0.11299641927083333 0.05100956429330499
0 0.41488850911458336 0.3931987247608927 0.11299641927083333 0.05100956429330499
0 0.41488850911458336 0.4442082890541977 0.11299641927083333 0.05100956429330499
0 0.4946533203125 0.17003188097768332 0.06949869791666667 0.08501594048884166
1 0.5408610026041667 0.17003188097768332 0.022916666666666665 0.08501594048884166
1 0.5408610026041667 0.17003188097768332 0.008333333333333333 0.01700318809776833
1 0.5408610026041667 0.17003188097768332 0.008333333333333333 0.01700318809776833
0 0.51588134765625 0.24017003188097769 0.11299641927083333 0.05100956429330499
0 0.51588134765625 0.2911795961742827 0.11299641927083333 0.05100956429330499
0 0.51588134765625 0.3421891604675877 0.11299641927083333 0.05100956429330499
0 0.51588134765625 0.3931987247608927 0.11299641927083333 0.05100956429330499
0 0.5809488932291667 0.17003188097768332 0.05621744791666667 0.08501594048884166
1 0.6205159505208333 0.17003188097768332 0.022916666666666665 0.08501594048884166
1 0.6205159505208333 0.17003188097768332 0.008333333333333333 0.01700318809776833
1 0.6205159505208333 0.17003188097768332 0.008333333333333333 0.01700318809776833
0 0.6088175455729167 0.24017003188097769 0.11299641927083333 0.05100956429330499
0 0.6088175455729167 0.2911795961742827 0.11299641927083333 0.05100956429330499
0 0.6088175455729167 0.3421891604675877 0.11299641927083333 0.05100956429330499
0 0.6088175455729167 0.3931987247608927 0.11299641927083333 0.05100956429330499
0 0.6088175455729167 0.4442082890541977 0.11299641927083333 0.05100956429330499
0 0.6088175455729167 0.4952178533475027 0.11299641927083333 0.05100956429330499
0 0.6088175455729167 0.5462274176408076 0.11299641927083333 0.05100956429330499
0 0.6088175455729167 0.5972369819341127 0.11299641927083333 0.05100956429330499
0 0.6088175455729167 0.6482465462274176 0.11299641927083333 0.05100956429330499
0 0.6088175455729167 0.7120085015940489 0.11299641927083333 0.0765143464399575
0 0.6088175455729167 0.7885228480340064 0.11299641927083333 0.0765143464399575
0 0.66141357421875 0.17003188097768332 0.0578369140625 0.08501594048884166
1 0.7017903645833333 0.17003188097768332 0.022916666666666665 0.08501594048884166
1 0.7017903645833333 0.17003188097768332 0.008333333333333333 0.01700318809776833
1 0.7017903645833333 0.17003188097768332 0.008333333333333333 0.01700318809776833
0 0.6884724934895833 0.24017003188097769 0.11299641927083333 0.05100956429330499
0 0.6884724934895833 0.2911795961742827 0.11299641927083333 0.05100956429330499
0 0.6884724934895833 0.35494155154091395 0.11299641927083333 0.0765143464399575
0 0.7394368489583333 0.17003188097768332 0.05133463541666667 0.08501594048884166
1 0.7765625 0.17003188097768332 0.022916666666666665 0.08501594048884166
1 0.7765625 0.17003188097768332 0.008333333333333333 0.01700318809776833
1 0.7765625 0.17003188097768332 0.008333333333333333 0.01700318809776833
0 0.7697469075520833 0.24017003188097769 0.11299641927083333 0.05100956429330499
0 0.7697469075520833 0.2911795961742827 0.11299641927083333 0.05100956429330499
0 0.7697469075520833 0.3421891604675877 0.11299641927083333 0.05100956429330499
0 0.7697469075520833 0.4059511158342189 0.11299641927083333 0.0765143464399575
0 0.7697469075520833 0.4824654622741764 0.11299641927083333 0.0765143464399575
0 0.7697469075520833 0.5589798087141339 0.11299641927083333 0.0765143464399575
0 0.7697469075520833 0.6227417640807651 0.11299641927083333 0.05100956429330499
0 0.7697469075520833 0.6737513283740701 0.11299641927083333 0.05100956429330499
0 0.7697469075520833 0.7247608926673751 0.11299641927083333 0.05100956429330499
1 0.6075520833333333 0.36663124335812963 0.0140625 0.028692879914984058
6 0.3888020833333333 0.5063761955366631 0.0067708333333333336 0.01381509032943677
5 0.4736409505208333 0.5079702444208289 0.158837890625 0.01700318809776833
0 0.5238199869791667 0.5079702444208289 0.05847981770833333 0.01700318809776833
1 0.5 0.5584484590860787 0.22916666666666666 0.077577045696068
1 0.4002604166666667 0.5584484590860787 0.0296875 0.04357066950053135
1 0.45790201822916665 0.5584484590860787 0.066845703125 0.04357066950053135
6 0.3888020833333333 0.6062699256110521 0.0067708333333333336 0.01381509032943677
5 0.45555013020833335 0.6078639744952179 0.12265625 0.01700318809776833
