1 0.2910847981770833 0.0536663124335813 0.07544759114583334 0.04144527098831031
1 0.36702880859375 0.0536663124335813 0.07227376302083334 0.04144527098831031
1 0.42953694661458336 0.0536663124335813 0.04857584635416667 0.04144527098831031
0 0.502783203125 0.08607863974495218 0.052083333333333336 0.10626992561105207
1 0.57874755859375 0.0536663124335813 0.0581787109375 0.04144527098831031
1 0.6341349283854166 0.0536663124335813 0.04842936197916667 0.04144527098831031
1 0.6826985677083334 0.0536663124335813 0.04453125 0.04144527098831031
1 0.682177734375 0.0536663124335813 0.04348958333333333 0.04144527098831031
1 0.334375 0.1902231668437832 0.12916666666666668 0.053134962805526036
1 0.334375 0.1902231668437832 0.12916666666666668 0.053134962805526036
1 0.334375 0.1902231668437832 0.12916666666666668 0.053134962805526036
1 0.3028645833333333 0.1902231668437832 0.06197916666666667 0.04675876726886291
2 0.5666666666666667 0.1902231668437832 0.32708333333333334 0.053134962805526036
1 0.7119791666666667 0.1902231668437832 0.036458333333333336 0.053134962805526036
0 0.5 0.395124867162593 0.24479166666666666 0.28653028692879917
0 0.25390625 0.4055858129649309 0.2265625 0.2656083953241233
0 0.74609375 0.4055858129649309 0.2265625 0.2656083953241233
0 0.20138753255208333 0.7352965595111584 0.10902506510416667 0.16895257704569608
0 0.20138753255208333 0.8496612646121148 0.10902506510416667 0.03852284803400638
0 0.20138753255208333 0.8934976089266737 0.10902506510416667 0.03852284803400638
0 0.20138753255208333 0.9373339532412327 0.10902506510416667 0.03852284803400638
0 0.3156209309895833 0.7352965595111584 0.10902506510416667 0.16895257704569608
0 0.3156209309895833 0.8496612646121148 0.10902506510416667 0.03852284803400638
0 0.3156209309895833 0.8934976089266737 0.10902506510416667 0.03852284803400638
0 0.3156209309895833 0.9373339532412327 0.10902506510416667 0.03852284803400638
1 0.2585042317708333 0.9836028825717322 0.22325846354166667 0.0327942348565356
0 0.49999593098958334 0.7789419500531349 0.2232666015625 0.2562433581296493
2 0.47364908854166665 0.9827560441020191 0.16848958333333333 0.034487911795961744
1 0.5839803059895833 0.9827560441020191 0.05321451822916667 0.034487911795961744
