0 0.22395833333333334 0.1487778958554729 0.020833333333333332 0.04569606801275239
0 0.3137410481770833 0.1487778958554729 0.0243896484375 0.061636556854410204
0 0.35934244791666664 0.1487778958554729 0.034586588541666664 0.061636556854410204
0 0.43039143880208336 0.1487778958554729 0.07528483072916667 0.061636556854410204
0 0.4999593098958333 0.1487778958554729 0.03162434895833333 0.061636556854410204
0 0.5443888346354167 0.1487778958554729 0.025008138020833334 0.061636556854410204
0 0.60291748046875 0.1487778958554729 0.05982259114583333 0.061636556854410204
0 0.75390625 0.1487778958554729 0.013020833333333334 0.026567481402763018
1 0.7786458333333334 0.1487778958554729 0.015625 0.03506907545164718
0 0.4153645833333333 0.49309245483528164 0.4036458333333333 0.5611052072263549
0 0.7083211263020833 0.6282545164718385 0.15624186197916667 0.24056854410201914
0 0.3046875 0.8974495217853348 0.18229166666666666 0.2051009564293305
0 0.5 0.8974495217853348 0.18229166666666666 0.2051009564293305
0 0.6953125 0.8974495217853348 0.18229166666666666 0.2051009564293305
