0 0.15833333333333333 0.09776833156216791 0.08645833333333333 0.02537194473963868
0 0.22978108723958332 0.09776833156216791 0.056437174479166664 0.04729011689691817
0 0.29065348307291666 0.09776833156216791 0.0653076171875 0.04729011689691817
0 0.34869791666666666 0.09776833156216791 0.05078125 0.04729011689691817
0 0.39564208984375 0.09776833156216791 0.043107096354166666 0.04729011689691817
0 0.43676350911458334 0.09776833156216791 0.0391357421875 0.04729011689691817
0 0.7912679036458333 0.09776833156216791 0.053483072916666666 0.06588735387885228
0 0.8618693033854167 0.09776833156216791 0.07938639322916667 0.06588735387885228
5 0.12633056640625 0.8073027364505845 0.035994466145833334 0.022316684378320937
2 0.18127848307291666 0.8078340860786397 0.0739013671875 0.025504782146652496
1 0.28612060546875 0.8078340860786397 0.11078287760416666 0.06588735387885228
