1 0.6354899088541667 0.031880977683315624 0.04840494791666667 0.04250797024442083
1 0.6334065755208333 0.031880977683315624 0.04423828125 0.04250797024442083
0 0.0546875 0.09351753453772582 0.084375 0.025504782146652496
8 0.12090250651041666 0.09351753453772582 0.0397216796875 0.04250797024442083
1 0.12298583984375 0.09458023379383634 0.03555501302083333 0.04250797024442083
1 0.12041829427083334 0.09458023379383634 0.022086588541666667 0.020722635494155154
8 0.15951334635416667 0.09351753453772582 0.0375 0.04250797024442083
1 0.1615966796875 0.09458023379383634 0.03333333333333333 0.04250797024442083
1 0.15902506510416667 0.09458023379383634 0.017106119791666666 0.020722635494155154
8 0.21103922526041666 0.09351753453772582 0.0655517578125 0.04250797024442083
1 0.21312255859375 0.09458023379383634 0.061385091145833334 0.04250797024442083
1 0.21055501302083332 0.09458023379383634 0.04791666666666667 0.020722635494155154
1 0.27142740885416666 0.09351753453772582 0.046891276041666666 0.04250797024442083
8 0.32372639973958334 0.09351753453772582 0.04833170572916667 0.04250797024442083
1 0.32580973307291666 0.09458023379383634 0.0441650390625 0.04250797024442083
1 0.3232421875 0.09458023379383634 0.030696614583333334 0.020722635494155154
8 0.7452229817708333 0.09351753453772582 0.073291015625 0.04250797024442083
1 0.7473063151041667 0.09458023379383634 0.06912434895833333 0.04250797024442083
1 0.74473876953125 0.09458023379383634 0.05565592447916667 0.020722635494155154
8 0.8056681315104167 0.09351753453772582 0.038224283854166666 0.04250797024442083
1 0.80775146484375 0.09458023379383634 0.0340576171875 0.04250797024442083
1 0.8051839192708333 0.09458023379383634 0.020589192708333332 0.020722635494155154
1 0.8414469401041667 0.09351753453772582 0.03333333333333333 0.04250797024442083
1 0.8706136067708333 0.09351753453772582 0.020833333333333332 0.04250797024442083
1 0.8935302734375 0.09351753453772582 0.020833333333333332 0.04250797024442083
1 0.92572021484375 0.09351753453772582 0.03521321614583333 0.04250797024442083
1 0.9674967447916667 0.09351753453772582 0.04000651041666667 0.04250797024442083
1 0.21513671875 0.5180492826780021 0.05712890625 0.04144527098831031
1 0.30106201171875 0.5180492826780021 0.05176595052083333 0.03825717321997875
1 0.38819580078125 0.5180492826780021 0.0595458984375 0.03825717321997875
1 0.47559000651041666 0.5180492826780021 0.052286783854166664 0.03825717321997875
1 0.5719970703125 0.5180492826780021 0.07757161458333334 0.03825717321997875
1 0.6754638671875 0.5180492826780021 0.06640625 0.03825717321997875
1 0.7767781575520833 0.5180492826780021 0.0732666015625 0.03825717321997875
8 0.21443684895833334 0.5908441817215728 0.08720703125 0.06907545164718384
2 0.21443684895833334 0.6062533209351754 0.08720703125 0.022316684378320937
8 0.4851481119791667 0.5908441817215728 0.43650716145833335 0.05100956429330499
2 0.48540852864583334 0.5908441817215728 0.4276529947916667 0.05100956429330499
1 0.7159016927083334 0.5908441817215728 0.025 0.053134962805526036
1 0.7808675130208333 0.5908441817215728 0.095556640625 0.05100956429330499
0 0.402880859375 0.6556688363443146 0.05608723958333333 0.04250797024442083
1 0.402880859375 0.6491598034006376 0.05608723958333333 0.025504782146652496
0 0.4542236328125 0.6556688363443146 0.03826497395833333 0.04250797024442083
1 0.4542236328125 0.6491598034006376 0.03826497395833333 0.025504782146652496
0 0.500341796875 0.6556688363443146 0.045638020833333334 0.04250797024442083
1 0.500341796875 0.6491598034006376 0.045638020833333334 0.025504782146652496
0 0.5565999348958334 0.6556688363443146 0.058544921875 0.04250797024442083
1 0.5565999348958334 0.6491598034006376 0.058544921875 0.025504782146652496
0 0.60755615234375 0.6556688363443146 0.0350341796875 0.04250797024442083
1 0.60755615234375 0.6491598034006376 0.0350341796875 0.025504782146652496
0 0.6456013997395833 0.6556688363443146 0.03272298177083333 0.04250797024442083
1 0.6456013997395833 0.6491598034006376 0.03272298177083333 0.025504782146652496
0 0.022709147135416666 0.9081761424017003 0.016251627604166666 0.021154357066950052
0 0.07660725911458334 0.9081761424017003 0.07006022135416666 0.021154357066950052
0 0.9528564453125 0.9077444208289054 0.069287109375 0.01700318809776833
0 0.45578206380208336 0.9681190223166843 0.06333821614583333 0.01700318809776833
1 0.9786458333333333 0.9681190223166843 0.017708333333333333 0.06376195536663125
1 0.03824462890625 0.0694739638682253 0.057366943359375 0.021519659936238045
1 0.03824462890625 0.09099362380446334 0.057366943359375 0.021519659936238045
1 0.03824462890625 0.11251328374070138 0.057366943359375 0.021519659936238045
1 0.03824462890625 0.13403294367693944 0.057366943359375 0.021519659936238045
1 0.03824462890625 0.15555260361317746 0.057366943359375 0.021519659936238045
1 0.03824462890625 0.17707226354941552 0.057366943359375 0.021519659936238045
