13 0.05260417064030965 0.036131773694288716 0.0930416742960612 0.02958554542533396
11 0.14672444661458334 0.035600425079702444 0.0330322265625 0.04144527098831031
0 0.14672444661458334 0.035600425079702444 0.0330322265625 0.04144527098831031
11 0.19302164713541667 0.035600425079702444 0.022062174479166665 0.04144527098831031
0 0.19302164713541667 0.03506907545164718 0.022062174479166665 0.01700318809776833
11 0.23260091145833334 0.035600425079702444 0.019596354166666666 0.04144527098831031
0 0.23260091145833334 0.03506907545164718 0.019596354166666666 0.01700318809776833
11 0.26891682942708334 0.035600425079702444 0.015535481770833333 0.04144527098831031
0 0.26891682942708334 0.03506907545164718 0.015535481770833333 0.01700318809776833
11 0.30350341796875 0.035600425079702444 0.0161376953125 0.04144527098831031
0 0.30350341796875 0.03506907545164718 0.0161376953125 0.01700318809776833
11 0.33548177083333336 0.03134962805526036 0.010319010416666666 0.04144527098831031
0 0.8267740885416667 0.035600425079702444 0.027083333333333334 0.04144527098831031
1 0.8751953125 0.035600425079702444 0.04892578125 0.04144527098831031
1 0.9300374348958333 0.035600425079702444 0.06075846354166667 0.04675876726886291
1 0.9739583333333334 0.035600425079702444 0.010416666666666666 0.04144527098831031
5 0.31666666666666665 0.22761689691817216 0.0125 0.025504782146652496
4 0.490625 0.22655419766206164 0.32708333333333334 0.023379383634431455
1 0.6645833333333333 0.22761689691817216 0.008854166666666666 0.025504782146652496
1 0.6833333333333333 0.22761689691817216 0.0125 0.025504782146652496
1 0.68125 0.22761689691817216 0.0125 0.025504782146652496
0 0.7151041666666667 0.22655419766206164 0.022916666666666665 0.04675876726886291
1 0.5 0.29010029224229544 0.053125 0.03570005313496281
0 0.8403361002604167 0.46865037194473963 0.04224446614583333 0.04250797024442083
1 0.8739583333333333 0.46865037194473963 0.020833333333333332 0.04250797024442083
1 0.896875 0.46865037194473963 0.020833333333333332 0.04250797024442083
1 0.9619791666666667 0.9840595111583422 0.06354166666666666 0.031880977683315624
1 0.1125 0.46865037194473963 0.020833333333333332 0.04250797024442083
1 0.07554524739583333 0.5749202975557917 0.020833333333333332 0.04250797024442083
1 0.9348714192708333 0.5749202975557917 0.020833333333333332 0.04250797024442083
0 0.15052083333333333 0.5658873538788523 0.096875 0.13496280552603612
0 0.2515625 0.5658873538788523 0.096875 0.13496280552603612
0 0.35260416666666666 0.5658873538788523 0.096875 0.13496280552603612
0 0.45364583333333336 0.5658873538788523 0.096875 0.13496280552603612
0 0.5546875 0.5658873538788523 0.096875 0.13496280552603612
0 0.6557291666666667 0.5658873538788523 0.096875 0.13496280552603612
0 0.7567708333333333 0.5658873538788523 0.096875 0.13496280552603612
0 0.8578125 0.5658873538788523 0.096875 0.13496280552603612
0 0.9552083333333333 0.5658873538788523 0.08958333333333333 0.13496280552603612
