1 0.37199300130208335 0.018597236981934114 0.07119954427083333 0.018065887353878853
0 0.8222900390625 0.018597236981934114 0.024169921875 0.018065887353878853
0 0.22364501953125 0.08289054197662062 0.1207275390625 0.06934112646121147
8 0.5919392903645834 0.09670563230605739 0.08052571614583333 0.061636556854410204
1 0.59219970703125 0.09776833156216791 0.0800048828125 0.05951115834218916
8 0.6685506184895833 0.09670563230605739 0.06332194010416667 0.061636556854410204
1 0.66881103515625 0.09776833156216791 0.06280110677083334 0.05951115834218916
8 0.73792724609375 0.09670563230605739 0.06605631510416667 0.061636556854410204
1 0.7381876627604167 0.09776833156216791 0.06553548177083333 0.05951115834218916
0 0.8064412434895833 0.09776833156216791 0.06055501302083333 0.05951115834218916
1 0.5995808919270833 0.35945802337938365 0.07051595052083333 0.04410201912858661
1 0.5995808919270833 0.4359723698193411 0.07051595052083333 0.04410201912858661
1 0.5995808919270833 0.4359723698193411 0.07051595052083333 0.04410201912858661
0 0.2777791341145833 0.968841325717322 0.04663899739583333 0.06231734856535601
0 0.49999593098958334 0.968841325717322 0.08858235677083333 0.06231734856535601
0 0.7222249348958333 0.9606801275239107 0.09510091145833334 0.07863974495217853
1 0.8151041666666666 0.8740701381509033 0.020833333333333332 0.04357066950053135
