0 0.77327880859375 0.015940488841657812 0.07061360677083334 0.018065887353878853
0 0.829541015625 0.015940488841657812 0.016910807291666666 0.018065887353878853
0 0.8672444661458333 0.015940488841657812 0.03349609375 0.018065887353878853
0 0.9169840494791667 0.015940488841657812 0.04098307291666667 0.018065887353878853
0 0.9666544596354166 0.015940488841657812 0.03335774739583333 0.018065887353878853
1 0.017708333333333333 0.06801275239107332 0.014583333333333334 0.02975557917109458
1 0.017708333333333333 0.061636556854410204 0.007291666666666667 0.0021253985122210413
1 0.017708333333333333 0.0669500531349628 0.007291666666666667 0.0021253985122210413
1 0.017708333333333333 0.07226354941551541 0.007291666666666667 0.0021253985122210413
0 0.06458333333333334 0.06801275239107332 0.05416666666666667 0.06801275239107332
0 0.20662027994791668 0.06801275239107332 0.055558268229166666 0.01487778958554729
0 0.2614501953125 0.06801275239107332 0.020768229166666666 0.01487778958554729
0 0.30689697265625 0.06801275239107332 0.0367919921875 0.01487778958554729
0 0.921875 0.06801275239107332 0.0125 0.020191285866099893
8 0.94921875 0.06801275239107332 0.033854166666666664 0.031880977683315624
1 0.94921875 0.06801275239107332 0.015625 0.031880977683315624
8 0.94921875 0.06801275239107332 0.015625 0.031880977683315624
1 0.9768229166666667 0.06801275239107332 0.021354166666666667 0.04250797024442083
1 0.12499593098958334 0.6244354410201913 0.1340576171875 0.04420164718384697
1 0.965625 0.51009564293305 0.027083333333333334 0.044633368756641874
0 0.4375 0.51009564293305 0.375 0.8161530286928799
0 0.8125 0.51009564293305 0.375 0.8161530286928799
0 0.15208333333333332 0.9994686503719448 0.22083333333333333 0.0010626992561105207
0 0.38125 0.9994686503719448 0.22083333333333333 0.0010626992561105207
0 0.6104166666666667 0.9994686503719448 0.22083333333333333 0.0010626992561105207
0 0.8395833333333333 0.9994686503719448 0.22083333333333333 0.0010626992561105207
0 0.9791666666666666 0.9994686503719448 0.041666666666666664 0.0010626992561105207
0 0.27879231770833335 0.9683597901168969 0.5242513020833334 0.04093052603613177
1 0.7699991861979166 0.9343783209351754 0.43999837239583334 0.0750365302869288
1 0.6922607421875 0.9327842720510096 0.07412109375 0.044218251859723695
1 0.7708170572916667 0.9327842720510096 0.06510416666666667 0.044218251859723695
1 0.8451700846354167 0.9327842720510096 0.06571451822916667 0.044218251859723695
