11 0.04479166666666667 0.028692879914984058 0.08958333333333333 0.057385759829968117
0 0.04453125 0.028692879914984058 0.0890625 0.057385759829968117
11 0.14088541666666668 0.02497343251859724 0.10260416666666666 0.04994686503719448
2 0.14088541666666668 0.02922422954303932 0.09427083333333333 0.04144527098831031
11 0.21343994140625 0.02922422954303932 0.0425048828125 0.05844845908607864
0 0.21343994140625 0.02922422954303932 0.0425048828125 0.05844845908607864
11 0.2559611002604167 0.02922422954303932 0.04253743489583333 0.05844845908607864
0 0.2559611002604167 0.02922422954303932 0.04253743489583333 0.05844845908607864
11 0.30513916015625 0.02922422954303932 0.05581868489583333 0.05844845908607864
0 0.30513916015625 0.02922422954303932 0.05581868489583333 0.05844845908607864
11 0.35087890625 0.02922422954303932 0.035660807291666666 0.05844845908607864
0 0.35087890625 0.02922422954303932 0.035660807291666666 0.05844845908607864
11 0.3994140625 0.02922422954303932 0.06140950520833333 0.05844845908607864
0 0.3994140625 0.02922422954303932 0.06140950520833333 0.05844845908607864
11 0.45706787109375 0.02922422954303932 0.05389811197916667 0.05844845908607864
0 0.45706787109375 0.02922422954303932 0.05389811197916667 0.05844845908607864
11 0.5020548502604166 0.02922422954303932 0.03607584635416667 0.05844845908607864
0 0.5020548502604166 0.02922422954303932 0.03607584635416667 0.05844845908607864
0 0.9133870442708333 0.028692879914984058 0.033121744791666664 0.057385759829968117
1 0.9608072916666667 0.028692879914984058 0.06171875 0.036131774707757705
1 0.5 0.5749202975557917 0.6333333333333333 0.053134962805526036
1 0.2254150390625 0.5749202975557917 0.08416341145833334 0.053134962805526036
1 0.23895670572916666 0.6535600425079703 0.11124674479166667 0.02763018065887354
0 0.6421101888020834 0.9681190223166843 0.0074462890625 0.031880977683315624
0 0.3689493815104167 0.9681190223166843 0.034773763020833334 0.01487778958554729
0 0.6783854166666666 0.973432518597237 0.015104166666666667 0.012752391073326248
0 0.5198323567708333 0.9819341126461212 0.06487630208333334 0.01487778958554729
1 0.3203125 0.9717471439957492 0.13541666666666666 0.032761025504782146
1 0.26171875 0.9721871679064825 0.013020833333333334 0.031880977683315624
1 0.2802001953125 0.9721871679064825 0.015625 0.031880977683315624
1 0.298681640625 0.9721871679064825 0.013020833333333334 0.031880977683315624
1 0.32421875 0.9707757704569607 0.0078125 0.01700318809776833
