0 0.6717447916666667 0.028692879914984058 0.04931640625 0.048884165781083955
0 0.724755859375 0.028692879914984058 0.04108072916666667 0.048884165781083955
0 0.7811564127604167 0.028692879914984058 0.05609537760416667 0.048884165781083955
0 0.8332478841145833 0.028692879914984058 0.03246256510416667 0.048884165781083955
1 0.8661458333333333 0.028692879914984058 0.017708333333333333 0.025504782146652496
0 0.17057291666666666 0.08767268862911796 0.09114583333333333 0.031880977683315624
1 0.28856201171875 0.08767268862911796 0.04379069010416667 0.057385759829968117
1 0.24433341026306152 0.10361317747077577 0.04379069010416667 0.004250797024442083
1 0.203125 0.25398512221041447 0.15625 0.040382571732199786
1 0.265625 0.2534537725823592 0.005208333333333333 0.024442082890541977
1 0.203125 0.29383634431455896 0.15625 0.039319872476089264
1 0.265625 0.29383634431455896 0.005208333333333333 0.024442082890541977
1 0.203125 0.34537725823591925 0.15625 0.06376195536663125
1 0.265625 0.3331562167906483 0.005208333333333333 0.024442082890541977
1 0.203125 0.3969181721572795 0.15625 0.039319872476089264
1 0.265625 0.3969181721572795 0.005208333333333333 0.024442082890541977
1 0.203125 0.44845908607863977 0.15625 0.06376195536663125
1 0.265625 0.43623804463336874 0.005208333333333333 0.024442082890541977
1 0.203125 0.5 0.15625 0.039319872476089264
1 0.265625 0.5 0.005208333333333333 0.024442082890541977
1 0.203125 0.5393198724760893 0.15625 0.039319872476089264
1 0.265625 0.5393198724760893 0.005208333333333333 0.024442082890541977
0 0.5846354166666666 0.18597236981934112 0.5703125 0.031880977683315624
0 0.6131429036458333 0.2316684378320935 0.0341796875 0.01700318809776833
0 0.4361979166666667 0.359192348565356 0.2838541666666667 0.11902231668437832
0 0.7330729166666666 0.359192348565356 0.2838541666666667 0.11902231668437832
0 0.4361979166666667 0.5047821466524973 0.2838541666666667 0.11902231668437832
1 0.35321044921875 0.08767268862911796 0.0396728515625 0.057385759829968117
1 0.313140869140625 0.10361317747077577 0.0396728515625 0.004250797024442083
1 0.203125 0.25398512221041447 0.15625 0.040382571732199786
1 0.265625 0.2534537725823592 0.005208333333333333 0.024442082890541977
1 0.203125 0.29383634431455896 0.15625 0.039319872476089264
1 0.265625 0.29383634431455896 0.005208333333333333 0.024442082890541977
1 0.203125 0.3331562167906483 0.15625 0.039319872476089264
1 0.265625 0.3331562167906483 0.005208333333333333 0.024442082890541977
1 0.203125 0.37247608926673753 0.15625 0.039319872476089264
1 0.265625 0.37247608926673753 0.005208333333333333 0.024442082890541977
0 0.4361979166666667 0.359192348565356 0.2838541666666667 0.11902231668437832
0 0.7330729166666666 0.359192348565356 0.2838541666666667 0.11902231668437832
0 0.4361979166666667 0.5047821466524973 0.2838541666666667 0.11902231668437832
1 0.4188313802083333 0.08767268862911796 0.045735677083333336 0.057385759829968117
1 0.37263835271199547 0.10361317747077577 0.045735677083333336 0.004250797024442083
1 0.203125 0.25398512221041447 0.15625 0.040382571732199786
1 0.265625 0.2534537725823592 0.005208333333333333 0.024442082890541977
1 0.203125 0.29383634431455896 0.15625 0.039319872476089264
1 0.265625 0.29383634431455896 0.005208333333333333 0.024442082890541977
1 0.203125 0.3331562167906483 0.15625 0.039319872476089264
1 0.265625 0.3331562167906483 0.005208333333333333 0.024442082890541977
1 0.203125 0.37247608926673753 0.15625 0.039319872476089264
1 0.265625 0.37247608926673753 0.005208333333333333 0.024442082890541977
1 0.203125 0.4117959617428268 0.15625 0.039319872476089264
1 0.265625 0.4117959617428268 0.005208333333333333 0.024442082890541977
1 0.203125 0.45111583421891605 0.15625 0.039319872476089264
1 0.265625 0.45111583421891605 0.005208333333333333 0.024442082890541977
0 0.4361979166666667 0.37300743889479276 0.2838541666666667 0.14665249734325186
0 0.7330729166666666 0.37300743889479276 0.2838541666666667 0.14665249734325186
0 0.4361979166666667 0.5324123273113709 0.2838541666666667 0.11902231668437832
0 0.7330729166666666 0.5324123273113709 0.2838541666666667 0.11902231668437832
0 0.4361979166666667 0.6780021253985122 0.2838541666666667 0.11902231668437832
0 0.7330729166666666 0.6780021253985122 0.2838541666666667 0.11902231668437832
0 0.4361979166666667 0.8235919234856536 0.2838541666666667 0.11902231668437832
1 0.48591715494791665 0.08767268862911796 0.0426025390625 0.057385759829968117
1 0.4428885777791341 0.10361317747077577 0.0426025390625 0.004250797024442083
1 0.203125 0.25398512221041447 0.15625 0.040382571732199786
1 0.265625 0.2534537725823592 0.005208333333333333 0.024442082890541977
1 0.203125 0.29383634431455896 0.15625 0.039319872476089264
1 0.265625 0.29383634431455896 0.005208333333333333 0.024442082890541977
1 0.203125 0.3331562167906483 0.15625 0.039319872476089264
1 0.265625 0.3331562167906483 0.005208333333333333 0.024442082890541977
1 0.203125 0.37247608926673753 0.15625 0.039319872476089264
1 0.265625 0.37247608926673753 0.005208333333333333 0.024442082890541977
1 0.203125 0.42401700318809776 0.15625 0.06376195536663125
1 0.265625 0.4117959617428268 0.005208333333333333 0.024442082890541977
1 0.203125 0.47555791710945805 0.15625 0.039319872476089264
1 0.265625 0.47555791710945805 0.005208333333333333 0.024442082890541977
0 0.4361979166666667 0.41445270988310307 0.2838541666666667 0.11902231668437832
0 0.7330729166666666 0.41445270988310307 0.2838541666666667 0.11902231668437832
1 0.55062255859375 0.08767268862911796 0.040974934895833336 0.057385759829968117
1 0.5092378616333008 0.10361317747077577 0.040974934895833336 0.004250797024442083
1 0.203125 0.25398512221041447 0.15625 0.040382571732199786
1 0.265625 0.2534537725823592 0.005208333333333333 0.024442082890541977
1 0.203125 0.29383634431455896 0.15625 0.039319872476089264
1 0.265625 0.29383634431455896 0.005208333333333333 0.024442082890541977
1 0.203125 0.3331562167906483 0.15625 0.039319872476089264
1 0.265625 0.3331562167906483 0.005208333333333333 0.024442082890541977
1 0.203125 0.37247608926673753 0.15625 0.039319872476089264
1 0.265625 0.37247608926673753 0.005208333333333333 0.024442082890541977
1 0.203125 0.4117959617428268 0.15625 0.039319872476089264
1 0.265625 0.4117959617428268 0.005208333333333333 0.024442082890541977
1 0.203125 0.45111583421891605 0.15625 0.039319872476089264
1 0.265625 0.45111583421891605 0.005208333333333333 0.024442082890541977
0 0.5846354166666666 0.18597236981934112 0.5703125 0.031880977683315624
0 0.4361979166666667 0.38682252922422955 0.2838541666666667 0.11902231668437832
0 0.7330729166666666 0.38682252922422955 0.2838541666666667 0.11902231668437832
0 0.4361979166666667 0.5324123273113709 0.2838541666666667 0.11902231668437832
0 0.7330729166666666 0.5324123273113709 0.2838541666666667 0.11902231668437832
1 0.98828125 0.32970244420828904 0.0234375 0.1594048884165781
1 0.98828125 0.32970244420828904 0.013541666666666667 0.09464665249734325
1 0.45416666666666666 0.16790648246546228 0.010416666666666666 0.023379383634431455
1 0.47291666666666665 0.16790648246546228 0.00625 0.012752391073326248
1 0.4895833333333333 0.16790648246546228 0.00625 0.012752391073326248
1 0.50625 0.16790648246546228 0.00625 0.012752391073326248
1 0.525 0.16790648246546228 0.010416666666666666 0.023379383634431455
1 0.5458333333333333 0.16790648246546228 0.010416666666666666 0.021253985122210415
0 0.17187093098958334 0.628586609989373 0.09374186197916666 0.036131774707757705
0 0.24652913411458333 0.8947927736450585 0.24305826822916668 0.2104144527098831
0 0.5000040690104167 0.8947927736450585 0.24305826822916668 0.2104144527098831
0 0.75347900390625 0.8947927736450585 0.24305826822916668 0.2104144527098831
0 0.13240966796875 0.9771519659936238 0.040079752604166664 0.019128586609989374
1 0.7285970052083334 0.9596174282678002 0.06510416666666667 0.044633368756641874
1 0.8035807291666667 0.9596174282678002 0.06510416666666667 0.04675876726886291
