0 0.05364583333333333 0.03400637619553666 0.08958333333333333 0.04250797024442083
0 0.13992919921875 0.03400637619553666 0.04131673177083333 0.039319872476089264
0 0.20080159505208334 0.03400637619553666 0.05542805989583333 0.039319872476089264
1 0.9025838216145833 0.03400637619553666 0.16879069010416667 0.05100956429330499
1 0.86318359375 0.03400637619553666 0.089990234375 0.05100956429330499
1 0.9507039388020834 0.03400637619553666 0.07255045572916667 0.05100956429330499
1 0.859375 0.7577045696068013 0.03125 0.06376195536663125
0 0.3971435546875 0.8809776833156217 0.04970703125 0.05100956429330499
0 0.4451416015625 0.8809776833156217 0.03795572916666667 0.05100956429330499
0 0.49746500651041664 0.8809776833156217 0.05835774739583333 0.05100956429330499
0 0.5532877604166667 0.8809776833156217 0.04495442708333333 0.05100956429330499
0 0.60382080078125 0.8809776833156217 0.0477783203125 0.05100956429330499
1 0.6702351888020833 0.8809776833156217 0.07255045572916667 0.05100956429330499
