8 0.5 0.08519859192348565 1.0 0.1703971838469713
0 0.22890625 0.046941418703506904 0.0578125 0.04250797024442083
0 0.3948974609375 0.047472768331562165 0.06599934895833333 0.020191285866099893
0 0.4739176432291667 0.047472768331562165 0.07112630208333333 0.020191285866099893
0 0.53836669921875 0.047472768331562165 0.03685709635416667 0.020191285866099893
0 0.5919596354166666 0.047472768331562165 0.0494140625 0.020191285866099893
0 0.6423583984375 0.048004117959617426 0.0125 0.02763018065887354
0 0.6652750651041667 0.047472768331562165 0.0125 0.020191285866099893
0 0.20546875 0.1236384165781084 0.016666666666666666 0.03400637619553666
0 0.3098063151041667 0.12470111583421892 0.187841796875 0.031880977683315624
8 0.5 0.24478613177470776 0.5791666666666667 0.06801275239107332
5 0.7729166666666667 0.24478613177470776 0.030208333333333334 0.057385759829968117
1 0.7729166666666667 0.24478613177470776 0.021875 0.044633368756641874
2 0.48385416666666664 0.24478613177470776 0.5458333333333333 0.06588735387885228
1 0.7528645833333333 0.24372343251859724 0.0203125 0.04250797024442083
0 0.346875 0.5598764612114772 0.2677083333333333 0.04357066950053135
0 0.346875 0.6193876195536663 0.2677083333333333 0.04357066950053135
0 0.346875 0.6788987778958555 0.2677083333333333 0.04357066950053135
0 0.346875 0.7384099362380446 0.2677083333333333 0.04357066950053135
0 0.346875 0.7979210945802337 0.2677083333333333 0.04357066950053135
0 0.346875 0.8462739107332625 0.2677083333333333 0.021253985122210415
0 0.653125 0.5736915515409139 0.2677083333333333 0.07120085015940489
0 0.653125 0.6608328905419766 0.2677083333333333 0.07120085015940489
0 0.653125 0.7479742295430393 0.2677083333333333 0.07120085015940489
0 0.653125 0.8351155685441021 0.2677083333333333 0.07120085015940489
0 0.653125 0.9137553134962806 0.2677083333333333 0.05419766206163656
0 0.9786458333333333 0.9564293304994687 0.026041666666666668 0.053134962805526036
1 0.984375 0.5 0.020833333333333332 0.04250797024442083
