0 0.05364583333333333 0.04782146652497343 0.065625 0.03400637619553666
2 0.4432291666666667 0.04782146652497343 0.284375 0.040382571732199786
1 0.565625 0.04782146652497343 0.03958333333333333 0.040382571732199786
0 0.7197916666666667 0.04782146652497343 0.041666666666666664 0.03400637619553666
13 0.7072916666666667 0.04782146652497343 0.016666666666666666 0.03400637619553666
0 0.7703125 0.04782146652497343 0.034375 0.03400637619553666
13 0.7614583333333333 0.04782146652497343 0.016666666666666666 0.03400637619553666
0 0.8244791666666667 0.04782146652497343 0.04895833333333333 0.03400637619553666
13 0.8083333333333333 0.04782146652497343 0.016666666666666666 0.03400637619553666
0 0.8796875 0.04782146652497343 0.036458333333333336 0.017102816153028694
8 0.925 0.04782146652497343 0.029166666666666667 0.036131774707757705
8 0.8432291666666667 0.11849096705632306 0.19270833333333334 0.09670563230605739
1 0.9083333333333333 0.1179596174282678 0.041666666666666664 0.03400637619553666
0 0.9604166666666667 0.04782146652497343 0.016666666666666666 0.040382571732199786
1 0.9734375 0.04782146652497343 0.042708333333333334 0.040382571732199786
0 0.134375 0.12327311370882041 0.01875 0.021253985122210415
0 0.17083333333333334 0.12327311370882041 0.01875 0.021253985122210415
0 0.20729166666666668 0.12327311370882041 0.01875 0.021253985122210415
0 0.24375 0.12327311370882041 0.01875 0.021253985122210415
0 0.28020833333333334 0.12327311370882041 0.01875 0.021253985122210415
0 0.31666666666666665 0.12327311370882041 0.01875 0.021253985122210415
0 0.35338948567708334 0.12327311370882041 0.019278971354166667 0.021253985122210415
0 0.3901123046875 0.12327311370882041 0.01875 0.021253985122210415
0 0.42657063802083334 0.12327311370882041 0.01875 0.021253985122210415
0 0.46302897135416665 0.12327311370882041 0.01875 0.021253985122210415
0 0.4994873046875 0.12327311370882041 0.01875 0.021253985122210415
0 0.5359456380208333 0.12327311370882041 0.01875 0.021253985122210415
0 0.5724039713541667 0.12327311370882041 0.01875 0.021253985122210415
0 0.6088623046875 0.12327311370882041 0.01875 0.021253985122210415
0 0.6453206380208333 0.12327311370882041 0.01875 0.021253985122210415
0 0.6817789713541667 0.12327311370882041 0.01875 0.021253985122210415
0 0.7229248046875 0.12327311370882041 0.028125 0.021253985122210415
0 0.7734456380208333 0.12327311370882041 0.0375 0.021253985122210415
0 0.8244873046875 0.12327311370882041 0.029166666666666667 0.021253985122210415
8 0.8359456380208333 0.12327311370882041 0.00625 0.012752391073326248
0 0.22682291666666668 0.2130712008501594 0.203125 0.039319872476089264
0 0.4251627604166667 0.2130712008501594 0.17604166666666668 0.039319872476089264
0 0.24036458333333333 0.26620616365568545 0.23020833333333332 0.039319872476089264
0 0.4268717447916667 0.26620616365568545 0.12529296875 0.039319872476089264
0 0.16692708333333334 0.3283740701381509 0.08333333333333333 0.023379383634431455
0 0.2286865234375 0.3283740701381509 0.025 0.023379383634431455
0 0.298779296875 0.3283740701381509 0.1 0.023379383634431455
0 0.20525716145833334 0.3751328374070138 0.15999348958333334 0.023379383634431455
0 0.229736328125 0.4218916046758767 0.20895182291666667 0.023379383634431455
0 0.23081461588541666 0.46865037194473963 0.2111083984375 0.023379383634431455
0 0.44091389973958334 0.3283740701381509 0.11880696614583333 0.023379383634431455
0 0.44479166666666664 0.3751328374070138 0.1265625 0.023379383634431455
0 0.47456461588541665 0.4218916046758767 0.1861083984375 0.023379383634431455
0 0.47070719401041666 0.46865037194473963 0.1783935546875 0.023379383634431455
0 0.51875 0.22848034006376194 0.2375 0.07013815090329437
0 0.75625 0.22848034006376194 0.2375 0.07013815090329437
0 0.9375 0.22848034006376194 0.125 0.07013815090329437
12 0.7536458333333333 0.19872476089266738 0.23229166666666667 0.021253985122210415
0 0.6779947916666667 0.3390010626992561 0.029166666666666667 0.017102816153028694
0 0.7334635416666667 0.3390010626992561 0.029166666666666667 0.017102816153028694
0 0.7889322916666667 0.3390010626992561 0.029166666666666667 0.017102816153028694
0 0.8444010416666666 0.3390010626992561 0.029166666666666667 0.017102816153028694
0 0.6557291666666667 0.3826215462274176 0.014583333333333334 0.017102816153028694
0 0.6769490559895833 0.3826215462274176 0.011189778645833334 0.017102816153028694
0 0.70740966796875 0.3826215462274176 0.033064778645833334 0.017102816153028694
0 0.7451619466145833 0.3826215462274176 0.025773111979166666 0.017102816153028694
0 0.7773193359375 0.3826215462274176 0.021875 0.017102816153028694
0 0.8038818359375 0.3826215462274176 0.014583333333333334 0.017102816153028694
0 0.8377360026041667 0.3826215462274176 0.036458333333333336 0.017102816153028694
0 0.6557291666666667 0.424066817215728 0.014583333333333334 0.017102816153028694
0 0.6859375 0.424066817215728 0.029166666666666667 0.017102816153028694
0 0.7234375 0.424066817215728 0.029166666666666667 0.017102816153028694
0 0.7609375 0.424066817215728 0.029166666666666667 0.017102816153028694
0 0.8020833333333334 0.424066817215728 0.036458333333333336 0.017102816153028694
0 0.8432291666666667 0.424066817215728 0.029166666666666667 0.017102816153028694
0 0.6613240559895833 0.4655120882040383 0.025773111979166666 0.017102816153028694
0 0.7007731119791667 0.4655120882040383 0.036458333333333336 0.017102816153028694
0 0.7455647786458334 0.4655120882040383 0.036458333333333336 0.017102816153028694
0 0.7867106119791667 0.4655120882040383 0.029166666666666667 0.017102816153028694
0 0.8242106119791667 0.4655120882040383 0.029166666666666667 0.017102816153028694
0 0.60625 0.5415947130712009 0.025 0.01700318809776833
0 0.24375 0.7165747874601488 0.2375 0.2720510095642933
0 0.24375 0.8187018464399575 0.2375 0.06779689160467588
0 0.20911458333333333 0.9121114505844846 0.16822916666666668 0.05100956429330499
0 0.1375 0.9540880712008502 0.025 0.018065887353878853
0 0.33046875 0.9238011424017003 0.0640625 0.07438894792773645
0 0.20911458333333333 0.9980323459086079 0.16822916666666668 0.003935308182784272
0 0.33046875 0.9980323459086079 0.0640625 0.003935308182784272
0 0.5 0.7165747874601488 0.2375 0.2720510095642933
0 0.5 0.8048867561105207 0.2375 0.09542707226354942
0 0.46536458333333336 0.9121114505844846 0.16822916666666668 0.05100956429330499
0 0.39375 0.9540880712008502 0.025 0.018065887353878853
0 0.58671875 0.9238011424017003 0.0640625 0.07438894792773645
0 0.46536458333333336 0.9980323459086079 0.16822916666666668 0.003935308182784272
0 0.58671875 0.9980323459086079 0.0640625 0.003935308182784272
0 0.7560221354166666 0.8967023113708821 0.22176106770833334 0.020191285866099893
0 0.7515625 0.9519626726886291 0.228125 0.020191285866099893
0 0.7515625 0.9985636955366631 0.228125 0.002872608926673751
1 0.9760416666666667 0.844845908607864 0.027083333333333334 0.09776833156216791
