0 0.26330159505208334 0.06907545164718384 0.19066569010416667 0.03825717321997875
0 0.19110107421875 0.1206163655685441 0.0462646484375 0.022316684378320937
1 0.96546630859375 0.11349295961742827 0.0378173828125 0.024442082890541977
0 0.15442708333333333 0.32093517534537724 0.1421875 0.10201912858660998
11 0.43140055338541666 0.34112646121147716 0.08226725260416666 0.048884165781083955
0 0.43140055338541666 0.34112646121147716 0.08226725260416666 0.048884165781083955
1 0.4600341796875 0.3390010626992561 0.018593724568684897 0.03793837641554862
11 0.5191691080729167 0.34112646121147716 0.09326985677083334 0.048884165781083955
0 0.5191691080729167 0.34112646121147716 0.09326985677083334 0.048884165781083955
11 0.59764404296875 0.34112646121147716 0.06368001302083333 0.048884165781083955
0 0.59764404296875 0.34112646121147716 0.06368001302083333 0.048884165781083955
11 0.6973917643229167 0.34112646121147716 0.1358154296875 0.048884165781083955
0 0.6973917643229167 0.34112646121147716 0.1358154296875 0.048884165781083955
1 0.7527994791666667 0.3390010626992561 0.018593724568684897 0.03793837641554862
11 0.8094970703125 0.34112646121147716 0.08839518229166667 0.048884165781083955
0 0.8094970703125 0.34112646121147716 0.08839518229166667 0.048884165781083955
1 0.8411946614583333 0.3390010626992561 0.018593724568684897 0.03793837641554862
11 0.8851806640625 0.34112646121147716 0.06297200520833333 0.048884165781083955
0 0.8851806640625 0.34112646121147716 0.06297200520833333 0.048884165781083955
1 0.9041666666666667 0.3390010626992561 0.018593724568684897 0.03793837641554862
1 0.7494791666666667 0.28108395324123275 0.021875 0.044633368756641874
8 0.8072916666666666 0.28108395324123275 0.07291666666666667 0.057385759829968117
1 0.8072916666666666 0.28108395324123275 0.06770833333333333 0.04675876726886291
1 0.8800821940104167 0.2819307917109458 0.0731689453125 0.05907943676939426
5 0.33880208333333334 0.43092454835281613 0.0005208333333333333 0.0010626992561105207
2 0.5 0.4527098831030818 0.3229166666666667 0.044633368756641874
1 0.6505208333333333 0.4527098831030818 0.021875 0.044633368756641874
1 0.96744384765625 0.45642933049946866 0.05469563802083333 0.06269925611052073
0 0.3307291666666667 0.8450285600425079 0.3958333333333333 0.1513682252922423
