0 0.35501708984375 0.13305326780021254 0.22357584635416666 0.06376195536663125
0 0.52274169921875 0.15962074920297556 0.0999267578125 0.01700318809776833
0 0.40977376302083335 0.36822529224229544 0.32892252604166666 0.0669500531349628
0 0.36895345052083334 0.5613044633368757 0.05029296875 0.021253985122210415
0 0.37768961588541666 0.6747808182784272 0.15913899739583334 0.021253985122210415
0 0.47005615234375 0.7427935706695006 0.06958821614583334 0.021253985122210415
0 0.41046549479166666 0.7938031349628055 0.33030598958333335 0.05526036131774708
0 0.4874471028645833 0.8958222635494155 0.13788248697916666 0.021253985122210415
2 0.6901041666666666 0.3687566418703507 0.11145833333333334 0.036131774707757705
0 0.6734537760416667 0.543105738575983 0.07815755208333333 0.025504782146652496
2 0.67421875 0.6369387619553666 0.0796875 0.022316684378320937
1 0.6539794921875 0.6592554463336876 0.039208984375 0.022316684378320937
0 0.69010009765625 0.7798718119022316 0.025919596354166668 0.01700318809776833
0 0.6901041666666666 0.8006940754516472 0.027571614583333334 0.01700318809776833
0 0.6901041666666666 0.8215163390010627 0.021875 0.01700318809776833
0 0.6901041666666666 0.8423386025504782 0.03349609375 0.01700318809776833
0 0.6901041666666666 0.9503022051009564 0.111181640625 0.04675876726886291
