1 0.01875 0.03400637619553666 0.025 0.05100956429330499
0 0.08203531901041666 0.036131774707757705 0.09740397135416666 0.025504782146652496
1 0.9229166666666667 0.03400637619553666 0.020833333333333332 0.04250797024442083
0 0.9645833333333333 0.03400637619553666 0.05 0.03825717321997875
1 0.3181884765625 0.20403825717321997 0.073876953125 0.05100956429330499
1 0.39489339192708334 0.20403825717321997 0.07953287760416666 0.05100956429330499
1 0.46732991536458335 0.20403825717321997 0.06534016927083333 0.05100956429330499
0 0.3237711588541667 0.2667375132837407 0.022542317708333332 0.01700318809776833
0 0.32613525390625 0.37247608926673753 0.023103841145833335 0.01700318809776833
10 0.69609375 0.4508999734325186 0.019270833333333334 0.021253985122210415
0 0.359423828125 0.5175345377258236 0.13030598958333334 0.021253985122210415
0 0.5254069010416667 0.5993623804463337 0.10133463541666667 0.01700318809776833
