0 0.37880045572916665 0.3140276301806589 0.06770833333333333 0.01700318809776833
1 0.20755208333333333 0.38150903294367694 0.016666666666666666 0.03400637619553666
0 0.4999918619791667 0.38150903294367694 0.09791666666666667 0.06376195536663125
1 0.71678466796875 0.3140276301806589 0.04068196614583333 0.028692879914984058
1 0.7705159505208333 0.3140276301806589 0.060530598958333334 0.028692879914984058
0 0.22352294921875 0.47130712008501596 0.052530924479166664 0.04569606801275239
0 0.26559651692708336 0.47130712008501596 0.0316162109375 0.04569606801275239
0 0.2965779622395833 0.47130712008501596 0.0303466796875 0.04569606801275239
0 0.33062744140625 0.47130712008501596 0.03775227864583333 0.04569606801275239
0 0.36782633463541664 0.47130712008501596 0.0366455078125 0.04569606801275239
0 0.41383056640625 0.47130712008501596 0.05536295572916667 0.04569606801275239
0 0.45673828125 0.47130712008501596 0.030452473958333334 0.04569606801275239
0 0.48556315104166664 0.47130712008501596 0.027197265625 0.04569606801275239
0 0.52078857421875 0.47130712008501596 0.043253580729166664 0.04569606801275239
0 0.5593465169270834 0.47130712008501596 0.0338623046875 0.04569606801275239
0 0.59515380859375 0.47130712008501596 0.03775227864583333 0.04569606801275239
0 0.6299886067708333 0.47130712008501596 0.03191731770833333 0.04569606801275239
0 0.6740681966145833 0.47130712008501596 0.05624186197916667 0.04569606801275239
0 0.7220865885416666 0.47130712008501596 0.039794921875 0.04569606801275239
0 0.77601318359375 0.47130712008501596 0.05347493489583333 0.024442082890541977
0 0.2545369466145833 0.640807651434644 0.11063639322916667 0.20191285866099895
0 0.21766764322916668 0.7614240170031881 0.03689778645833333 0.011689691817215728
0 0.27589518229166665 0.9442082890541976 0.11897786458333333 0.052072263549415514
0 0.5 0.7627523910733263 0.29270833333333335 0.4479277364505845
0 0.7288167317708333 0.5871413390010627 0.13263346354166666 0.09458023379383634
0 0.6824869791666667 0.655154091392136 0.03997395833333333 0.011689691817215728
0 0.7391438802083333 0.777364505844846 0.11891276041666667 0.052072263549415514
0 0.731640625 0.8544102019128587 0.13828125 0.012752391073326248
0 0.7227579752604166 0.934643995749203 0.12051595052083333 0.13071200850159406
0 0.94921875 0.9543039319872476 0.08072916666666667 0.048884165781083955
1 0.9848958333333333 0.02763018065887354 0.017708333333333333 0.02975557917109458
1 0.9130208333333333 0.16099893730074388 0.13229166666666667 0.028692879914984058
0 0.8661336263020833 0.2359192348565356 0.03851725260416667 0.01487778958554729
0 0.870166015625 0.2614240170031881 0.04658203125 0.01487778958554729
0 0.8622151692708333 0.2869287991498406 0.030680338541666668 0.01487778958554729
0 0.87392578125 0.31243358129649307 0.0541015625 0.01487778958554729
0 0.8732625325520833 0.3379383634431456 0.052775065104166664 0.01487778958554729
0 0.8797159830729167 0.36344314558979807 0.06568196614583334 0.01487778958554729
1 0.9130208333333333 0.4383634431455898 0.13229166666666667 0.028692879914984058
1 0.15885416666666666 0.02763018065887354 0.017708333333333333 0.02975557917109458
1 0.08541666666666667 0.07970244420828905 0.021354166666666667 0.01487778958554729
2 0.07891031901041666 0.13708820403825717 0.11615397135416666 0.03400637619553666
1 0.14505615234375 0.13708820403825717 0.0161376953125 0.03400637619553666
0 0.03717854817708333 0.24495217853347503 0.0326904296875 0.01381509032943677
0 0.03789469401041667 0.26726886291179597 0.03412272135416667 0.01381509032943677
0 0.045271809895833334 0.3012752391073326 0.028043619791666665 0.01381509032943677
0 0.04828287760416667 0.32146652497343253 0.03406575520833333 0.01381509032943677
0 0.042683919270833336 0.3416578108395324 0.022867838541666668 0.01381509032943677
0 0.048661295572916666 0.3618490967056323 0.03482259114583333 0.01381509032943677
0 0.0423095703125 0.4032943676939426 0.042952473958333334 0.01381509032943677
0 0.04153238932291667 0.4256110520722636 0.041398111979166666 0.01381509032943677
1 0.08697916666666666 0.5501461211477152 0.13229166666666667 0.028692879914984058
0 0.04400227864583333 0.6250664187035069 0.046337890625 0.012752391073326248
0 0.03276774088541667 0.6505712008501594 0.023868815104166666 0.012752391073326248
1 0.14609375 0.6505712008501594 0.0140625 0.012752391073326248
0 0.03210042317708333 0.6760759829968119 0.0225341796875 0.012752391073326248
1 0.14609375 0.6760759829968119 0.0140625 0.012752391073326248
0 0.036083984375 0.7015807651434643 0.030501302083333334 0.012752391073326248
1 0.14609375 0.7015807651434643 0.0140625 0.012752391073326248
0 0.035481770833333336 0.7270855472901169 0.029296875 0.012752391073326248
0 0.037516276041666664 0.7525903294367694 0.033365885416666664 0.012752391073326248
0 0.05772705078125 0.7780951115834219 0.07378743489583334 0.012752391073326248
0 0.03213297526041667 0.8035998937300743 0.022599283854166666 0.012752391073326248
0 0.030411783854166666 0.8291046758767269 0.019156901041666667 0.012752391073326248
0 0.03902994791666667 0.8546094580233794 0.036393229166666666 0.012752391073326248
0 0.03398844401041667 0.8801142401700319 0.026310221354166666 0.012752391073326248
0 0.036088053385416666 0.9056190223166843 0.030509440104166667 0.012752391073326248
1 0.14609375 0.9056190223166843 0.0140625 0.012752391073326248
0 0.0375 0.9311238044633369 0.03333333333333333 0.012752391073326248
0 0.055436197916666666 0.9566285866099894 0.06920572916666666 0.012752391073326248
