0 0.19385986328125 0.02910799681190223 0.08876139322916667 0.05821599362380446
2 0.5681477864583333 0.02910799681190223 0.18229166666666666 0.036131774707757705
1 0.6490885416666666 0.02910799681190223 0.02041015625 0.036131774707757705
8 0.6792683919270833 0.02910799681190223 0.0217529296875 0.044633368756641874
1 0.7306111653645834 0.02910799681190223 0.06273600260416666 0.03995085015940489
1 0.8107991536458333 0.02910799681190223 0.079443359375 0.03995085015940489
0 0.20048828125 0.10391206163655685 0.11075846354166667 0.02975557917109458
0 0.20048828125 0.14429463336875664 0.11075846354166667 0.02975557917109458
0 0.20048828125 0.18467720510095642 0.11075846354166667 0.02975557917109458
0 0.20048828125 0.22505977683315623 0.11075846354166667 0.02975557917109458
0 0.20048828125 0.265442348565356 0.11075846354166667 0.02975557917109458
0 0.20048828125 0.3058249202975558 0.11075846354166667 0.02975557917109458
0 0.20048828125 0.3462074920297556 0.11075846354166667 0.02975557917109458
0 0.20048828125 0.38659006376195537 0.11075846354166667 0.02975557917109458
0 0.20048828125 0.42697263549415515 0.11075846354166667 0.02975557917109458
0 0.20048828125 0.46735520722635493 0.11075846354166667 0.02975557917109458
0 0.20048828125 0.5077377789585548 0.11075846354166667 0.02975557917109458
0 0.20048828125 0.5481203506907545 0.11075846354166667 0.02975557917109458
0 0.20048828125 0.6331362911795961 0.11075846354166667 0.02975557917109458
0 0.20048828125 0.673518862911796 0.11075846354166667 0.02975557917109458
0 0.20048828125 0.7139014346439958 0.11075846354166667 0.02975557917109458
0 0.20048828125 0.7542840063761955 0.11075846354166667 0.02975557917109458
0 0.20048828125 0.7946665781083954 0.11075846354166667 0.02975557917109458
0 0.20048828125 0.8350491498405951 0.11075846354166667 0.02975557917109458
0 0.20048828125 0.8754317215727949 0.11075846354166667 0.02975557917109458
0 0.20048828125 0.9158142933049946 0.11075846354166667 0.02975557917109458
0 0.20048828125 0.9561968650371945 0.11075846354166667 0.02975557917109458
0 0.5719482421875 0.25768796493092455 0.173779296875 0.03125
0 0.5357706705729167 0.2993490967056323 0.0613525390625 0.01700318809776833
1 0.2748209635416667 0.6876494420828906 0.014583333333333334 0.02975557917109458
1 0.6661376953125 0.6876494420828906 0.014583333333333334 0.02975557917109458
0 0.04669596354166667 0.7082558448459086 0.08645833333333333 0.022914452709883102
0 0.031392415364583336 0.7877590329436769 0.015779622395833335 0.01700318809776833
0 0.140966796875 0.7197130712008502 0.08645833333333333 0.045828905419766204
0 0.14844970703125 0.7877590329436769 0.0613525390625 0.01700318809776833
0 0.23523763020833333 0.7311619952178533 0.08645833333333333 0.06872675345377258
0 0.22173665364583334 0.7877590329436769 0.019384765625 0.01700318809776833
0 0.3295084635416667 0.7197130712008502 0.08645833333333333 0.045828905419766204
0 0.423779296875 0.7311619952178533 0.08645833333333333 0.06872675345377258
0 0.4106241861979167 0.7877590329436769 0.020076497395833334 0.01700318809776833
0 0.5180501302083333 0.7311619952178533 0.08645833333333333 0.06872675345377258
0 0.5201741536458333 0.7877590329436769 0.050634765625 0.01700318809776833
0 0.6123209635416667 0.7197130712008502 0.08645833333333333 0.045828905419766204
0 0.5995808919270833 0.7877590329436769 0.020906575520833335 0.01700318809776833
0 0.706591796875 0.7311619952178533 0.08645833333333333 0.06872675345377258
0 0.7097737630208333 0.7877590329436769 0.052750651041666666 0.01700318809776833
0 0.8008626302083334 0.7082558448459086 0.08645833333333333 0.022914452709883102
0 0.7959391276041666 0.7877590329436769 0.036539713541666664 0.01700318809776833
0 0.8951334635416667 0.7197130712008502 0.08645833333333333 0.045828905419766204
0 0.8839762369791667 0.7877590329436769 0.024072265625 0.01700318809776833
0 0.9730875651041667 0.7311619952178533 0.05382486979166667 0.06872675345377258
0 0.7286376953125 0.3786032146652497 0.07395833333333333 0.031880977683315624
0 0.8025960286458333 0.3786032146652497 0.07395833333333333 0.031880977683315624
0 0.7831949869791667 0.4525604410201913 0.09088541666666666 0.041644527098831034
0 0.7831949869791667 0.5551109192348566 0.09088541666666666 0.041644527098831034
0 0.7831949869791667 0.6576613974495218 0.09088541666666666 0.041644527098831034
0 0.7831949869791667 0.7498007438894793 0.09088541666666666 0.020822263549415517
