0 0.20760904947916667 0.04027464133900106 0.06354166666666666 0.05291910201912858
1 0.29629313151041664 0.039195337407013815 0.010831705729166667 0.022100823591923485
0 0.3040078004201253 0.23886158666499235 0.07010221481323242 0.022476082780536
0 0.29529476165771484 0.2693291723918205 0.05267613728841146 0.022476115211543572
0 0.2891099452972412 0.2997967581186487 0.040306504567464194 0.022476082780536
0 0.29258673985799155 0.3302643276299731 0.047260093688964847 0.022476082780536
0 0.4917285919189453 0.11898910733262487 0.0656270980834961 0.022476082780536
0 0.4985712846120199 0.16069473444972104 0.07931248346964519 0.044952165561072
0 0.46638501485188805 0.202400377782321 0.01493994394938151 0.022476082780536
0 0.4728452205657959 0.23286794729364538 0.027860355377197266 0.022476082780536
0 0.48515365918477377 0.26333554923597735 0.052477232615153 0.022476082780536
0 0.5620296478271485 0.11898910733262487 0.031937662760416666 0.022476082780536
0 0.5746096611022949 0.14945669305945306 0.05709768931070964 0.022476082780536
0 0.5671970685323079 0.17992428689403311 0.04227250417073568 0.022476098996039785
0 0.5567131042480469 0.2103918645131094 0.021304575602213542 0.022476082780536
0 0.566780153910319 0.24085946645544135 0.04143867492675781 0.022476082780536
0 0.5647109031677247 0.2713270359667657 0.03730017344156901 0.022476082780536
0 0.3394031524658203 0.40168835176798284 0.04755077362060547 0.022476115211543572
0 0.39977107048034666 0.40168835176798284 0.057518418629964194 0.022476115211543572
1 0.35073649088541664 0.039195337407013815 0.010831705729166667 0.022100823591923485
0 0.35525716145833336 0.11898910733262487 0.0679297129313151 0.022476082780536
0 0.33965167999267576 0.14945669305945306 0.03671875 0.022476082780536
0 0.3435874780019124 0.17992428689403311 0.04459034601847331 0.022476098996039785
0 0.34626105626424153 0.2103918645131094 0.049937502543131514 0.022476082780536
0 0.35196776390075685 0.24085946645544135 0.06135091781616211 0.022476082780536
0 0.3419083595275879 0.2713270359667657 0.04123210906982422 0.022476082780536
0 0.4467136065165202 0.11898910733262487 0.0670040766398112 0.022476082780536
0 0.43469587961832684 0.14945669305945306 0.04296862284342448 0.022476082780536
0 0.43134145736694335 0.17992428689403311 0.03625977834065755 0.022476098996039785
0 0.4324430147806803 0.2103918645131094 0.038462893168131514 0.022476082780536
0 0.4596952120463053 0.3458415081093086 0.0929672876993815 0.019978733042474762
0 0.3863444010416667 0.03920363974495218 0.060384114583333336 0.04250797024442083
1 0.48388264973958334 0.039195337407013815 0.010831705729166667 0.022100823591923485
0 0.44468366305033363 0.11898910733262487 0.01712776819864909 0.022476082780536
0 0.461669921875 0.14945669305945306 0.05110028584798177 0.022476082780536
0 0.4538901329040527 0.17992428689403311 0.03554070790608724 0.022476098996039785
0 0.4756268660227458 0.2216299059033774 0.07901417414347331 0.044952165561072
0 0.4756268660227458 0.27457359062624537 0.07901417414347331 0.044952165561072
0 0.5601909319559734 0.11898910733262487 0.018634732564290366 0.022476082780536
0 0.6300827662150065 0.11898910733262487 0.02349230448404948 0.022476082780536
0 0.559100850423177 0.14945669305945306 0.016454569498697915 0.022476082780536
0 0.630614439646403 0.14945669305945306 0.02455565134684245 0.022476082780536
0 0.5697110493977865 0.17992428689403311 0.037674967447916666 0.022476098996039785
0 0.6283118565877278 0.17992428689403311 0.019950485229492186 0.022476098996039785
0 0.5574408531188965 0.2103918645131094 0.013134574890136719 0.022476082780536
0 0.6288358688354492 0.2103918645131094 0.020998509724934895 0.022476082780536
0 0.5647616704305013 0.24085946645544135 0.027776209513346355 0.022476082780536
0 0.6342595418294271 0.24085946645544135 0.03184585571289063 0.022476082780536
0 0.5499287923177083 0.2713270359667657 0.021610514322916666 0.022476082780536
0 0.5053548177083333 0.03920363974495218 0.03211263020833333 0.04250797024442083
0 0.5413411458333334 0.03920363974495218 0.03986002604166667 0.04250797024442083
1 0.6725504557291667 0.03920363974495218 0.01875 0.04250797024442083
0 0.7037556966145834 0.03920363974495218 0.043660481770833336 0.04250797024442083
0 0.74390869140625 0.03920363974495218 0.0366455078125 0.04250797024442083
1 0.7894490559895834 0.03920363974495218 0.046101888020833336 0.04250797024442083
1 0.8005208333333333 0.1198691551540914 0.023958333333333335 0.048884165781083955
5 0.20442708333333334 0.14484258767268862 0.0005208333333333333 0.0010626992561105207
2 0.5 0.1666279224229543 0.5916666666666667 0.044633368756641874
1 0.44166666666666665 0.4577743092454835 0.10416666666666667 0.04250797024442083
1 0.5583333333333333 0.4577743092454835 0.10416666666666667 0.04250797024442083
1 0.5 0.7967089532412327 0.052083333333333336 0.10626992561105207
0 0.11041666666666666 0.8688977816153028 0.14583333333333334 0.02073924017003188
1 0.1 0.922630512752391 0.16666666666666666 0.08672622210414453
1 0.056595865885416666 0.9141289187035069 0.0798583984375 0.03571665781083953
1 0.14201253255208332 0.9141289187035069 0.0826416015625 0.03571665781083953
1 0.1 0.9572844713071201 0.16666666666666666 0.01658807120085016
