0 0.3098958333333333 0.06574054101669036 0.13020833333333334 0.07968550426265499
0 0.41875 0.08034955013151043 0.010416666666666666 0.025233743016507403
0 0.4161458333333333 0.10691138488572878 0.010416666666666666 0.025233743016507403
0 0.55654296875 0.10027092619717418 0.0619140625 0.027889926491929243
2 0.6901041666666666 0.03253824757391745 0.09895833333333333 0.022577559541085573
2 0.6901041666666666 0.05910008232813578 0.09895833333333333 0.02257755954108557
1 0.61494140625 0.09230237577090869 0.021549479166666666 0.02390565127879649
0 0.7226765950520834 0.09296642163976414 0.054646809895833336 0.017265192590241913
0 0.28125 0.1540586415744663 0.021875 0.021249467803374666
0 0.35416259765625 0.1540586415744663 0.03876139322916667 0.021249467803374666
0 0.4270833333333333 0.1540586415744663 0.04091796875 0.021249467803374666
0 0.49999593098958334 0.1540586415744663 0.0372802734375 0.021249467803374666
0 0.5729166666666666 0.1540586415744663 0.019449869791666668 0.021249467803374666
0 0.6458333333333334 0.1540586415744663 0.025520833333333333 0.021249467803374666
0 0.71875 0.1540586415744663 0.03606770833333333 0.021249467803374666
0 0.4140625 0.44092645692002425 0.328125 0.5046748603301483
0 0.6692708333333334 0.30546109967351076 0.15625 0.02523374301650742
2 0.6953125 0.5717434930845495 0.10416666666666667 0.022577559541085625
1 0.7223876953125 0.6222109791175644 0.05001627604166667 0.04382702734446023
