0 0.003125 0.006376195536663124 0.00625 0.012752391073326248
0 0.003125 0.006376195536663124 0.00625 0.012752391073326248
1 0.5605428059895833 0.021253985122210415 0.0486083984375 0.04250797024442083
1 0.56314697265625 0.021253985122210415 0.038191731770833334 0.04250797024442083
0 0.6043131510416667 0.021253985122210415 0.03893229166666667 0.04250797024442083
0 0.6069173177083333 0.020191285866099893 0.028515625 0.019128586609989374
1 0.65623779296875 0.021253985122210415 0.0649169921875 0.04250797024442083
1 0.6588419596354167 0.020191285866099893 0.05450032552083333 0.019128586609989374
0 0.7235026041666667 0.021253985122210415 0.06961263020833333 0.04250797024442083
0 0.7261067708333333 0.020191285866099893 0.05919596354166667 0.019128586609989374
0 0.7820231119791666 0.021253985122210415 0.025553385416666668 0.04250797024442083
0 0.7846272786458334 0.020191285866099893 0.01513671875 0.019128586609989374
8 0.8135701497395833 0.021253985122210415 0.021915690104166666 0.04250797024442083
1 0.8135701497395833 0.020722635494155154 0.021915690104166666 0.020191285866099893
0 0.8458577473958333 0.021253985122210415 0.037451171875 0.04250797024442083
0 0.8471598307291667 0.020191285866099893 0.024430338541666666 0.019128586609989374
0 0.17541910807291666 0.07598299681190224 0.0800048828125 0.026567481402763018
8 0.24271240234375 0.0765143464399575 0.054581705729166666 0.06801275239107332
1 0.24271240234375 0.07545164718384698 0.054581705729166666 0.05526036131774708
8 0.298046875 0.0765143464399575 0.05608723958333333 0.06801275239107332
1 0.298046875 0.07545164718384698 0.05608723958333333 0.05526036131774708
8 0.35670166015625 0.0765143464399575 0.06122233072916667 0.06801275239107332
1 0.35670166015625 0.07545164718384698 0.06122233072916667 0.05526036131774708
0 0.42566324869791666 0.07492029755579172 0.061075846354166664 0.021253985122210415
0 0.42566324869791666 0.07492029755579172 0.061075846354166664 0.021253985122210415
0 0.7433430989583333 0.07545164718384698 0.07999674479166667 0.044633368756641874
1 0.8250040690104167 0.07545164718384698 0.07499186197916667 0.044633368756641874
0 0.33443603515625 0.1487778958554729 0.3563720703125 0.03400637619553666
0 0.20241292317708334 0.7015807651434643 0.09232584635416667 0.048884165781083955
0 0.32198893229166664 0.7015807651434643 0.12208658854166667 0.048884165781083955
0 0.20241292317708334 0.6709783475026567 0.09232584635416667 0.048884165781083955
0 0.32198893229166664 0.6709783475026567 0.12208658854166667 0.048884165781083955
0 0.20241292317708334 0.7015807651434643 0.09232584635416667 0.048884165781083955
0 0.32198893229166664 0.7015807651434643 0.12208658854166667 0.048884165781083955
0 0.20241292317708334 0.7015807651434643 0.09232584635416667 0.048884165781083955
0 0.32198893229166664 0.7015807651434643 0.12208658854166667 0.048884165781083955
0 0.20241292317708334 0.6709783475026567 0.09232584635416667 0.048884165781083955
0 0.32198893229166664 0.6709783475026567 0.12208658854166667 0.048884165781083955
1 0.6597208658854167 0.9107332624867163 0.6805582682291667 0.1785334750265675
1 0.6597208658854167 0.94069640010627 0.6388916015625 0.049731004250797024
1 0.6597208658854167 0.94069640010627 0.6388916015625 0.049731004250797024
1 0.3829345703125 0.9353829038257173 0.08531901041666666 0.03910401168969182
1 0.473046875 0.9353829038257173 0.074072265625 0.03910401168969182
1 0.56602783203125 0.9353829038257173 0.09105631510416666 0.03910401168969182
1 0.6745890299479167 0.9353829038257173 0.10523274739583334 0.03910401168969182
0 0.38424072265625 0.2434577577045696 0.06327311197916667 0.019128586609989374
1 0.5434611002604167 0.30399010361317746 0.07963053385416667 0.04455034537725824
1 0.4625651041666667 0.30399010361317746 0.0703125 0.04455034537725824
1 0.6583333333333333 0.12974893730074388 0.022916666666666665 0.04675876726886291
1 0.975 0.9489904357066951 0.029166666666666667 0.05951115834218916
