0 0.0171875 0.04303931987247609 0.034375 0.0669500531349628
0 0.0171875 0.11052072263549416 0.020833333333333332 0.04250797024442083
0 0.0171875 0.1902231668437832 0.034375 0.09139213602550478
0 0.0171875 0.2818809776833156 0.034375 0.06004250797024442
0 0.0171875 0.35786397449521784 0.034375 0.06004250797024442
0 0.0171875 0.4338469713071201 0.034375 0.06004250797024442
0 0.0171875 0.5098299681190224 0.034375 0.06004250797024442
0 0.0171875 0.5858129649309245 0.034375 0.06004250797024442
8 0.020572916666666666 0.6617959617428267 0.027604166666666666 0.06004250797024442
8 0.020572916666666666 0.6617959617428267 0.027604166666666666 0.06004250797024442
0 0.0171875 0.7422954303931987 0.034375 0.06907545164718384
8 0.020572916666666666 0.9691817215727949 0.027604166666666666 0.04250797024442083
8 0.020572916666666666 0.9691817215727949 0.027604166666666666 0.04250797024442083
1 0.9194864908854167 0.16790648246546228 0.11206868489583334 0.036131774707757705
1 0.8851277669270833 0.16790648246546228 0.043351236979166666 0.036131774707757705
1 0.9434855143229167 0.16790648246546228 0.06407063802083333 0.036131774707757705
5 0.509375 0.2959949521785335 0.38645833333333335 0.025504782146652496
1 0.7119791666666667 0.2959949521785335 0.0125 0.025504782146652496
0 0.23606770833333332 0.49507671360255046 0.10338541666666666 0.2663888150903294
0 0.348828125 0.49507671360255046 0.10338541666666666 0.2663888150903294
0 0.4615885416666667 0.49507671360255046 0.10338541666666666 0.2663888150903294
0 0.5743489583333333 0.49507671360255046 0.10338541666666666 0.2663888150903294
0 0.687109375 0.49507671360255046 0.10338541666666666 0.2663888150903294
0 0.7998697916666667 0.49507671360255046 0.10338541666666666 0.2663888150903294
0 0.3473103841145833 0.7520755844845909 0.09019368489583333 0.022316684378320937
0 0.3473103841145833 0.7743922688629118 0.09019368489583333 0.022316684378320937
0 0.3473103841145833 0.7967089532412327 0.09019368489583333 0.022316684378320937
0 0.44795328776041665 0.7520755844845909 0.07880045572916666 0.022316684378320937
0 0.44795328776041665 0.7743922688629118 0.07880045572916666 0.022316684378320937
0 0.44795328776041665 0.7967089532412327 0.07880045572916666 0.022316684378320937
0 0.54588623046875 0.7520755844845909 0.08477376302083334 0.022316684378320937
0 0.54588623046875 0.7743922688629118 0.08477376302083334 0.022316684378320937
0 0.54588623046875 0.7967089532412327 0.08477376302083334 0.022316684378320937
0 0.6542195638020833 0.7520755844845909 0.09960123697916666 0.022316684378320937
0 0.6542195638020833 0.7743922688629118 0.09960123697916666 0.022316684378320937
0 0.6542195638020833 0.7967089532412327 0.09960123697916666 0.022316684378320937
0 0.7566243489583333 0.7605771785334751 0.07291666666666667 0.036131774707757705
0 0.8118326822916667 0.7605771785334751 0.01875 0.03825717321997875
0 0.27303873697916664 0.8822562433581297 0.043863932291666664 0.020191285866099893
0 0.21718343098958334 0.9966541578108395 0.07811686197916666 0.006691684378320935
0 0.3040568033854167 0.9966541578108395 0.07811686197916666 0.006691684378320935
0 0.39093017578125 0.9966541578108395 0.07811686197916666 0.006691684378320935
0 0.4778035481770833 0.9966541578108395 0.07811686197916666 0.006691684378320935
0 0.5646769205729166 0.9966541578108395 0.07811686197916666 0.006691684378320935
0 0.65155029296875 0.9966541578108395 0.07811686197916666 0.006691684378320935
