0 0.18541666666666667 0.036131774707757705 0.016666666666666666 0.03400637619553666
11 0.40469970703125 0.036131774707757705 0.3635660807291667 0.07226354941551541
1 0.25596923828125 0.036131774707757705 0.06610514322916666 0.07226354941551541
1 0.33952229817708335 0.036131774707757705 0.06766764322916667 0.07226354941551541
0 0.41485595703125 0.036131774707757705 0.049666341145833334 0.07226354941551541
0 0.476953125 0.036131774707757705 0.04119466145833333 0.07226354941551541
1 0.5503499348958333 0.036131774707757705 0.072265625 0.07226354941551541
1 0.66397705078125 0.036131774707757705 0.0254638671875 0.04250797024442083
1 0.66397705078125 0.036131774707757705 0.0254638671875 0.04250797024442083
1 0.6933756510416667 0.036131774707757705 0.020833333333333332 0.04250797024442083
1 0.7357421875 0.036131774707757705 0.05139973958333333 0.04250797024442083
1 0.7953043619791667 0.036131774707757705 0.055224609375 0.04250797024442083
1 0.5 0.6424017003188098 0.6458333333333334 0.05951115834218916
1 0.49999593098958334 0.6424017003188098 0.10726725260416667 0.05951115834218916
1 0.9885416666666667 0.9213602550478215 0.020833333333333332 0.04250797024442083
0 0.3831298828125 0.9527098831030818 0.41209309895833335 0.039319872476089264
1 0.7293701171875 0.953241232731137 0.18709309895833334 0.03825717321997875
1 0.6826456705729167 0.953241232731137 0.09364420572916667 0.03825717321997875
1 0.7824422200520833 0.953241232731137 0.08094889322916667 0.03825717321997875
