0 0.06931559244791667 0.025504782146652496 0.11363118489583333 0.03400637619553666
8 0.18052571614583332 0.025504782146652496 0.0587890625 0.05100956429330499
0 0.17115071614583333 0.025504782146652496 0.0400390625 0.05100956429330499
1 0.20054524739583332 0.025504782146652496 0.01875 0.05100956429330499
0 0.2349609375 0.025504782146652496 0.05008138020833333 0.05100956429330499
0 0.2806884765625 0.025504782146652496 0.04137369791666667 0.05100956429330499
0 0.32032470703125 0.025504782146652496 0.03789876302083333 0.05100956429330499
8 0.37323404947916666 0.025504782146652496 0.067919921875 0.05100956429330499
0 0.36385904947916664 0.025504782146652496 0.049169921875 0.05100956429330499
1 0.3978190104166667 0.025504782146652496 0.01875 0.05100956429330499
0 0.44949137369791664 0.025504782146652496 0.0845947265625 0.05100956429330499
0 0.5087239583333333 0.025504782146652496 0.03387044270833333 0.05100956429330499
2 0.8196126302083333 0.025504782146652496 0.10416666666666667 0.03825717321997875
1 0.97640380859375 0.025504782146652496 0.030525716145833333 0.03825717321997875
0 0.6086466471354167 0.08554729011689692 0.0565185546875 0.020191285866099893
0 0.690625 0.3745599760892667 0.36770833333333336 0.42180858129649307
0 0.6085774739583333 0.6152198459086079 0.19111328125 0.031880977683315624
