0 0.0013020833333333333 0.01647183846971307 0.0026041666666666665 0.03294367693942614
0 0.0013020833333333333 0.049415515409139216 0.0026041666666666665 0.03294367693942614
0 0.0013020833333333333 0.08235919234856535 0.0026041666666666665 0.03294367693942614
0 0.0013020833333333333 0.1153028692879915 0.0026041666666666665 0.03294367693942614
0 0.0013020833333333333 0.14824654622741765 0.0026041666666666665 0.03294367693942614
0 0.0013020833333333333 0.18119022316684377 0.0026041666666666665 0.03294367693942614
0 0.0013020833333333333 0.21413390010626993 0.0026041666666666665 0.03294367693942614
0 0.0013020833333333333 0.24707757704569608 0.0026041666666666665 0.03294367693942614
0 0.0013020833333333333 0.28002125398512223 0.0026041666666666665 0.03294367693942614
0 0.0013020833333333333 0.31296493092454836 0.0026041666666666665 0.03294367693942614
0 0.0013020833333333333 0.3459086078639745 0.0026041666666666665 0.03294367693942614
0 0.21796875 0.04250797024442083 0.07916666666666666 0.03506907545164718
0 0.8119181315104167 0.04250797024442083 0.019392903645833334 0.018065887353878853
0 0.19471435546875 0.1275239107332625 0.0534912109375 0.08501594048884166
0 0.2612223307291667 0.1275239107332625 0.07952473958333334 0.08501594048884166
0 0.32653401692708334 0.1275239107332625 0.0510986328125 0.08501594048884166
0 0.37123209635416665 0.1275239107332625 0.03829752604166667 0.08501594048884166
0 0.4309611002604167 0.1275239107332625 0.08116048177083333 0.08501594048884166
0 0.5026570638020833 0.1275239107332625 0.0622314453125 0.08501594048884166
0 0.55477294921875 0.1275239107332625 0.04200032552083333 0.08501594048884166
0 0.5966227213541667 0.1275239107332625 0.04169921875 0.08501594048884166
0 0.6457478841145833 0.1275239107332625 0.05655110677083333 0.08501594048884166
0 0.697705078125 0.1275239107332625 0.04736328125 0.08501594048884166
0 0.75107421875 0.13177470775770456 0.0125 0.01700318809776833
0 0.7765950520833333 0.13177470775770456 0.0125 0.01700318809776833
0 0.8021158854166667 0.13177470775770456 0.0125 0.01700318809776833
1 0.8265950520833333 0.1275239107332625 0.010416666666666666 0.021253985122210415
1 0.18880208333333334 0.1275239107332625 0.020833333333333332 0.025504782146652496
2 0.5036458333333333 0.1275239107332625 0.6088541666666667 0.025504782146652496
1 0.8158854166666667 0.1275239107332625 0.015625 0.031880977683315624
0 0.233056640625 0.7035069075451648 0.10934244791666667 0.25292242295430395
0 0.233056640625 0.936769394261424 0.10934244791666667 0.12646121147715197
0 0.47181396484375 0.7337274176408076 0.3254638671875 0.44301275239107335
0 0.457080078125 0.9903692879914984 0.29599609375 0.01926142401700319
0 0.7340250651041667 0.910201912858661 0.15625 0.179596174282678
