0 0.9872395833333333 0.09829968119022317 0.0005208333333333333 0.0010626992561105207
0 0.29661458333333335 0.04250797024442083 0.09114583333333333 0.024442082890541977
0 0.65509033203125 0.04250797024442083 0.0422119140625 0.04423485653560043
0 0.7188313802083334 0.04250797024442083 0.06027018229166667 0.04423485653560043
1 0.2552083333333333 0.04250797024442083 0.0125 0.08501594048884166
1 0.26626790364583336 0.11583421891604676 0.051285807291666666 0.05951115834218916
0 0.32012939453125 0.11583421891604676 0.0553955078125 0.05951115834218916
1 0.36958414713541665 0.11583421891604676 0.0414306640625 0.05951115834218916
0 0.36958414713541665 0.11583421891604676 0.0414306640625 0.05951115834218916
0 0.4094482421875 0.11583421891604676 0.03829752604166667 0.05951115834218916
0 0.4537272135416667 0.11583421891604676 0.05026041666666667 0.05951115834218916
0 0.50550537109375 0.11583421891604676 0.0532958984375 0.05951115834218916
0 0.54993896484375 0.11583421891604676 0.0355712890625 0.05951115834218916
0 0.5909423828125 0.11583421891604676 0.046435546875 0.05951115834218916
0 0.6343302408854167 0.11583421891604676 0.04034016927083333 0.05951115834218916
0 0.66788330078125 0.11583421891604676 0.026765950520833335 0.05951115834218916
0 0.697900390625 0.11583421891604676 0.03326822916666667 0.05951115834218916
0 0.7344197591145833 0.11583421891604676 0.0397705078125 0.05951115834218916
0 0.7669230143229167 0.11583421891604676 0.025236002604166665 0.05951115834218916
0 0.7999308268229167 0.11583421891604676 0.04077962239583333 0.05951115834218916
0 0.8456502278645833 0.11583421891604676 0.0506591796875 0.05951115834218916
0 0.8888631184895833 0.11583421891604676 0.0357666015625 0.05951115834218916
0 0.9199991861979167 0.11583421891604676 0.026505533854166666 0.05951115834218916
0 0.9466145833333334 0.11583421891604676 0.026725260416666667 0.05951115834218916
0 0.9799886067708333 0.11583421891604676 0.040022786458333334 0.05951115834218916
1 0.7427083333333333 0.11583421891604676 0.029166666666666667 0.04250797024442083
0 0.3256917317708333 0.20649574920297556 0.14930013020833333 0.08568012752391073
1 0.4999918619791667 0.20649574920297556 0.17430013020833332 0.11968650371944739
0 0.4999918619791667 0.19578573326248672 0.14930013020833333 0.06426009564293304
0 0.6742919921875 0.18507571732199787 0.14930013020833333 0.042840063761955365
0 0.5875 0.4953506907545165 0.325 0.37300743889479276
0 0.33125 0.4119703108395324 0.1625 0.13484657279489903
0 0.33125 0.5625332093517534 0.1625 0.14077444208289056
1 0.40625 0.6584252125398512 0.0125 0.025504782146652496
0 0.63125 0.8669633368756642 0.2375 0.26607332624867164
0 0.375 0.7660567215727949 0.25 0.06426009564293304
0 0.375 0.8685739904357067 0.25 0.11526965993623804
1 0.49375 0.9517136025504782 0.0125 0.025504782146652496
