1 0.57109375 0.9378985122210415 0.05677083333333333 0.023379383634431455
1 0.6341145833333334 0.9378985122210415 0.05677083333333333 0.023379383634431455
1 0.38255208333333335 0.9692481402763018 0.0067708333333333336 0.01381509032943677
5 0.3983561197916667 0.9713735387885228 0.03837890625 0.018065887353878853
1 0.42822265625 0.9692481402763018 0.0067708333333333336 0.01381509032943677
5 0.4461140950520833 0.9713735387885228 0.0425537109375 0.018065887353878853
1 0.4780680338541667 0.9692481402763018 0.0067708333333333336 0.01381509032943677
5 0.49161376953125 0.9713735387885228 0.0338623046875 0.018065887353878853
1 0.5192220052083333 0.9692481402763018 0.0067708333333333336 0.01381509032943677
5 0.533984375 0.9713735387885228 0.036295572916666664 0.018065887353878853
0 0.6235555013020834 0.9719048884165781 0.0542724609375 0.01700318809776833
0 0.08333333333333333 0.9218916046758767 0.078271484375 0.05100956429330499
1 0.14602864583333333 0.5961742826780021 0.007942708333333333 0.021253985122210415
0 0.6052408854166667 0.026567481402763018 0.067578125 0.031880977683315624
0 0.04088541666666667 0.09139213602550478 0.06510416666666667 0.047124070138150904
8 0.13764241536458333 0.09139213602550478 0.1117431640625 0.05951115834218916
0 0.13764241536458333 0.09139213602550478 0.10340983072916667 0.04250797024442083
8 0.22582194010416667 0.09139213602550478 0.06461588541666667 0.04250797024442083
0 0.22582194010416667 0.09139213602550478 0.06461588541666667 0.04250797024442083
11 0.286962890625 0.09139213602550478 0.057666015625 0.04250797024442083
0 0.286962890625 0.09139213602550478 0.057666015625 0.04250797024442083
11 0.3451944986979167 0.09139213602550478 0.058797200520833336 0.05951115834218916
0 0.3451944986979167 0.09139213602550478 0.0504638671875 0.04250797024442083
8 0.40472819010416666 0.09139213602550478 0.06027018229166667 0.05951115834218916
0 0.40472819010416666 0.09139213602550478 0.05193684895833333 0.04250797024442083
8 0.7804280598958333 0.09139213602550478 0.06993815104166666 0.05951115834218916
0 0.7804280598958333 0.09139213602550478 0.061604817708333336 0.04250797024442083
11 0.8510050455729167 0.09139213602550478 0.0712158203125 0.05951115834218916
0 0.8510050455729167 0.09139213602550478 0.06288248697916667 0.04250797024442083
0 0.9250447591145833 0.09139213602550478 0.07686360677083333 0.04250797024442083
0 0.9786458333333333 0.09139213602550478 0.026041666666666668 0.04250797024442083
1 0.2265625 0.455067747077577 0.16666666666666666 0.040382571732199786
1 0.4088541666666667 0.455067747077577 0.16666666666666666 0.040382571732199786
