0 0.21526285807291667 0.02922422954303932 0.11802571614583333 0.05844845908607864
1 0.7671875 0.02922422954303932 0.051041666666666666 0.05844845908607864
1 0.8182291666666667 0.02922422954303932 0.051041666666666666 0.05844845908607864
1 0.5445841471354167 0.37752391073326247 0.0558349609375 0.036663124335812966
0 0.21098225911458332 0.5669500531349628 0.07196451822916666 0.028692879914984058
8 0.32861328125 0.6195536663124336 0.3072265625 0.044633368756641874
1 0.32861328125 0.6195536663124336 0.3072265625 0.044633368756641874
0 0.5910481770833333 0.5669500531349628 0.14656575520833334 0.028692879914984058
8 0.6713785807291667 0.6195536663124336 0.3072265625 0.044633368756641874
1 0.6713785807291667 0.6195536663124336 0.3072265625 0.044633368756641874
0 0.2708333333333333 0.8831030818278427 0.21875 0.23379383634431455
0 0.5 0.8831030818278427 0.21875 0.23379383634431455
0 0.7291666666666666 0.8831030818278427 0.21875 0.23379383634431455
