1 0.16875 0.040382571732199786 0.020833333333333332 0.04250797024442083
1 0.16822916666666668 0.040382571732199786 0.0125 0.025504782146652496
2 0.23203125 0.040382571732199786 0.09739583333333333 0.04250797024442083
1 0.26979166666666665 0.040382571732199786 0.021875 0.04250797024442083
0 0.5 0.040382571732199786 0.17760416666666667 0.04675876726886291
1 0.7769368489583334 0.040382571732199786 0.04479166666666667 0.04250797024442083
1 0.7769368489583334 0.040374269394261426 0.03125 0.021038124335812966
1 0.8225830078125 0.040382571732199786 0.038167317708333336 0.04250797024442083
1 0.8225830078125 0.040374269394261426 0.024625651041666665 0.021038124335812966
1 0.36602376302083334 0.10626992561105207 0.04739583333333333 0.025504782146652496
1 0.36602376302083334 0.10626992561105207 0.033854166666666664 0.022781615302869287
1 0.4061360677083333 0.10626992561105207 0.028662109375 0.025504782146652496
1 0.4061360677083333 0.10626992561105207 0.015120442708333333 0.022781615302869287
1 0.4475789388020833 0.10626992561105207 0.05005696614583333 0.025504782146652496
1 0.4475789388020833 0.10626992561105207 0.036515299479166666 0.022781615302869287
1 0.5017740885416667 0.10626992561105207 0.05416666666666667 0.025504782146652496
1 0.5017740885416667 0.10626992561105207 0.040625 0.022781615302869287
1 0.5580240885416666 0.10626992561105207 0.05416666666666667 0.025504782146652496
1 0.5580240885416666 0.10626992561105207 0.040625 0.022781615302869287
8 0.6224283854166667 0.10626992561105207 0.07047526041666667 0.025504782146652496
1 0.6224283854166667 0.10626992561105207 0.07047526041666667 0.025504782146652496
1 0.6161783854166667 0.10626992561105207 0.04443359375 0.022781615302869287
0 0.2697672526041667 0.16153028692879914 0.04010416666666667 0.04250797024442083
0 0.30648600260416664 0.16153028692879914 0.03333333333333333 0.04250797024442083
0 0.34659016927083336 0.16153028692879914 0.046875 0.04250797024442083
0 0.3967529296875 0.16153028692879914 0.053450520833333334 0.04250797024442083
0 0.4401448567708333 0.16153028692879914 0.03333333333333333 0.04250797024442083
0 0.47347819010416664 0.16153028692879914 0.03333333333333333 0.04250797024442083
0 0.5169677734375 0.16153028692879914 0.05364583333333333 0.04250797024442083
0 0.646044921875 0.15727948990435706 0.07117513020833334 0.03400637619553666
0 0.7159586588541667 0.15727948990435706 0.06865234375 0.03400637619553666
0 0.21275227864583332 0.20403825717321997 0.108837890625 0.01381509032943677
0 0.32552490234375 0.20403825717321997 0.09170735677083333 0.01381509032943677
0 0.43578694661458334 0.20403825717321997 0.10381673177083334 0.01381509032943677
0 0.5395589192708333 0.20403825717321997 0.07872721354166666 0.01381509032943677
0 0.6344197591145834 0.20403825717321997 0.08599446614583334 0.01381509032943677
0 0.7034586588541667 0.20403825717321997 0.027083333333333334 0.01381509032943677
0 0.8276041666666667 0.20403825717321997 0.028125 0.01700318809776833
0 0.4125 0.37699256110520724 0.5083333333333333 0.25239107332624866
0 0.38697916666666665 0.2625614373007439 0.019791666666666666 0.019278028692879916
0 0.4814982096354167 0.32131708289054195 0.2171630859375 0.07272848034006377
0 0.4125 0.5462274176408076 0.5 0.026567481402763018
0 0.4125 0.657279489904357 0.5083333333333333 0.019128586609989374
0 0.28229166666666666 0.8279838602550478 0.24791666666666667 0.21175943145589798
0 0.22840576171875 0.7741764080765143 0.14014485677083333 0.09776833156216791
0 0.5427083333333333 0.8424133235919234 0.24791666666666667 0.2406183581296493
0 0.44906819661458336 0.7338685573857598 0.05230305989583333 0.019278028692879916
0 0.4875 0.8062068278427205 0.1375 0.09776833156216791
0 0.7697916666666667 0.2720510095642933 0.13125 0.04250797024442083
0 0.7677205403645834 0.6445270988310308 0.11148274739583333 0.018065887353878853
0 0.7625 0.6987662725823592 0.15833333333333333 0.06683382040382571
0 0.7748006184895834 0.7576879649309245 0.1329345703125 0.044633368756641874
0 0.7625 0.8346755446333688 0.15833333333333333 0.06683382040382571
0 0.7738525390625 0.8935972369819342 0.13103841145833334 0.044633368756641874
0 0.7625 0.9685839532412327 0.15833333333333333 0.06283209351753453
0 0.31979166666666664 0.953672954303932 0.06354166666666666 0.018065887353878853
1 0.31979166666666664 0.944739638682253 0.06354166666666666 0.04250797024442083
1 0.371875 0.944739638682253 0.03229166666666667 0.04250797024442083
