0 0.16770833333333332 0.03400637619553666 0.052083333333333336 0.06801275239107332
1 0.2296875 0.03453772582359192 0.046875 0.03294367693942614
8 0.22968343098958333 0.03400637619553666 0.0213134765625 0.019128586609989374
0 0.6070882161458333 0.03400637619553666 0.04405924479166667 0.06801275239107332
0 0.6558146158854167 0.03400637619553666 0.045060221354166666 0.06801275239107332
0 0.7071451822916667 0.03400637619553666 0.049267578125 0.06801275239107332
1 0.7602376302083333 0.0334750265674814 0.048583984375 0.0669500531349628
0 0.7998942057291667 0.03400637619553666 0.030729166666666665 0.06801275239107332
1 0.84512939453125 0.03400637619553666 0.0597412109375 0.053134962805526036
7 0.5604166666666667 0.5159404888416578 0.005208333333333333 0.01381509032943677
5 0.5291666666666667 0.4816684378320935 0.0625 0.07173219978746015
7 0.6260416666666667 0.5159404888416578 0.005208333333333333 0.01381509032943677
5 0.5947916666666667 0.4816684378320935 0.0625 0.07173219978746015
7 0.6916666666666667 0.5159404888416578 0.005208333333333333 0.01381509032943677
5 0.6604166666666667 0.4816684378320935 0.0625 0.07173219978746015
7 0.7572916666666667 0.5159404888416578 0.005208333333333333 0.01381509032943677
5 0.7260416666666667 0.4816684378320935 0.0625 0.07173219978746015
7 0.8229166666666666 0.5159404888416578 0.005208333333333333 0.01381509032943677
5 0.7916666666666666 0.4816684378320935 0.0625 0.07173219978746015
0 0.6505208333333333 0.2970244420828905 0.44895833333333335 0.4580233793836344
0 0.2552083333333333 0.121139412858661 0.19375 0.02123738044633369
0 0.24047037760416667 0.164701780021254 0.16427408854166667 0.07226354941551541
0 0.2552083333333333 0.222793238575983 0.19375 0.0226653825717322
0 0.19439697265625 0.27875929861849097 0.07212727864583333 0.023379383634431455
13 0.22733561197916666 0.27875929861849097 0.00625 0.023379383634431455
0 0.22820231119791667 0.3184278692879915 0.13973795572916667 0.023379383634431455
13 0.2949462890625 0.3184278692879915 0.00625 0.023379383634431455
0 0.21130777994791666 0.358096439957492 0.10594889322916666 0.023379383634431455
13 0.2611572265625 0.358096439957492 0.00625 0.023379383634431455
1 0.4124552408854167 0.6684378320935175 0.11343587239583333 0.03825717321997875
0 0.7874593098958333 0.6287858660998937 0.08333333333333333 0.06057385759829968
0 0.7874593098958333 0.7015807651434643 0.08333333333333333 0.05951115834218916
0 0.7874593098958333 0.7743756641870351 0.08333333333333333 0.06057385759829968
0 0.7885416666666667 0.832990170031881 0.010416666666666666 0.021253985122210415
0 0.8052083333333333 0.832990170031881 0.010416666666666666 0.021253985122210415
0 0.821875 0.832990170031881 0.010416666666666666 0.021253985122210415
0 0.22186279296875 0.9681356269925611 0.12705891927083332 0.03506907545164718
