1 0.42525634765625 0.011689691817215728 0.0616943359375 0.012752391073326248
1 0.42202555338541664 0.011158342189160468 0.05523274739583333 0.015940488841657812
0 0.3502115885416667 0.07810839532412327 0.14041341145833333 0.024442082890541977
0 0.2557373046875 0.13283740701381508 0.036474609375 0.07013815090329437
1 0.29613850911458334 0.13283740701381508 0.0449462890625 0.07013815090329437
1 0.3499837239583333 0.13283740701381508 0.06336263020833334 0.07013815090329437
1 0.41034342447916666 0.13283740701381508 0.05797526041666667 0.07013815090329437
1 0.4598917643229167 0.13283740701381508 0.04173990885416667 0.07013815090329437
2 0.6875 0.13230605738575982 0.08854166666666667 0.03506907545164718
1 0.7434895833333334 0.13230605738575982 0.0234375 0.03506907545164718
0 0.6189046223958333 0.08049946865037194 0.0296875 0.020722635494155154
0 0.6583089192708333 0.08049946865037194 0.026822916666666665 0.020722635494155154
0 0.6953816731770833 0.08049946865037194 0.0250244140625 0.020722635494155154
0 0.7371256510416667 0.08049946865037194 0.03616536458333333 0.020722635494155154
0 0.6188232421875 0.1997874601487779 0.05634765625 0.023379383634431455
1 0.3575520833333333 0.46439957492029754 0.05748697916666667 0.036131774707757705
0 0.3040771484375 0.8277264877789585 0.11857096354166667 0.11158342189160468
0 0.30407307942708334 0.9278858926673751 0.09268391927083333 0.05047821466524974
0 0.43467610677083335 0.8277264877789585 0.11857096354166667 0.11158342189160468
0 0.4346720377604167 0.9278858926673751 0.05811360677083333 0.05047821466524974
0 0.5652750651041667 0.8277264877789585 0.11857096354166667 0.11158342189160468
0 0.56527099609375 0.9278858926673751 0.07188313802083333 0.05047821466524974
0 0.6958740234375 0.8277264877789585 0.11857096354166667 0.11158342189160468
0 0.6958699544270833 0.9278858926673751 0.0972412109375 0.05047821466524974
1 0.49778645833333335 0.995956761424017 0.14345703125 0.008086477151965994
