0 0.17849934895833333 0.05015442348565356 0.04449869791666667 0.0684278692879915
11 0.34925944010416665 0.039319872476089264 0.08556315104166666 0.04250797024442083
0 0.34925944010416665 0.039319872476089264 0.08556315104166666 0.04250797024442083
11 0.35908203125 0.07545164718384698 0.10416666666666667 0.036131774707757705
0 0.35908203125 0.07545164718384698 0.10416666666666667 0.036131774707757705
11 0.35908203125 0.11158342189160468 0.10416666666666667 0.036131774707757705
0 0.35908203125 0.11158342189160468 0.10416666666666667 0.036131774707757705
11 0.35908203125 0.14771519659936239 0.10416666666666667 0.036131774707757705
0 0.35908203125 0.14771519659936239 0.10416666666666667 0.036131774707757705
11 0.35908203125 0.18384697130712008 0.10416666666666667 0.036131774707757705
0 0.35908203125 0.18384697130712008 0.10416666666666667 0.036131774707757705
11 0.35908203125 0.2199787460148778 0.10416666666666667 0.036131774707757705
0 0.35908203125 0.2199787460148778 0.10416666666666667 0.036131774707757705
11 0.35908203125 0.2561105207226355 0.10416666666666667 0.036131774707757705
0 0.35908203125 0.2561105207226355 0.10416666666666667 0.036131774707757705
11 0.35908203125 0.2922422954303932 0.10416666666666667 0.036131774707757705
0 0.35908203125 0.2922422954303932 0.10416666666666667 0.036131774707757705
11 0.35908203125 0.34112646121147716 0.10416666666666667 0.061636556854410204
0 0.35908203125 0.34112646121147716 0.10416666666666667 0.061636556854410204
11 0.445703125 0.039319872476089264 0.09641927083333333 0.04250797024442083
0 0.445703125 0.039319872476089264 0.09641927083333333 0.04250797024442083
11 0.5337809244791667 0.039319872476089264 0.06883138020833333 0.04250797024442083
0 0.5337809244791667 0.039319872476089264 0.06883138020833333 0.04250797024442083
11 0.5519694010416667 0.07545164718384698 0.10416666666666667 0.036131774707757705
0 0.5519694010416667 0.07545164718384698 0.10416666666666667 0.036131774707757705
11 0.5519694010416667 0.11158342189160468 0.10416666666666667 0.036131774707757705
0 0.5519694010416667 0.11158342189160468 0.10416666666666667 0.036131774707757705
11 0.5519694010416667 0.14771519659936239 0.10416666666666667 0.036131774707757705
0 0.5519694010416667 0.14771519659936239 0.10416666666666667 0.036131774707757705
11 0.5519694010416667 0.18384697130712008 0.10416666666666667 0.036131774707757705
0 0.5519694010416667 0.18384697130712008 0.10416666666666667 0.036131774707757705
11 0.5519694010416667 0.2199787460148778 0.10416666666666667 0.036131774707757705
0 0.5519694010416667 0.2199787460148778 0.10416666666666667 0.036131774707757705
11 0.5519694010416667 0.2561105207226355 0.10416666666666667 0.036131774707757705
0 0.5519694010416667 0.2561105207226355 0.10416666666666667 0.036131774707757705
11 0.5519694010416667 0.2922422954303932 0.10416666666666667 0.036131774707757705
0 0.5519694010416667 0.2922422954303932 0.10416666666666667 0.036131774707757705
11 0.5519694010416667 0.34112646121147716 0.10416666666666667 0.061636556854410204
0 0.5519694010416667 0.34112646121147716 0.10416666666666667 0.061636556854410204
11 0.5519694010416667 0.3900106269925611 0.10416666666666667 0.036131774707757705
0 0.5519694010416667 0.3900106269925611 0.10416666666666667 0.036131774707757705
11 0.6022664388020833 0.039319872476089264 0.057234700520833334 0.04250797024442083
0 0.6022664388020833 0.039319872476089264 0.057234700520833334 0.04250797024442083
11 0.6262532552083333 0.07545164718384698 0.10416666666666667 0.036131774707757705
0 0.6262532552083333 0.07545164718384698 0.10416666666666667 0.036131774707757705
11 0.6262532552083333 0.11158342189160468 0.10416666666666667 0.036131774707757705
0 0.6262532552083333 0.11158342189160468 0.10416666666666667 0.036131774707757705
11 0.6262532552083333 0.14771519659936239 0.10416666666666667 0.036131774707757705
0 0.6262532552083333 0.14771519659936239 0.10416666666666667 0.036131774707757705
11 0.6262532552083333 0.18384697130712008 0.10416666666666667 0.036131774707757705
0 0.6262532552083333 0.18384697130712008 0.10416666666666667 0.036131774707757705
11 0.6262532552083333 0.2199787460148778 0.10416666666666667 0.036131774707757705
0 0.6262532552083333 0.2199787460148778 0.10416666666666667 0.036131774707757705
11 0.6262532552083333 0.2561105207226355 0.10416666666666667 0.036131774707757705
0 0.6262532552083333 0.2561105207226355 0.10416666666666667 0.036131774707757705
11 0.6637410481770833 0.039319872476089264 0.0548095703125 0.04250797024442083
0 0.6637410481770833 0.039319872476089264 0.0548095703125 0.04250797024442083
5 0.8046875 0.04144527098831031 0.015625 0.031880977683315624
2 0.8151041666666666 0.028900438363443144 0.0010416666666666667 0.021669102019128587
0 0.8356608072916667 0.039851222104144525 0.021354166666666667 0.04357066950053135
1 0.4591796875 0.5904788788522848 0.605859375 0.05844845908607864
1 0.4591796875 0.5904788788522848 0.605859375 0.05844845908607864
1 0.19414876302083334 0.5878221307120085 0.07579752604166666 0.053134962805526036
1 0.19414876302083334 0.5878221307120085 0.04767252604166667 0.01700318809776833
1 0.19414876302083334 0.5878221307120085 0.04767252604166667 0.01700318809776833
0 0.5963541666666666 0.9629051540913921 0.15104166666666666 0.07418969181721573
0 0.7682291666666666 0.9629051540913921 0.15104166666666666 0.07418969181721573
0 0.9713541666666666 0.9415515409139213 0.026041666666666668 0.053134962805526036
1 0.125 0.22130712008501593 0.23333333333333334 0.03623140276301807
1 0.04025065104166667 0.33240070403825717 0.06383463541666666 0.020407146652497342
1 0.027494303385416665 0.3706578772582359 0.03832194010416667 0.020407146652497342
6 0.2125 0.36216458554729014 0.008333333333333333 0.01700318809776833
5 0.225 0.37066617959617426 0.03333333333333333 0.03400637619553666
1 0.05472005208333333 0.4089150504782147 0.0927734375 0.020407146652497342
6 0.2125 0.4004217587672689 0.008333333333333333 0.01700318809776833
5 0.225 0.40892335281615305 0.03333333333333333 0.03400637619553666
1 0.027010091145833335 0.4471722236981934 0.037353515625 0.020407146652497342
6 0.2125 0.4386789319872476 0.008333333333333333 0.01700318809776833
5 0.225 0.4471805260361318 0.03333333333333333 0.03400637619553666
1 0.125 0.8985620350690755 0.23333333333333334 0.03623140276301807
0 0.125 0.9625896652497343 0.23333333333333334 0.040814293304994684
