1 0.8386962890625 0.019128586609989374 0.030940755208333334 0.03825717321997875
0 0.059895833333333336 0.2418720111583422 0.11979166666666667 0.054214266737513284
0 0.059895833333333336 0.29608627789585545 0.11979166666666667 0.054214266737513284
0 0.059895833333333336 0.35030054463336874 0.11979166666666667 0.054214266737513284
0 0.059895833333333336 0.404514811370882 0.11979166666666667 0.054214266737513284
0 0.059895833333333336 0.4587290781083953 0.11979166666666667 0.054214266737513284
0 0.059895833333333336 0.5129433448459086 0.11979166666666667 0.054214266737513284
0 0.059895833333333336 0.5671576115834219 0.11979166666666667 0.054214266737513284
0 0.059895833333333336 0.6213718783209352 0.11979166666666667 0.054214266737513284
0 0.059895833333333336 0.6755861450584485 0.11979166666666667 0.054214266737513284
0 0.059895833333333336 0.7298004117959618 0.11979166666666667 0.054214266737513284
0 0.059895833333333336 0.7840146785334751 0.11979166666666667 0.054214266737513284
0 0.059895833333333336 0.8382289452709883 0.11979166666666667 0.054214266737513284
0 0.059895833333333336 0.8924432120085016 0.11979166666666667 0.054214266737513284
0 0.059895833333333336 0.9466574787460149 0.11979166666666667 0.054214266737513284
0 0.059895833333333336 0.9868823060573858 0.11979166666666667 0.02623538788522848
1 0.15 0.0818278427205101 0.025 0.05100956429330499
0 0.18645833333333334 0.0818278427205101 0.03958333333333333 0.025836875664187034
11 0.24384358723958333 0.08181954038257173 0.050187174479166666 0.026849760892667374
0 0.24384358723958333 0.08114705100956429 0.050187174479166666 0.036131774707757705
11 0.27954508463541666 0.08181954038257173 0.0212158203125 0.026849760892667374
0 0.27954508463541666 0.08114705100956429 0.0212158203125 0.036131774707757705
11 0.3068115234375 0.08181954038257173 0.03331705729166667 0.026849760892667374
0 0.3068115234375 0.08114705100956429 0.03331705729166667 0.036131774707757705
11 0.34420166015625 0.08181954038257173 0.041463216145833336 0.026849760892667374
0 0.34420166015625 0.08114705100956429 0.041463216145833336 0.036131774707757705
11 0.37986653645833335 0.08181954038257173 0.029866536458333332 0.026849760892667374
0 0.37986653645833335 0.08114705100956429 0.029866536458333332 0.036131774707757705
11 0.42005615234375 0.08181954038257173 0.0505126953125 0.026849760892667374
0 0.42005615234375 0.08114705100956429 0.0505126953125 0.036131774707757705
11 0.4712158203125 0.08181954038257173 0.051806640625 0.026849760892667374
0 0.4712158203125 0.08114705100956429 0.051806640625 0.036131774707757705
11 0.5146931966145833 0.08181954038257173 0.03514811197916667 0.026849760892667374
0 0.5146931966145833 0.08114705100956429 0.03514811197916667 0.036131774707757705
11 0.5569661458333334 0.08181954038257173 0.049397786458333336 0.026849760892667374
0 0.5569661458333334 0.08114705100956429 0.049397786458333336 0.036131774707757705
11 0.59747314453125 0.08181954038257173 0.0316162109375 0.026849760892667374
0 0.59747314453125 0.08114705100956429 0.0316162109375 0.036131774707757705
0 0.7750651041666666 0.08114705100956429 0.04986979166666667 0.01487778958554729
13 0.8333333333333334 0.08181123804463337 0.041666666666666664 0.01700318809776833
0 0.8166666666666667 0.08181123804463337 0.008333333333333333 0.01700318809776833
0 0.8333333333333334 0.08181123804463337 0.008333333333333333 0.01700318809776833
0 0.85 0.08181123804463337 0.008333333333333333 0.01700318809776833
0 0.3645833333333333 0.40037194473963866 0.4791666666666667 0.5499468650371945
0 0.37499593098958334 0.6880977683315622 0.0133056640625 0.01487778958554729
0 0.375 0.7670197927736451 0.4166666666666667 0.09564293304994687
0 0.38015950520833336 0.83822064293305 0.044694010416666666 0.01487778958554729
0 0.2604166666666667 0.9444822662061636 0.22916666666666666 0.11103546758767269
0 0.48984375 0.9444822662061636 0.22864583333333333 0.11103546758767269
0 0.73984375 0.280519394261424 0.2703125 0.31024176408076515
0 0.6313435872395833 0.4903692879914984 0.0116455078125 0.01381509032943677
0 0.7395833333333334 0.5399010361317748 0.228125 0.053134962805526036
0 0.6581868489583333 0.6410899309245484 0.044694010416666666 0.01487778958554729
0 0.7635416666666667 0.845393862911796 0.18125 0.04250797024442083
0 0.6458333333333334 0.8520357332624867 0.041666666666666664 0.08501594048884166
0 0.7635416666666667 0.9697296758767269 0.18125 0.04250797024442083
0 0.6458333333333334 0.9669317879914984 0.041666666666666664 0.06613642401700319
