0 0.98828125 0.023528825717321997 0.013020833333333334 0.025803666312433582
1 0.79403076171875 0.05100956429330499 0.07735188802083333 0.05844845908607864
0 4.0690104166666664e-05 0.10210215196599362 8.138020833333333e-05 0.00016604675876726887
0 0.9802001953125 0.12114771519659936 0.018766276041666665 0.01700318809776833
2 0.8689453125 0.15113575982996813 0.07770182291666666 0.028692879914984058
0 0.8370035807291667 0.1755778427205101 0.013818359375 0.015940488841657812
0 0.8758748372395834 0.1755778427205101 0.0513427734375 0.015940488841657812
8 0.9309733072916667 0.15113575982996813 0.058854166666666666 0.028692879914984058
1 0.9770751953125 0.15113575982996813 0.033349609375 0.028692879914984058
5 0.06842447916666666 0.3235587141339001 0.105322265625 0.018065887353878853
8 0.08946126302083333 0.34375 0.14739583333333334 0.020191285866099893
1 0.18070475260416666 0.34375 0.030338541666666666 0.022316684378320937
2 0.22498779296875 0.34375 0.05347493489583333 0.022316684378320937
2 0.2711995442708333 0.34375 0.034195963541666666 0.022316684378320937
0 0.049300130208333334 0.45111583421891605 0.046435546875 0.018065887353878853
0 0.12159830729166667 0.45111583421891605 0.014615885416666667 0.018065887353878853
0 0.14502360026041666 0.45111583421891605 0.0227294921875 0.018065887353878853
0 0.172998046875 0.45111583421891605 0.023714192708333335 0.018065887353878853
0 0.23426513671875 0.45111583421891605 0.0891845703125 0.018065887353878853
0 0.35873616536458336 0.45111583421891605 0.15025227864583332 0.018065887353878853
0 0.4981282552083333 0.45111583421891605 0.11902669270833334 0.018065887353878853
0 0.6323079427083333 0.45111583421891605 0.13982747395833334 0.018065887353878853
0 0.7916259765625 0.45111583421891605 0.16930338541666667 0.018065887353878853
0 0.93486328125 0.45111583421891605 0.107666015625 0.018065887353878853
0 0.05936279296875 0.4691817215727949 0.06656087239583333 0.018065887353878853
0 0.1453369140625 0.4691817215727949 0.014615885416666667 0.018065887353878853
0 0.16876220703125 0.4691817215727949 0.0227294921875 0.018065887353878853
0 0.19673665364583334 0.4691817215727949 0.023714192708333335 0.018065887353878853
0 0.28875732421875 0.4691817215727949 0.15069173177083334 0.018065887353878853
0 0.3999715169270833 0.4691817215727949 0.0622314453125 0.018065887353878853
0 0.49650472005208335 0.4691817215727949 0.12132975260416666 0.018065887353878853
0 0.6066569010416667 0.4691817215727949 0.08946940104166666 0.018065887353878853
0 0.6848958333333334 0.4691817215727949 0.05750325520833333 0.018065887353878853
0 0.75997314453125 0.4691817215727949 0.08314615885416667 0.018065887353878853
0 0.8438232421875 0.4691817215727949 0.075048828125 0.018065887353878853
0 0.939111328125 0.4691817215727949 0.10602213541666666 0.018065887353878853
0 0.058447265625 0.48724760892667374 0.06472981770833333 0.018065887353878853
0 0.1051513671875 0.5053134962805526 0.15813802083333334 0.018065887353878853
0 0.22083333333333333 0.5053134962805526 0.014615885416666667 0.018065887353878853
0 0.24425862630208334 0.5053134962805526 0.0227294921875 0.018065887353878853
0 0.27223307291666665 0.5053134962805526 0.023714192708333335 0.018065887353878853
0 0.0876953125 0.5233793836344315 0.12322591145833334 0.018065887353878853
0 0.19171549479166666 0.5233793836344315 0.014615885416666667 0.018065887353878853
0 0.21514078776041667 0.5233793836344315 0.0227294921875 0.018065887353878853
0 0.243115234375 0.5233793836344315 0.023714192708333335 0.018065887353878853
0 0.07894287109375 0.5414452709883103 0.10572102864583334 0.018065887353878853
0 0.17527669270833332 0.5414452709883103 0.014615885416666667 0.018065887353878853
0 0.19870198567708333 0.5414452709883103 0.0227294921875 0.018065887353878853
0 0.22667643229166667 0.5414452709883103 0.023714192708333335 0.018065887353878853
0 0.09600016276041666 0.5595111583421891 0.13983561197916666 0.018065887353878853
0 0.2093994140625 0.5595111583421891 0.014615885416666667 0.018065887353878853
0 0.23282470703125 0.5595111583421891 0.0227294921875 0.018065887353878853
0 0.26079915364583334 0.5595111583421891 0.023714192708333335 0.018065887353878853
0 0.07955729166666667 0.577577045696068 0.10694986979166667 0.018065887353878853
0 0.1745849609375 0.577577045696068 0.014615885416666667 0.018065887353878853
0 0.19801025390625 0.577577045696068 0.0227294921875 0.018065887353878853
0 0.22598470052083333 0.577577045696068 0.023714192708333335 0.018065887353878853
0 0.06471354166666667 0.5956429330499469 0.07726236979166666 0.018065887353878853
0 0.15218098958333334 0.5956429330499469 0.014615885416666667 0.018065887353878853
0 0.17560628255208333 0.5956429330499469 0.0227294921875 0.018065887353878853
0 0.20358072916666667 0.5956429330499469 0.023714192708333335 0.018065887353878853
0 0.060225423177083334 0.6137088204038257 0.0682861328125 0.018065887353878853
0 0.12360026041666666 0.6137088204038257 0.014615885416666667 0.018065887353878853
0 0.14702555338541667 0.6137088204038257 0.0227294921875 0.018065887353878853
0 0.175 0.6137088204038257 0.023714192708333335 0.018065887353878853
0 0.13503824869791667 0.6317747077577046 0.14798990885416666 0.018065887353878853
0 0.2794881184895833 0.6317747077577046 0.13140462239583334 0.018065887353878853
0 0.38241780598958336 0.6317747077577046 0.06494954427083334 0.018065887353878853
0 0.4920450846354167 0.6317747077577046 0.1447998046875 0.018065887353878853
0 0.625390625 0.6317747077577046 0.11238606770833333 0.018065887353878853
0 0.061787923177083336 0.6498405951115834 0.0714111328125 0.018065887353878853
0 0.14189453125 0.6498405951115834 0.014615885416666667 0.018065887353878853
0 0.16531982421875 0.6498405951115834 0.0227294921875 0.018065887353878853
0 0.19329427083333334 0.6498405951115834 0.023714192708333335 0.018065887353878853
0 0.05365397135416667 0.6679064824654622 0.05514322916666667 0.018065887353878853
0 0.12477213541666667 0.6679064824654622 0.014615885416666667 0.018065887353878853
0 0.14819742838541666 0.6679064824654622 0.0227294921875 0.018065887353878853
0 0.176171875 0.6679064824654622 0.023714192708333335 0.018065887353878853
0 0.03927001953125 0.6859723698193412 0.026375325520833333 0.018065887353878853
0 0.096142578125 0.6859723698193412 0.014615885416666667 0.018065887353878853
0 0.11956787109375 0.6859723698193412 0.0227294921875 0.018065887353878853
0 0.14754231770833334 0.6859723698193412 0.023714192708333335 0.018065887353878853
0 0.09595540364583334 0.70403825717322 0.06982421875 0.018065887353878853
0 0.16392008463541666 0.70403825717322 0.056599934895833336 0.018065887353878853
0 0.25782877604166665 0.70403825717322 0.12171223958333334 0.018065887353878853
0 0.37905680338541664 0.70403825717322 0.11123860677083333 0.018065887353878853
0 0.4666015625 0.70403825717322 0.054345703125 0.018065887353878853
0 0.53033447265625 0.70403825717322 0.06361490885416667 0.018065887353878853
0 0.5979410807291666 0.70403825717322 0.062093098958333336 0.018065887353878853
0 0.6638468424479167 0.70403825717322 0.06021321614583333 0.018065887353878853
0 0.7399129231770833 0.70403825717322 0.08241373697916667 0.018065887353878853
0 0.8573811848958334 0.70403825717322 0.143017578125 0.018065887353878853
0 0.961279296875 0.70403825717322 0.0552734375 0.018065887353878853
0 0.054361979166666664 0.7221041445270988 0.056559244791666664 0.018065887353878853
0 0.10797526041666666 0.7221041445270988 0.041162109375 0.018065887353878853
0 0.19436848958333333 0.7221041445270988 0.122119140625 0.018065887353878853
0 0.315869140625 0.7221041445270988 0.111376953125 0.018065887353878853
0 0.40452473958333335 0.7221041445270988 0.05642903645833333 0.018065887353878853
0 0.44908447265625 0.7221041445270988 0.023185221354166667 0.018065887353878853
0 0.5005289713541666 0.7221041445270988 0.07019856770833334 0.018065887353878853
0 0.5725870768229167 0.7221041445270988 0.06441243489583333 0.018065887353878853
0 0.63663330078125 0.7221041445270988 0.0541748046875 0.018065887353878853
0 0.6966023763020833 0.7221041445270988 0.056258138020833334 0.018065887353878853
0 0.7543212890625 0.7221041445270988 0.04967447916666667 0.018065887353878853
0 0.057328287760416666 0.7401700318809776 0.06249186197916667 0.018065887353878853
0 0.14003092447916668 0.7401700318809776 0.014615885416666667 0.018065887353878853
0 0.16345621744791666 0.7401700318809776 0.0227294921875 0.018065887353878853
0 0.1914306640625 0.7401700318809776 0.023714192708333335 0.018065887353878853
0 0.0490966796875 0.8239572263549415 0.04602864583333333 0.018065887353878853
0 0.10626627604166666 0.8239572263549415 0.014615885416666667 0.018065887353878853
0 0.12969156901041667 0.8239572263549415 0.0227294921875 0.018065887353878853
0 0.157666015625 0.8239572263549415 0.023714192708333335 0.018065887353878853
0 0.11414388020833334 0.8420231137088204 0.072216796875 0.018065887353878853
0 0.1932861328125 0.8420231137088204 0.07169596354166667 0.018065887353878853
0 0.26916910807291666 0.8420231137088204 0.07056477864583334 0.018065887353878853
0 0.33902180989583336 0.8420231137088204 0.05963541666666667 0.018065887353878853
0 0.40365804036458336 0.8420231137088204 0.0601318359375 0.018065887353878853
0 0.48913167317708334 0.8420231137088204 0.10131022135416666 0.018065887353878853
0 0.5709391276041667 0.8420231137088204 0.05279947916666667 0.018065887353878853
0 0.6415608723958334 0.8420231137088204 0.07893880208333333 0.018065887353878853
0 0.71986083984375 0.8420231137088204 0.06815592447916667 0.018065887353878853
0 0.7976847330729167 0.8420231137088204 0.07798665364583333 0.018065887353878853
0 0.8762410481770834 0.8420231137088204 0.06962076822916667 0.018065887353878853
0 0.9507853190104166 0.8420231137088204 0.06996256510416667 0.018065887353878853
0 0.06418863932291667 0.8600890010626993 0.07621256510416667 0.018065887353878853
0 0.13916422526041666 0.8600890010626993 0.0642333984375 0.018065887353878853
0 0.21287841796875 0.8600890010626993 0.07368977864583333 0.018065887353878853
0 0.27948404947916666 0.8600890010626993 0.05001627604166667 0.018065887353878853
0 0.34781087239583336 0.8600890010626993 0.07713216145833333 0.018065887353878853
0 0.4262166341145833 0.8600890010626993 0.07017415364583333 0.018065887353878853
0 0.5109415690104167 0.8600890010626993 0.0897705078125 0.018065887353878853
0 0.57022705078125 0.8600890010626993 0.019295247395833333 0.018065887353878853
0 0.6232584635416667 0.8600890010626993 0.07726236979166666 0.018065887353878853
0 0.6966796875 0.8600890010626993 0.060074869791666666 0.018065887353878853
0 0.75982666015625 0.8600890010626993 0.0567138671875 0.018065887353878853
0 0.82744140625 0.8600890010626993 0.06901041666666667 0.018065887353878853
0 0.9000732421875 0.8600890010626993 0.066748046875 0.018065887353878853
0 0.5058268229166667 0.8691219447396387 0.9594889322916667 0.036131774707757705
0 0.09314778645833334 0.8781548884165781 0.03863932291666667 0.018065887353878853
0 0.1493408203125 0.8781548884165781 0.06424153645833333 0.018065887353878853
0 0.22735188802083334 0.8781548884165781 0.082275390625 0.018065887353878853
0 0.30838216145833336 0.8781548884165781 0.07027994791666667 0.018065887353878853
0 0.37652994791666666 0.8781548884165781 0.05651041666666667 0.018065887353878853
0 0.4395222981770833 0.8781548884165781 0.05996907552083333 0.018065887353878853
0 0.5123779296875 0.8781548884165781 0.07623697916666666 0.018065887353878853
0 0.08433024088541667 0.961942082890542 0.11649576822916667 0.018065887353878853
0 0.1775634765625 0.961942082890542 0.014615885416666667 0.018065887353878853
0 0.20098876953125 0.961942082890542 0.0227294921875 0.018065887353878853
0 0.22896321614583334 0.961942082890542 0.023714192708333335 0.018065887353878853
0 0.11414388020833334 0.9800079702444209 0.072216796875 0.018065887353878853
0 0.1947265625 0.9800079702444209 0.07457682291666666 0.018065887353878853
0 0.28714192708333336 0.9800079702444209 0.10074869791666667 0.018065887353878853
0 0.390966796875 0.9800079702444209 0.09739583333333333 0.018065887353878853
0 0.5339803059895833 0.9800079702444209 0.1791259765625 0.018065887353878853
0 0.6739054361979167 0.9800079702444209 0.09121907552083333 0.018065887353878853
0 0.79029541015625 0.9800079702444209 0.1320556640625 0.018065887353878853
0 0.4960734049479167 0.9854875132837407 0.9399820963541666 0.029024973432518596
0 0.11587727864583333 0.9945204569606801 0.08387044270833334 0.010959086078639746
0 0.21077880859375 0.9945204569606801 0.09642740885416666 0.010959086078639746
0 0.3209635416666667 0.9945204569606801 0.11443684895833334 0.010959086078639746
0 0.4016316731770833 0.9945204569606801 0.037394205729166664 0.010959086078639746
0 0.45381266276041665 0.9945204569606801 0.05746256510416667 0.010959086078639746
0 0.5263346354166667 0.9945204569606801 0.078076171875 0.010959086078639746
0 0.6506429036458333 0.9945204569606801 0.16103515625 0.010959086078639746
0 0.7784952799479167 0.9945204569606801 0.08516438802083333 0.010959086078639746
0 0.8995646158854167 0.9945204569606801 0.14746907552083333 0.010959086078639746
