0 0.19607340494791667 0.03772582359192349 0.0588134765625 0.020191285866099893
0 0.24806315104166668 0.03772582359192349 0.04049479166666667 0.020191285866099893
0 0.5 0.04994686503719448 0.15625 0.048884165781083955
11 0.33526611328125 0.1381509032943677 0.029239908854166666 0.04675876726886291
0 0.33526611328125 0.1381509032943677 0.029239908854166666 0.025504782146652496
11 0.37394612630208335 0.1381509032943677 0.027286783854166666 0.04675876726886291
0 0.37394612630208335 0.1381509032943677 0.027286783854166666 0.01700318809776833
11 0.4075520833333333 0.1381509032943677 0.019091796875 0.04675876726886291
0 0.4075520833333333 0.1381509032943677 0.019091796875 0.01700318809776833
11 0.44345296223958336 0.1381509032943677 0.031876627604166666 0.04675876726886291
0 0.44345296223958336 0.1381509032943677 0.031876627604166666 0.01700318809776833
11 0.4852823893229167 0.1381509032943677 0.030948893229166666 0.04675876726886291
0 0.4852823893229167 0.1381509032943677 0.030948893229166666 0.01700318809776833
11 0.51729736328125 0.1381509032943677 0.012247721354166666 0.04675876726886291
0 0.51729736328125 0.1381509032943677 0.012247721354166666 0.01700318809776833
11 0.53773193359375 0.1381509032943677 0.0077880859375 0.04675876726886291
0 0.53773193359375 0.1381509032943677 0.0077880859375 0.01700318809776833
11 0.5867879231770833 0.1381509032943677 0.06949055989583333 0.04675876726886291
0 0.5867879231770833 0.1381509032943677 0.06949055989583333 0.01700318809776833
11 0.6429158528645833 0.1381509032943677 0.021931966145833332 0.04675876726886291
0 0.6429158528645833 0.1381509032943677 0.021931966145833332 0.01700318809776833
11 0.6758585611979167 0.1381509032943677 0.0231201171875 0.04675876726886291
0 0.6758585611979167 0.1381509032943677 0.0231201171875 0.01700318809776833
0 0.4125 0.7550478214665249 0.49166666666666664 0.48990435706695007
0 0.7541666666666667 0.667375132837407 0.15833333333333333 0.09351753453772582
0 0.7541666666666667 0.7863974495217854 0.15833333333333333 0.14452709883103082
0 0.7541666666666667 0.9054197662061636 0.15833333333333333 0.09351753453772582
0 0.7541666666666667 0.9760892667375133 0.15833333333333333 0.04782146652497343
0 0.06536458333333334 0.040382571732199786 0.10572916666666667 0.02975557917109458
0 0.021232096354166667 0.1301806588735388 0.017464192708333333 0.05419766206163656
0 0.028633626302083333 0.21519659936238045 0.032267252604166664 0.08820403825717323
0 0.028157552083333332 0.31721572794899044 0.03131510416666667 0.08820403825717323
0 0.02879638671875 0.4022316684378321 0.0325927734375 0.05419766206163656
11 0.0026936848958333333 0.9436769394261424 0.005387369791666667 0.03400637619553666
0 0.0026936848958333333 0.9436769394261424 0.005387369791666667 0.025504782146652496
11 0.017366536458333335 0.9436769394261424 0.007291666666666667 0.03400637619553666
0 0.017366536458333335 0.9436769394261424 0.007291666666666667 0.025504782146652496
13 0.017366536458333335 0.9426142401700319 0.007291666666666667 0.01700318809776833
11 0.034033203125 0.9436769394261424 0.009375 0.03400637619553666
0 0.034033203125 0.9436769394261424 0.009375 0.025504782146652496
11 0.050699869791666664 0.9436769394261424 0.007291666666666667 0.03400637619553666
0 0.050699869791666664 0.9436769394261424 0.007291666666666667 0.025504782146652496
0 0.062239583333333334 0.040382571732199786 0.09947916666666666 0.02975557917109458
0 0.02535400390625 0.09670563230605739 0.0257080078125 0.025504782146652496
0 0.028763834635416666 0.13071200850159406 0.03252766927083333 0.025504782146652496
0 0.02403564453125 0.1647183846971307 0.0230712890625 0.025504782146652496
0 0.03155517578125 0.19872476089266738 0.0381103515625 0.025504782146652496
0 0.030924479166666668 0.23273113708820403 0.036848958333333334 0.025504782146652496
0 0.019645182291666667 0.2667375132837407 0.014290364583333333 0.025504782146652496
0 0.016971842447916666 0.3007438894792774 0.008943684895833333 0.025504782146652496
0 0.030924479166666668 0.3687566418703507 0.036848958333333334 0.09351753453772582
0 0.02552490234375 0.436769394261424 0.0260498046875 0.025504782146652496
0 0.026371256510416666 0.4707757704569607 0.027742513020833335 0.025504782146652496
0 0.03286946614583333 0.5727948990435706 0.04073893229166667 0.1275239107332625
0 0.03286946614583333 0.6748140276301806 0.04073893229166667 0.05951115834218916
0 0.017708333333333333 0.742826780021254 0.010416666666666666 0.025504782146652496
11 0.0026936848958333333 0.9787460148777896 0.005387369791666667 0.03400637619553666
0 0.0026936848958333333 0.9787460148777896 0.005387369791666667 0.025504782146652496
11 0.017366536458333335 0.9787460148777896 0.007291666666666667 0.03400637619553666
0 0.017366536458333335 0.9787460148777896 0.007291666666666667 0.025504782146652496
13 0.017366536458333335 0.9776833156216791 0.007291666666666667 0.01700318809776833
11 0.034033203125 0.9787460148777896 0.009375 0.03400637619553666
0 0.034033203125 0.9787460148777896 0.009375 0.025504782146652496
11 0.050699869791666664 0.9787460148777896 0.007291666666666667 0.03400637619553666
0 0.050699869791666664 0.9787460148777896 0.007291666666666667 0.025504782146652496
2 0.49999593098958334 0.015409139213602551 0.6666585286458333 0.030818278427205102
