1 0.11666666666666667 0.03506907545164718 0.016666666666666666 0.03400637619553666
6 0.11666666666666667 0.03506907545164718 0.016666666666666666 0.03400637619553666
1 0.11666666666666667 0.03506907545164718 0.016666666666666666 0.03400637619553666
8 0.11666666666666667 0.03506907545164718 0.0005208333333333333 0.0010626992561105207
8 0.16822916666666668 0.06907545164718384 0.12083333333333333 0.03400637619553666
1 0.14672037760416667 0.10683448459086078 0.06114908854166667 0.023379383634431455
0 0.16822916666666668 0.14721705632306056 0.10416666666666667 0.02975557917109458
0 0.16822916666666668 0.17845045164718384 0.10416666666666667 0.02975557917109458
0 0.16822916666666668 0.20968384697130713 0.10416666666666667 0.02975557917109458
0 0.16822916666666668 0.2409172422954304 0.10416666666666667 0.02975557917109458
0 0.16822916666666668 0.27215063761955366 0.10416666666666667 0.02975557917109458
0 0.16822916666666668 0.30338403294367694 0.10416666666666667 0.02975557917109458
0 0.16822916666666668 0.3346174282678002 0.10416666666666667 0.02975557917109458
0 0.16822916666666668 0.4079436769394261 0.10416666666666667 0.02975557917109458
0 0.16822916666666668 0.4391770722635494 0.10416666666666667 0.02975557917109458
0 0.16822916666666668 0.4704104675876727 0.10416666666666667 0.02975557917109458
0 0.16822916666666668 0.5437367162592986 0.10416666666666667 0.02975557917109458
0 0.16822916666666668 0.5749701115834219 0.10416666666666667 0.02975557917109458
0 0.16822916666666668 0.6062035069075452 0.10416666666666667 0.02975557917109458
0 0.16822916666666668 0.6374369022316685 0.10416666666666667 0.02975557917109458
0 0.16822916666666668 0.6686702975557917 0.10416666666666667 0.02975557917109458
0 0.16822916666666668 0.7419965462274176 0.10416666666666667 0.02975557917109458
0 0.16822916666666668 0.7732299415515409 0.10416666666666667 0.02975557917109458
0 0.19010416666666666 0.03506907545164718 0.115625 0.053134962805526036
1 0.3770833333333333 0.03506907545164718 0.24791666666666667 0.03400637619553666
2 0.36400146484375 0.03506907545164718 0.2217529296875 0.03400637619553666
1 0.48769938151041664 0.03506907545164718 0.0266845703125 0.03400637619553666
0 0.75562744140625 0.03506907545164718 0.04418131510416667 0.01700318809776833
0 0.8066162109375 0.03506907545164718 0.049462890625 0.01700318809776833
0 0.8521321614583334 0.03506907545164718 0.03323567708333333 0.01700318809776833
1 0.88125 0.03506907545164718 0.020833333333333332 0.03400637619553666
6 0.88125 0.03506907545164718 0.020833333333333332 0.03400637619553666
1 0.88125 0.03506907545164718 0.016666666666666666 0.03400637619553666
8 0.88125 0.03506907545164718 0.0005208333333333333 0.0010626992561105207
8 0.83125 0.06907545164718384 0.12083333333333333 0.03400637619553666
0 0.8454427083333333 0.09458023379383634 0.06526692708333333 0.01700318809776833
0 0.83125 0.1179596174282678 0.10416666666666667 0.02975557917109458
0 0.83125 0.14771519659936239 0.10416666666666667 0.02975557917109458
0 0.12219645182291666 0.1212971572794899 0.021476236979166667 0.039319872476089264
0 0.16275227864583333 0.1212971572794899 0.04296875 0.039319872476089264
0 0.58809814453125 0.1212971572794899 0.0166259765625 0.039319872476089264
0 0.6258219401041667 0.1212971572794899 0.042154947916666664 0.039319872476089264
0 0.6756998697916666 0.1212971572794899 0.040934244791666664 0.039319872476089264
8 0.7256876627604166 0.11970310839532412 0.042374674479166666 0.036131774707757705
6 0.7256876627604166 0.11970310839532412 0.042374674479166666 0.036131774707757705
1 0.7256876627604166 0.12023445802337938 0.042374674479166666 0.03719447396386823
8 0.7196980794270833 0.12289120616365569 0.0303955078125 0.01700318809776833
8 0.6888509114583333 0.1547721838469713 0.11604817708333333 0.03400637619553666
1 0.7079671223958334 0.16752457492029754 0.06114908854166667 0.023379383634431455
0 0.6888509114583333 0.2456661795961743 0.09938151041666667 0.02975557917109458
0 0.6888509114583333 0.27689957492029754 0.09938151041666667 0.02975557917109458
0 0.6888509114583333 0.3081329702444208 0.09938151041666667 0.02975557917109458
0 0.6888509114583333 0.3393663655685441 0.09938151041666667 0.02975557917109458
0 0.6888509114583333 0.3705997608926674 0.09938151041666667 0.02975557917109458
0 0.6888509114583333 0.40183315621679067 0.09938151041666667 0.02975557917109458
0 0.6888509114583333 0.43306655154091395 0.09938151041666667 0.02975557917109458
0 0.6888509114583333 0.46429994686503717 0.09938151041666667 0.02975557917109458
0 0.6888509114583333 0.49553334218916045 0.09938151041666667 0.02975557917109458
0 0.6888509114583333 0.5688595908607864 0.09938151041666667 0.02975557917109458
0 0.6888509114583333 0.6000929861849097 0.09938151041666667 0.02975557917109458
0 0.6888509114583333 0.631326381509033 0.09938151041666667 0.02975557917109458
0 0.6888509114583333 0.7046526301806588 0.09938151041666667 0.02975557917109458
0 0.6888509114583333 0.7358860255047821 0.09938151041666667 0.02975557917109458
0 0.6888509114583333 0.7671194208289054 0.09938151041666667 0.02975557917109458
0 0.6888509114583333 0.7983528161530287 0.09938151041666667 0.02975557917109458
0 0.6888509114583333 0.829586211477152 0.09938151041666667 0.02975557917109458
0 0.6888509114583333 0.8608196068012752 0.09938151041666667 0.02975557917109458
0 0.6888509114583333 0.8920530021253985 0.09938151041666667 0.02975557917109458
0 0.6888509114583333 0.9232863974495218 0.09938151041666667 0.02975557917109458
0 0.6888509114583333 0.9545197927736451 0.09938151041666667 0.02975557917109458
0 0.6888509114583333 0.9854376992561105 0.09938151041666667 0.02912460148777896
1 0.8279622395833334 0.1571134431455898 0.045166015625 0.023379383634431455
7 0.7729166666666667 0.23738044633368757 0.010416666666666666 0.021253985122210415
5 0.8239583333333333 0.23738044633368757 0.1125 0.021253985122210415
7 0.7729166666666667 0.27138682252922425 0.010416666666666666 0.021253985122210415
5 0.8239583333333333 0.27138682252922425 0.1125 0.021253985122210415
7 0.7729166666666667 0.3053931987247609 0.010416666666666666 0.021253985122210415
5 0.8239583333333333 0.3053931987247609 0.1125 0.021253985122210415
7 0.7729166666666667 0.3829702444208289 0.010416666666666666 0.021253985122210415
5 0.8239583333333333 0.3829702444208289 0.1125 0.021253985122210415
7 0.7729166666666667 0.4169766206163656 0.010416666666666666 0.021253985122210415
5 0.8239583333333333 0.4169766206163656 0.1125 0.021253985122210415
0 0.34659016927083336 0.18665316153028694 0.06349283854166667 0.03400637619553666
0 0.24705810546875 0.2233162858660999 0.0440185546875 0.018065887353878853
0 0.28205973307291665 0.2233162858660999 0.021573893229166665 0.018065887353878853
0 0.3661376953125 0.2233162858660999 0.10343424479166667 0.018065887353878853
0 0.61676025390625 0.1873837672688629 0.05414225260416667 0.018065887353878853
0 0.7030192057291667 0.1873837672688629 0.06643880208333333 0.018065887353878853
0 0.28069661458333334 0.25393530818278426 0.028255208333333334 0.019128586609989374
0 0.3177571614583333 0.25393530818278426 0.031966145833333334 0.019128586609989374
0 0.3485636393229167 0.25393530818278426 0.0157470703125 0.019128586609989374
0 0.37775065104166666 0.25393530818278426 0.028727213541666668 0.019128586609989374
0 0.40948486328125 0.25393530818278426 0.020841471354166665 0.019128586609989374
0 0.44446207682291666 0.25393530818278426 0.03521321614583333 0.019128586609989374
0 0.48870442708333334 0.25393530818278426 0.03937174479166667 0.019128586609989374
0 0.523681640625 0.25393530818278426 0.016682942708333332 0.019128586609989374
0 0.56536865234375 0.25393530818278426 0.05279134114583333 0.019128586609989374
0 0.15182291666666667 0.4392268862911796 0.06510416666666667 0.019128586609989374
0 0.2504638671875 0.3715462274176408 0.1046875 0.019128586609989374
0 0.42326253255208335 0.3715462274176408 0.042618815104166666 0.019128586609989374
0 0.22313232421875 0.39874468650371947 0.0500244140625 0.019128586609989374
0 0.244140625 0.42594314558979807 0.032731119791666666 0.019128586609989374
0 0.27313639322916666 0.42594314558979807 0.016455078125 0.019128586609989374
0 0.29966634114583335 0.42594314558979807 0.02734375 0.019128586609989374
0 0.32271728515625 0.46674083421891605 0.2491943359375 0.04632704569606801
0 0.26019694010416666 0.48034006376195537 0.07781575520833334 0.019128586609989374
0 0.3838623046875 0.48034006376195537 0.033365885416666664 0.019128586609989374
0 0.2946980794270833 0.5347369819341127 0.05975748697916667 0.019128586609989374
0 0.13687744140625 0.5619354410201913 0.0393798828125 0.019128586609989374
0 0.27121175130208336 0.5619354410201913 0.031013997395833333 0.019128586609989374
0 0.35341796875 0.5619354410201913 0.040755208333333334 0.019128586609989374
0 0.2758382161458333 0.6027331296493093 0.3173014322916667 0.04632704569606801
0 0.30270182291666664 0.6707292773645058 0.093115234375 0.019128586609989374
0 0.2793172200520833 0.6843285069075452 0.3242594401041667 0.04632704569606801
0 0.19717610677083333 0.6979277364505845 0.026871744791666666 0.019128586609989374
0 0.27059733072916664 0.6979277364505845 0.07179361979166667 0.019128586609989374
0 0.34539388020833334 0.6979277364505845 0.06298828125 0.019128586609989374
0 0.2560302734375 0.7410666843783209 0.09508463541666666 0.01700318809776833
0 0.3579833984375 0.7410666843783209 0.092138671875 0.01700318809776833
0 0.28334147135416665 0.753312632837407 0.33230794270833336 0.041495085015940486
0 0.2556640625 0.8064060839532412 0.021305338541666666 0.019128586609989374
0 0.31842447916666666 0.8064060839532412 0.085986328125 0.019128586609989374
0 0.37855224609375 0.8064060839532412 0.024080403645833335 0.019128586609989374
0 0.4262491861979167 0.8064060839532412 0.0453857421875 0.019128586609989374
0 0.4152587890625 0.9984723698193412 0.07291666666666667 0.003055260361317747
0 0.186572265625 0.9280519394261424 0.05188802083333333 0.019128586609989374
0 0.2485595703125 0.9280519394261424 0.06744791666666666 0.019128586609989374
0 0.32856852213541665 0.955250398512221 0.018074544270833333 0.019128586609989374
0 0.16457112630208334 0.9841425345377258 0.06810709635416666 0.019128586609989374
0 0.2516560872395833 0.9841425345377258 0.0291748046875 0.019128586609989374
0 0.33572998046875 0.9841425345377258 0.07134602864583334 0.019128586609989374
0 0.47255045572916665 0.36304463336875664 0.008333333333333333 0.019128586609989374
0 0.49299723307291665 0.5063761955366631 0.04922688802083333 0.015940488841657812
0 0.5258829752604167 0.5063761955366631 0.0078857421875 0.015940488841657812
0 0.5588216145833333 0.5063761955366631 0.03937174479166667 0.015940488841657812
0 0.58677978515625 0.5063761955366631 0.0078857421875 0.015940488841657812
0 0.6661051432291667 0.5063761955366631 0.13214518229166666 0.015940488841657812
0 0.47468668619791665 0.5335746546227418 0.0078857421875 0.015940488841657812
0 0.5376871744791667 0.5335746546227418 0.09949544270833334 0.015940488841657812
0 0.5957071940104167 0.5335746546227418 0.0078857421875 0.015940488841657812
0 0.63553466796875 0.5335746546227418 0.0531494140625 0.015940488841657812
0 0.6703816731770833 0.5335746546227418 0.0078857421875 0.015940488841657812
0 0.5988362630208334 0.547173884165781 0.2609049479166667 0.043138947927736454
0 0.49477945963541664 0.5607731137088204 0.0078857421875 0.015940488841657812
0 0.5524617513020833 0.5607731137088204 0.08885904947916666 0.015940488841657812
0 0.60516357421875 0.5607731137088204 0.0078857421875 0.015940488841657812
0 0.5895426432291667 0.5743723432518597 0.24231770833333333 0.043138947927736454
0 0.51800537109375 0.5879715727948991 0.0078857421875 0.015940488841657812
0 0.55179443359375 0.5879715727948991 0.04107259114583333 0.015940488841657812
0 0.58060302734375 0.5879715727948991 0.0078857421875 0.015940488841657812
0 0.6137451171875 0.5879715727948991 0.039778645833333334 0.015940488841657812
0 0.64190673828125 0.5879715727948991 0.0078857421875 0.015940488841657812
0 0.4855143229166667 0.6542574388947928 0.034261067708333336 0.015940488841657812
0 0.5109171549479167 0.6542574388947928 0.0078857421875 0.015940488841657812
0 0.5450439453125 0.6542574388947928 0.041748046875 0.015940488841657812
0 0.5741902669270833 0.6542574388947928 0.0078857421875 0.015940488841657812
0 0.61912841796875 0.6542574388947928 0.06337076822916667 0.015940488841657812
0 0.6590861002604167 0.6542574388947928 0.0078857421875 0.015940488841657812
0 0.6975423177083333 0.6542574388947928 0.05040690104166667 0.015940488841657812
0 0.73101806640625 0.6542574388947928 0.0078857421875 0.015940488841657812
0 0.4873860677083333 0.6814558979808714 0.028743489583333334 0.015940488841657812
0 0.5100301106770834 0.6814558979808714 0.0078857421875 0.015940488841657812
0 0.5322998046875 0.7081230074388948 0.12783203125 0.019128586609989374
0 0.6673014322916667 0.7081230074388948 0.128271484375 0.019128586609989374
0 0.4901529947916667 0.8161696333687567 0.043538411458333336 0.019128586609989374
0 0.7071695963541667 0.9100690754516472 0.036458333333333336 0.01700318809776833
0 0.7071695963541667 0.9868324920297555 0.06795247395833333 0.01700318809776833
0 0.4886678059895833 0.8603712805526036 0.013907877604166667 0.019128586609989374
0 0.5303507486979167 0.8603712805526036 0.054646809895833336 0.019128586609989374
0 0.5380045572916666 0.8875697396386822 0.02734375 0.019128586609989374
0 0.6336629231770833 0.8875697396386822 0.0213134765625 0.019128586609989374
0 0.49098307291666665 0.9436603347502657 0.018538411458333334 0.019128586609989374
0 0.5965983072916666 0.9436603347502657 0.027799479166666665 0.019128586609989374
0 0.54970703125 0.9708587938363443 0.03544921875 0.019128586609989374
0 0.49098307291666665 0.9950933182784272 0.018538411458333334 0.00981336344314559
0 0.5651082356770833 0.9950933182784272 0.037980143229166666 0.00981336344314559
0 0.6044881184895833 0.9950933182784272 0.03614095052083333 0.00981336344314559
