0 0.07265625 0.031880977683315624 0.0890625 0.031880977683315624
1 0.17117513020833333 0.031880977683315624 0.06630859375 0.03825717321997875
1 0.23451334635416668 0.031880977683315624 0.047867838541666666 0.03825717321997875
1 0.28201904296875 0.031880977683315624 0.0346435546875 0.03825717321997875
1 0.32152913411458334 0.031880977683315624 0.031876627604166666 0.03825717321997875
1 0.89990234375 0.031880977683315624 0.057291666666666664 0.03825717321997875
1 0.9533365885416667 0.031880977683315624 0.03707682291666667 0.03825717321997875
0 0.09166666666666666 0.12114771519659936 0.14583333333333334 0.08501594048884166
0 0.09166666666666666 0.2104144527098831 0.14583333333333334 0.08501594048884166
0 0.24166666666666667 0.12114771519659936 0.14583333333333334 0.08501594048884166
0 0.24166666666666667 0.2104144527098831 0.14583333333333334 0.08501594048884166
0 0.39166666666666666 0.12114771519659936 0.14583333333333334 0.08501594048884166
0 0.39166666666666666 0.2104144527098831 0.14583333333333334 0.08501594048884166
0 0.5416666666666666 0.12114771519659936 0.14583333333333334 0.08501594048884166
0 0.09895833333333333 0.16153028692879914 0.14583333333333334 0.08501594048884166
0 0.09895833333333333 0.2507970244420829 0.14583333333333334 0.08501594048884166
0 0.09895833333333333 0.34006376195536664 0.14583333333333334 0.08501594048884166
0 0.09895833333333333 0.4293304994686504 0.14583333333333334 0.08501594048884166
0 0.26145833333333335 0.16153028692879914 0.14583333333333334 0.08501594048884166
0 0.26145833333333335 0.2507970244420829 0.14583333333333334 0.08501594048884166
0 0.26145833333333335 0.34006376195536664 0.14583333333333334 0.08501594048884166
0 0.4239583333333333 0.16153028692879914 0.14583333333333334 0.08501594048884166
1 0.25 0.38449787460148777 0.13020833333333334 0.05951115834218916
1 0.3854166666666667 0.38449787460148777 0.13020833333333334 0.05951115834218916
