0 0.013020833333333334 0.026567481402763018 0.026041666666666668 0.053134962805526036
0 0.05242513020833333 0.025546293836344314 0.03193359375 0.05109258767268863
1 0.09182942708333333 0.026301806588735387 0.015625 0.031880977683315624
2 0.49114583333333334 0.026567481402763018 0.18541666666666667 0.03825717321997875
1 0.5927083333333333 0.026567481402763018 0.017708333333333333 0.03825717321997875
1 0.5927083333333333 0.026567481402763018 0.0125 0.025504782146652496
1 0.8896402994791667 0.026567481402763018 0.015625 0.031880977683315624
1 0.9177978515625 0.026567481402763018 0.0302734375 0.031880977683315624
1 0.9560506184895833 0.026567481402763018 0.0358154296875 0.031880977683315624
1 0.9869791666666666 0.026567481402763018 0.015625 0.031880977683315624
1 0.9869791666666666 0.026567481402763018 0.015625 0.031880977683315624
1 0.11197916666666667 0.07970244420828905 0.015625 0.031880977683315624
0 0.0625 0.1187981535600425 0.125 0.045048485653560046
0 0.0625 0.16384663921360254 0.125 0.045048485653560046
0 0.0625 0.20889512486716258 0.125 0.045048485653560046
0 0.0625 0.2539436105207226 0.125 0.045048485653560046
0 0.0625 0.2989920961742827 0.125 0.045048485653560046
0 0.0625 0.3440405818278427 0.125 0.045048485653560046
0 0.0625 0.38908906748140276 0.125 0.045048485653560046
0 0.0625 0.43413755313496283 0.125 0.045048485653560046
0 0.0625 0.47918603878852284 0.125 0.045048485653560046
0 0.0625 0.5242345244420828 0.125 0.045048485653560046
1 0.15 0.23379383634431455 0.01875 0.03825717321997875
1 0.975 0.23379383634431455 0.01875 0.03825717321997875
1 0.55523681640625 0.11158342189160468 0.12910970052083334 0.053134962805526036
1 0.3802083333333333 0.366365568544102 0.015625 0.031880977683315624
1 0.3958333333333333 0.3660998937300744 0.015625 0.031880977683315624
5 0.40338541666666666 0.366365568544102 0.0005208333333333333 0.0010626992561105207
2 0.4322916666666667 0.366365568544102 0.057291666666666664 0.01700318809776833
1 0.6145833333333334 0.3660998937300744 0.015625 0.031880977683315624
1 0.6302083333333334 0.366365568544102 0.015625 0.031880977683315624
0 0.7161458333333334 0.09537725823591924 0.07291666666666667 0.020722635494155154
0 0.7161458333333334 0.11609989373007439 0.07291666666666667 0.020722635494155154
0 0.674853515625 0.16843783209351754 0.05283203125 0.021253985122210415
0 0.7201009114583333 0.16843783209351754 0.032454427083333334 0.021253985122210415
0 0.16991373697916667 0.4675876726886291 0.058577473958333334 0.023379383634431455
0 0.2359375 0.7122658740701382 0.13854166666666667 0.04441750797024442
1 0.2359375 0.6989821333687567 0.13854166666666667 0.017850026567481404
0 0.18087565104166667 0.7440389213602551 0.02841796875 0.01700318809776833
0 0.18966471354166667 0.7711377523910733 0.04599609375 0.021253985122210415
0 0.231494140625 0.7711377523910733 0.032454427083333334 0.021253985122210415
0 0.15104166666666666 0.7113111052072264 0.020833333333333332 0.04250797024442083
0 0.22291666666666668 0.5849827311370882 0.16458333333333333 0.18889479277364507
0 0.40572916666666664 0.7122658740701382 0.13854166666666667 0.04441750797024442
1 0.40572916666666664 0.6989821333687567 0.13854166666666667 0.017850026567481404
0 0.3571370442708333 0.7440389213602551 0.041357421875 0.01700318809776833
0 0.3490234375 0.7711377523910733 0.025130208333333334 0.021253985122210415
0 0.380419921875 0.7711377523910733 0.032454427083333334 0.021253985122210415
0 0.4256673177083333 0.7711377523910733 0.05283203125 0.021253985122210415
0 0.32083333333333336 0.7113111052072264 0.020833333333333332 0.04250797024442083
0 0.3927083333333333 0.5849827311370882 0.16458333333333333 0.18889479277364507
0 0.5755208333333334 0.7122658740701382 0.13854166666666667 0.04441750797024442
1 0.5755208333333334 0.6989821333687567 0.13854166666666667 0.017850026567481404
0 0.5241780598958333 0.7440389213602551 0.03585611979166667 0.01700318809776833
0 0.5180216471354167 0.7711377523910733 0.023543294270833334 0.021253985122210415
0 0.54996337890625 0.7711377523910733 0.0351318359375 0.021253985122210415
0 0.58397216796875 0.7711377523910733 0.027677408854166665 0.021253985122210415
0 0.6166422526041667 0.7711377523910733 0.032454427083333334 0.021253985122210415
0 0.490625 0.7113111052072264 0.020833333333333332 0.04250797024442083
0 0.5625 0.5849827311370882 0.16458333333333333 0.18889479277364507
0 0.7453125 0.7122658740701382 0.13854166666666667 0.04441750797024442
1 0.7453125 0.6989821333687567 0.13854166666666667 0.017850026567481404
0 0.6886800130208334 0.7440389213602551 0.025276692708333333 0.01700318809776833
0 0.6922688802083333 0.7711377523910733 0.032454427083333334 0.021253985122210415
0 0.6604166666666667 0.7113111052072264 0.020833333333333332 0.04250797024442083
0 0.7322916666666667 0.5849827311370882 0.16458333333333333 0.18889479277364507
0 0.9151041666666667 0.7122658740701382 0.13854166666666667 0.04441750797024442
1 0.9151041666666667 0.6989821333687567 0.13854166666666667 0.017850026567481404
0 0.8805867513020833 0.7440389213602551 0.0695068359375 0.01700318809776833
0 0.862060546875 0.7711377523910733 0.032454427083333334 0.021253985122210415
0 0.896923828125 0.7711377523910733 0.032063802083333336 0.021253985122210415
0 0.9311808268229167 0.7711377523910733 0.031241861979166667 0.021253985122210415
0 0.8302083333333333 0.7113111052072264 0.020833333333333332 0.04250797024442083
0 0.9020833333333333 0.5849827311370882 0.16458333333333333 0.18889479277364507
1 0.5625 0.8136457226354942 0.06009114583333333 0.031880977683315624
0 0.20097249348958332 0.8614671891604676 0.12069498697916667 0.023379383634431455
0 0.22291666666666668 0.9422074256110521 0.16458333333333333 0.11558514877789586
0 0.3927083333333333 0.9422074256110521 0.16458333333333333 0.11558514877789586
0 0.5625 0.9422074256110521 0.16458333333333333 0.11558514877789586
0 0.7322916666666667 0.9422074256110521 0.16458333333333333 0.11558514877789586
0 0.9020833333333333 0.9422074256110521 0.16458333333333333 0.11558514877789586
1 0.95084228515625 0.9681190223166843 0.0358154296875 0.031880977683315624
