0 0.5896402994791666 0.03134962805526036 0.03787434895833333 0.022316684378320937
11 0.33494873046875 0.12380446333687567 0.0417724609375 0.053134962805526036
8 0.33494873046875 0.12274176408076515 0.0417724609375 0.018065887353878853
0 0.3634521484375 0.16790648246546228 0.098779296875 0.03506907545164718
11 0.3634521484375 0.1742826780021254 0.09044596354166666 0.022316684378320937
0 0.3634521484375 0.20297555791710944 0.098779296875 0.03506907545164718
11 0.3634521484375 0.20935175345377258 0.09044596354166666 0.022316684378320937
0 0.3634521484375 0.23804463336875664 0.098779296875 0.03506907545164718
11 0.3634521484375 0.24442082890541977 0.09044596354166666 0.022316684378320937
0 0.3634521484375 0.2731137088204038 0.098779296875 0.03506907545164718
11 0.3634521484375 0.27948990435706694 0.09044596354166666 0.022316684378320937
0 0.3634521484375 0.30818278427205104 0.098779296875 0.03506907545164718
11 0.3634521484375 0.3145589798087141 0.09044596354166666 0.022316684378320937
11 0.38400065104166664 0.12380446333687567 0.022998046875 0.053134962805526036
0 0.38400065104166664 0.12380446333687567 0.022998046875 0.053134962805526036
11 0.43601888020833335 0.12380446333687567 0.047705078125 0.053134962805526036
8 0.43601888020833335 0.12274176408076515 0.047705078125 0.018065887353878853
0 0.4548828125 0.16790648246546228 0.08543294270833333 0.03506907545164718
11 0.4548828125 0.1742826780021254 0.077099609375 0.022316684378320937
0 0.4548828125 0.20297555791710944 0.08543294270833333 0.03506907545164718
11 0.4548828125 0.20935175345377258 0.077099609375 0.022316684378320937
0 0.4548828125 0.23804463336875664 0.08543294270833333 0.03506907545164718
11 0.4548828125 0.24442082890541977 0.077099609375 0.022316684378320937
0 0.4548828125 0.2731137088204038 0.08543294270833333 0.03506907545164718
11 0.4548828125 0.27948990435706694 0.077099609375 0.022316684378320937
0 0.4548828125 0.30818278427205104 0.08543294270833333 0.03506907545164718
11 0.4548828125 0.3145589798087141 0.077099609375 0.022316684378320937
0 0.4548828125 0.3432518597236982 0.08543294270833333 0.03506907545164718
11 0.4548828125 0.34962805526036134 0.077099609375 0.022316684378320937
11 0.48660481770833336 0.12380446333687567 0.020133463541666667 0.053134962805526036
0 0.48660481770833336 0.12380446333687567 0.020133463541666667 0.053134962805526036
11 0.531640625 0.12380446333687567 0.036604817708333334 0.053134962805526036
0 0.531640625 0.12380446333687567 0.036604817708333334 0.053134962805526036
8 0.7096232096354167 0.12274176408076515 0.03179524739583333 0.018065887353878853
0 0.7291015625 0.16790648246546228 0.070751953125 0.03506907545164718
11 0.7291015625 0.1742826780021254 0.062418619791666664 0.022316684378320937
0 0.7291015625 0.20297555791710944 0.070751953125 0.03506907545164718
11 0.7291015625 0.20935175345377258 0.062418619791666664 0.022316684378320937
11 0.7643229166666666 0.12380446333687567 0.0578125 0.053134962805526036
0 0.7643229166666666 0.12380446333687567 0.0578125 0.053134962805526036
0 0.21848958333333332 0.675345377258236 0.08697916666666666 0.05100956429330499
