1 0.015625 0.036131774707757705 0.03125 0.07226354941551541
1 0.021875 0.036131774707757705 0.01875 0.03825717321997875
1 0.021875 0.036131774707757705 0.010416666666666666 0.021253985122210415
0 0.0859375 0.036131774707757705 0.09270833333333334 0.07226354941551541
1 0.975 0.036131774707757705 0.05 0.07226354941551541
1 0.975 0.036131774707757705 0.05 0.07226354941551541
1 0.9572916666666667 0.036131774707757705 0.014583333333333334 0.02975557917109458
1 0.9572916666666667 0.036131774707757705 0.014583333333333334 0.02975557917109458
1 0.9802083333333333 0.036131774707757705 0.014583333333333334 0.02975557917109458
1 0.9802083333333333 0.036131774707757705 0.014583333333333334 0.02975557917109458
1 0.41620279947916666 0.036131774707757705 0.08515625 0.040382571732199786
13 0.4462809244791667 0.036131774707757705 0.008333333333333333 0.018065887353878853
8 0.41620279947916666 0.14558979808714134 0.14296875 0.19553666312433582
8 0.41620279947916666 0.1311354277364506 0.14296875 0.14962473432518597
0 0.41620279947916666 0.09032943676939426 0.13880208333333333 0.05100956429330499
8 0.40370279947916665 0.09032943676939426 0.10130208333333333 0.025504782146652496
0 0.41620279947916666 0.15834218916046758 0.13880208333333333 0.05100956429330499
8 0.39541015625 0.15834218916046758 0.084716796875 0.025504782146652496
0 0.41620279947916666 0.20935175345377258 0.13880208333333333 0.05100956429330499
8 0.38953043619791666 0.20935175345377258 0.07295735677083333 0.025504782146652496
0 0.47996826171875 0.036131774707757705 0.042374674479166666 0.040382571732199786
0 0.5258382161458334 0.036131774707757705 0.049365234375 0.040382571732199786
1 0.5884480794270833 0.036131774707757705 0.0758544921875 0.040382571732199786
13 0.6097086588541667 0.036131774707757705 0.008333333333333333 0.018065887353878853
8 0.5884440104166667 0.18809776833156217 0.09583333333333334 0.28055260361317746
8 0.58468017578125 0.16514180393198724 0.0883056640625 0.2176374867162593
0 0.58468017578125 0.09032943676939426 0.08413899739583333 0.05100956429330499
8 0.55302734375 0.09032943676939426 0.008333333333333333 0.018065887353878853
8 0.57843017578125 0.09032943676939426 0.034138997395833336 0.025504782146652496
0 0.58468017578125 0.14133900106269925 0.08413899739583333 0.05100956429330499
8 0.55302734375 0.14133900106269925 0.008333333333333333 0.018065887353878853
8 0.5691446940104167 0.14133900106269925 0.015568033854166666 0.025504782146652496
0 0.58468017578125 0.19234856535600425 0.08413899739583333 0.05100956429330499
8 0.55302734375 0.19234856535600425 0.008333333333333333 0.018065887353878853
8 0.5714396158854167 0.19234856535600425 0.020157877604166666 0.025504782146652496
0 0.58468017578125 0.24335812964930925 0.08413899739583333 0.05100956429330499
8 0.55302734375 0.24335812964930925 0.008333333333333333 0.018065887353878853
8 0.5741617838541667 0.24335812964930925 0.025602213541666665 0.025504782146652496
0 0.58468017578125 0.29436769394261425 0.08413899739583333 0.05100956429330499
8 0.55302734375 0.29436769394261425 0.008333333333333333 0.018065887353878853
8 0.5713460286458333 0.29436769394261425 0.019970703125 0.025504782146652496
0 0.2781575520833333 0.5308182784272051 0.3229166666666667 0.18597236981934112
1 0.12190755208333333 0.7332624867162593 0.010416666666666666 0.025504782146652496
1 0.13857421875 0.7332624867162593 0.022916666666666665 0.025504782146652496
1 0.15524088541666667 0.7332624867162593 0.010416666666666666 0.025504782146652496
1 0.16565755208333333 0.7332624867162593 0.010416666666666666 0.025504782146652496
1 0.8564778645833333 0.8947927736450585 0.0537109375 0.03825717321997875
0 0.20780029296875 0.9803400637619554 0.18226725260416668 0.039319872476089264
0 0.4025675455729167 0.9803400637619554 0.18226725260416668 0.039319872476089264
0 0.5655029296875 0.27799548352816156 0.050048828125 0.018065887353878853
1 0.5 0.37416976620616366 0.30104166666666665 0.06376195536663125
1 0.49789225260416664 0.3677935706695005 0.08333333333333333 0.05100956429330499
1 0.58958740234375 0.3677935706695005 0.08755696614583333 0.05100956429330499
1 0.40830891927083335 0.3677935706695005 0.08333333333333333 0.05100956429330499
