0 0.06731770833333334 0.040382571732199786 0.08463541666666667 0.04675876726886291
1 0.6844319661458333 0.040382571732199786 0.016666666666666666 0.03400637619553666
1 0.7246175130208333 0.040382571732199786 0.05120442708333333 0.04675876726886291
1 0.7690958658854167 0.040382571732199786 0.03775227864583333 0.04675876726886291
1 0.8051025390625 0.040382571732199786 0.034261067708333336 0.04675876726886291
0 0.8526123046875 0.040382571732199786 0.06075846354166667 0.04675876726886291
1 0.9069986979166667 0.040382571732199786 0.048014322916666664 0.04675876726886291
0 0.9530029296875 0.040382571732199786 0.043994140625 0.04675876726886291
5 0.1421875 0.12858660998937302 0.21666666666666667 0.025504782146652496
2 0.1421875 0.1849096705632306 0.21666666666666667 0.053134962805526036
5 0.0830322265625 0.24973432518597238 0.09835611979166667 0.025504782146652496
8 0.09596354166666667 0.30626494420828904 0.12421875 0.05355007970244421
2 0.13893229166666668 0.3083903427205101 0.0005208333333333333 0.02591989904357067
2 0.20690104166666667 0.30605738575983 0.08723958333333333 0.053134962805526036
1 0.1421875 0.41380512752391074 0.21666666666666667 0.05951115834218916
0 0.17882893880208334 0.4951016206163656 0.051896158854166666 0.015940488841657812
0 0.22957356770833334 0.4951016206163656 0.04339192708333333 0.015940488841657812
1 0.34127604166666664 0.3372907810839532 0.13046875 0.040382571732199786
1 0.476953125 0.3372907810839532 0.13046875 0.040382571732199786
13 0.4096598307291667 0.4424980074388948 0.010416666666666666 0.01700318809776833
1 0.9058430989583334 0.9155154091392136 0.050699869791666664 0.03294367693942614
1 0.9538777669270834 0.9155154091392136 0.034952799479166664 0.03294367693942614
0 0.14012858072916667 0.9824654622741764 0.028125 0.020191285866099893
0 0.19357096354166667 0.9824654622741764 0.06009114583333333 0.020191285866099893
0 0.2600179036458333 0.9824654622741764 0.05413411458333333 0.020191285866099893
1 0.33227132161458334 0.9829968119022316 0.0717041015625 0.025504782146652496
