1 0.5 0.01381509032943677 0.009375 0.010626992561105207
1 0.22787272135416667 0.04250797024442083 0.047412109375 0.036131774707757705
8 0.2751871744791667 0.04250797024442083 0.047216796875 0.036131774707757705
1 0.2772705078125 0.04250797024442083 0.043050130208333336 0.036131774707757705
8 0.29202473958333336 0.04357066950053135 0.004166666666666667 0.005313496280552604
8 0.403662109375 0.17056323060573858 0.32916666666666666 0.1689691817215728
8 0.403662109375 0.12433581296493093 0.3125 0.04250797024442083
0 0.32449544270833336 0.19606801275239108 0.15416666666666667 0.08395324123273114
8 0.32690836588541666 0.04250797024442083 0.0562255859375 0.036131774707757705
1 0.32899169921875 0.04250797024442083 0.05205891927083333 0.036131774707757705
8 0.34825032552083335 0.04357066950053135 0.004166666666666667 0.005313496280552604
8 0.45087890625 0.2964930924548353 0.32916666666666666 0.4208289054197662
8 0.45087890625 0.12433581296493093 0.3125 0.04250797024442083
0 0.3717122395833333 0.19606801275239108 0.15416666666666667 0.08395324123273114
0 0.3717122395833333 0.28002125398512223 0.15416666666666667 0.08395324123273114
0 0.3717122395833333 0.36397449521785336 0.15416666666666667 0.08395324123273114
0 0.3717122395833333 0.4479277364505845 0.15416666666666667 0.08395324123273114
0 0.5300455729166667 0.19606801275239108 0.15416666666666667 0.08395324123273114
0 0.5300455729166667 0.28002125398512223 0.15416666666666667 0.08395324123273114
0 0.5300455729166667 0.36397449521785336 0.15416666666666667 0.08395324123273114
0 0.5300455729166667 0.4479277364505845 0.15416666666666667 0.08395324123273114
0 0.5 0.04250797024442083 0.0546875 0.03825717321997875
8 0.6458089192708333 0.04250797024442083 0.039078776041666666 0.036131774707757705
1 0.6458089192708333 0.04250797024442083 0.039078776041666666 0.036131774707757705
8 0.6585774739583333 0.04357066950053135 0.004166666666666667 0.005313496280552604
8 0.6322916666666667 0.2763018065887354 0.32916666666666666 0.38257173219978746
8 0.6322916666666667 0.12327311370882041 0.3125 0.04250797024442083
0 0.553125 0.18278427205100956 0.15416666666666667 0.05951115834218916
0 0.553125 0.24229543039319873 0.15416666666666667 0.05951115834218916
0 0.553125 0.3018065887353879 0.15416666666666667 0.05951115834218916
0 0.553125 0.361317747077577 0.15416666666666667 0.05951115834218916
0 0.553125 0.4208289054197662 0.15416666666666667 0.05951115834218916
0 0.7114583333333333 0.18278427205100956 0.15416666666666667 0.05951115834218916
0 0.7114583333333333 0.24229543039319873 0.15416666666666667 0.05951115834218916
0 0.7114583333333333 0.3018065887353879 0.15416666666666667 0.05951115834218916
0 0.7114583333333333 0.361317747077577 0.15416666666666667 0.05951115834218916
1 0.68662109375 0.04250797024442083 0.03421223958333333 0.036131774707757705
1 0.7518636067708333 0.04250797024442083 0.07960611979166667 0.03400637619553666
1 0.5 0.4512154622741764 0.1125 0.05951115834218916
1 0.2705281575520833 0.9168935972369819 0.1243896484375 0.04250797024442083
1 0.7625 0.9168935972369819 0.016666666666666666 0.03400637619553666
1 0.7833333333333333 0.9168935972369819 0.016666666666666666 0.03400637619553666
0 0.35 0.9775753852284803 0.2916666666666667 0.04484922954303932
0 0.5770833333333333 0.9775753852284803 0.14583333333333334 0.04484922954303932
0 0.7229166666666667 0.9775753852284803 0.14583333333333334 0.04484922954303932
