0 0.0033854166666666668 0.006907545164718385 0.0005208333333333333 0.0010626992561105207
1 0.5 0.03825717321997875 0.546875 0.0765143464399575
0 0.2713541666666667 0.03825717321997875 0.08958333333333333 0.0765143464399575
2 0.3976969401041667 0.038788522848034 0.16310221354166668 0.040382571732199786
1 0.5052897135416666 0.039319872476089264 0.041666666666666664 0.04144527098831031
11 0.5887044270833334 0.03772582359192349 0.052083333333333336 0.04782146652497343
0 0.5887044270833334 0.03772582359192349 0.052083333333333336 0.04782146652497343
11 0.63907470703125 0.03825717321997875 0.03824055989583333 0.0765143464399575
0 0.6393351236979167 0.03825717321997875 0.0377197265625 0.0765143464399575
11 0.6773152669270833 0.03825717321997875 0.03824055989583333 0.0765143464399575
0 0.67757568359375 0.03825717321997875 0.0377197265625 0.0765143464399575
11 0.7155558268229166 0.03825717321997875 0.03824055989583333 0.0765143464399575
0 0.7158162434895833 0.03825717321997875 0.0377197265625 0.0765143464399575
11 0.75379638671875 0.03825717321997875 0.03824055989583333 0.0765143464399575
0 0.7540568033854167 0.03825717321997875 0.0377197265625 0.0765143464399575
2 0.37315673828125 0.39595510095642933 0.2249267578125 0.053134962805526036
2 0.25052083333333336 0.39329835281615305 0.015625 0.039319872476089264
0 0.27647298177083335 0.6921244022316685 0.083154296875 0.2556954038257173
1 0.26128743489583334 0.7871778692879915 0.04236653645833333 0.029058182784272052
0 0.36588134765625 0.6921244022316685 0.08316243489583333 0.2556954038257173
0 0.45529378255208336 0.6921244022316685 0.08316243489583333 0.2556954038257173
0 0.5447021484375 0.6921244022316685 0.083154296875 0.2556954038257173
0 0.6341105143229167 0.6921244022316685 0.08316243489583333 0.2556954038257173
0 0.72352294921875 0.6921244022316685 0.08316243489583333 0.2556954038257173
0 0.27647298177083335 0.9437765674814028 0.083154296875 0.11244686503719448
0 0.36588134765625 0.9437765674814028 0.08316243489583333 0.11244686503719448
0 0.45529378255208336 0.9437765674814028 0.08316243489583333 0.11244686503719448
0 0.5447021484375 0.9437765674814028 0.083154296875 0.11244686503719448
0 0.6341105143229167 0.9437765674814028 0.08316243489583333 0.11244686503719448
0 0.72352294921875 0.9437765674814028 0.08316243489583333 0.11244686503719448
0 0.98680419921875 0.8916129782146652 0.0055582682291666664 0.023794500531349627
1 0.71451416015625 0.937201115834219 0.07149251302083333 0.035666843783209355
