0 0.5500040690104167 0.02975557917109458 0.027058919270833332 0.021253985122210415
0 0.6107828776041667 0.02975557917109458 0.04449869791666667 0.021253985122210415
0 0.671142578125 0.02975557917109458 0.026220703125 0.021253985122210415
0 0.7277303059895833 0.02975557917109458 0.03695475260416667 0.021253985122210415
0 0.7939371744791667 0.02975557917109458 0.045458984375 0.03825717321997875
0 0.22426350911458334 0.10626992561105207 0.0818603515625 0.05100956429330499
0 0.38216959635416664 0.10626992561105207 0.17464192708333334 0.09351753453772582
0 0.5031697591145833 0.10626992561105207 0.0673583984375 0.09351753453772582
0 0.58316650390625 0.10626992561105207 0.09263509114583333 0.09351753453772582
0 0.6763834635416667 0.10626992561105207 0.093798828125 0.09351753453772582
0 0.7699747721354167 0.10626992561105207 0.0933837890625 0.09351753453772582
1 0.7363321940104167 0.21679064824654623 0.16016438802083333 0.0765143464399575
0 0.75 0.33156216790648246 0.5 0.04250797024442083
0 0.75 0.4038257173219979 0.5 0.04250797024442083
0 0.75 0.4973432518597237 0.5 0.08501594048884166
1 0.5446818033854167 0.7948990435706695 0.026554361979166666 0.03400637619553666
1 0.5912272135416666 0.7948990435706695 0.033203125 0.03400637619553666
1 0.6629964192708333 0.7948990435706695 0.077001953125 0.03400637619553666
1 0.4895833333333333 0.8629117959617428 0.00625 0.012752391073326248
1 0.5 0.8629117959617428 0.00625 0.012752391073326248
1 0.5104166666666666 0.8629117959617428 0.00625 0.012752391073326248
0 0.31315511067708335 0.9878320805451315 0.11041666666666666 0.024335838909736982
0 0.49935302734375 0.9335812964930924 0.15104166666666666 0.06907545164718384
0 0.6855509440104167 0.9878320805451315 0.11041666666666666 0.024335838909736982
