0 0.00026041666666666666 0.0005313496280552603 0.0005208333333333333 0.0010626992561105207
0 0.5 0.34643995749202977 0.09010416666666667 0.04250797024442083
0 0.85130615234375 0.3400554596174283 0.031876627604166666 0.016189558979808713
0 0.8720703125 0.42283807120085015 0.058610026041666666 0.01381509032943677
1 0.9250569661458333 0.39572263549415515 0.015625 0.031880977683315624
1 0.9250569661458333 0.39572263549415515 0.0005208333333333333 0.0010626992561105207
1 0.9250569661458333 0.39572263549415515 0.016666666666666666 0.031880977683315624
1 0.9250569661458333 0.3967853347502657 0.010333379109700521 0.021083981780519394
0 0.88570556640625 0.3400554596174283 0.020255533854166667 0.016189558979808713
0 0.9333333333333333 0.34006376195536664 0.058333333333333334 0.031880977683315624
0 0.884375 0.47396386822529224 0.15625 0.21253985122210414
1 0.9791666666666666 0.34006376195536664 0.016666666666666666 0.03400637619553666
1 0.9791666666666666 0.34006376195536664 0.0005208333333333333 0.0010626992561105207
1 0.9791666666666666 0.34006376195536664 0.016666666666666666 0.03400637619553666
1 0.9791666666666666 0.34006376195536664 0.008333333333333333 0.01700318809776833
0 0.25 0.7678002125398512 0.2604166666666667 0.04250797024442083
