0 0.6346598307291667 0.12539851222104145 0.08033854166666667 0.025504782146652496
1 0.2119384765625 0.6248671625929861 0.09054361979166667 0.05526036131774708
1 0.2119384765625 0.6248671625929861 0.09054361979166667 0.05526036131774708
1 0.312890625 0.6248671625929861 0.08636067708333334 0.05526036131774708
1 0.312890625 0.6248671625929861 0.08636067708333334 0.05526036131774708
0 0.2421875 0.957923751328374 0.15104166666666666 0.08415249734325186
0 0.4140625 0.957923751328374 0.15104166666666666 0.08415249734325186
0 0.5859375 0.957923751328374 0.15104166666666666 0.08415249734325186
0 0.7578125 0.957923751328374 0.15104166666666666 0.08415249734325186
0 0.32060546875 0.25893331562167904 0.0662109375 0.01700318809776833
0 0.6061604817708334 0.25893331562167904 0.09334309895833333 0.01700318809776833
1 0.33890380859375 0.3118856269925611 0.10801595052083333 0.04994686503719448
