0 0.03744710286458333 0.004250797024442083 0.06656087239583333 0.008501594048884165
0 0.18004964192708334 0.08731568809776834 0.07676595052083333 0.03435507438894793
0 0.6554646809895833 0.07881409404888416 0.04027506510416667 0.05135826248671626
0 0.7031168619791667 0.07881409404888416 0.055029296875 0.05135826248671626
8 0.7660441080729167 0.07881409404888416 0.0708251953125 0.05135826248671626
0 0.7660441080729167 0.07881409404888416 0.0708251953125 0.05135826248671626
8 0.7123509089152018 0.10435706776082833 0.0640234629313151 0.00042508132399458686
8 0.7124550819396973 0.16163656334061172 0.06381511688232422 0.11498407248356136
8 0.7124550819396973 0.14633368432331795 0.06381511688232422 0.08437831444897383
0 0.7124550819396973 0.12274176408076515 0.06381511688232422 0.023591920242552803
8 0.7124550819396973 0.11859723941425968 0.05048173268636068 0.006801276860657711
8 0.7102871259053548 0.12784271969932046 0.04614582061767578 0.008289049333010926
0 0.7124550819396973 0.1463336883771939 0.06381511688232422 0.023591928350304697
8 0.7124550819396973 0.14218916371068843 0.05048173268636068 0.0068012687529058185
8 0.7099322954813639 0.1514346439957492 0.045436159769694014 0.008289041225259032
0 0.7124550819396973 0.16992561267362263 0.06381511688232422 0.023591920242552803
8 0.7124550819396973 0.16578108395324123 0.05048173268636068 0.0068012687529058185
8 0.7124550819396973 0.1750265723460539 0.05048173268636068 0.00828905744076282
0 0.7100804011027019 0.19989373656059045 0.024104817708333334 0.008289041225259032
0 0.7204938252766927 0.2081827858936014 0.014176432291666667 0.00828905744076282
0 0.8118733723958333 0.0783740701381509 0.020833333333333332 0.05047821466524974
13 0.8139567057291667 0.08137951647183847 0.008333333333333333 0.01700318809776833
8 0.8403116861979166 0.07881409404888416 0.03604329427083333 0.05135826248671626
0 0.8403116861979166 0.07881409404888416 0.03604329427083333 0.05135826248671626
8 0.7625296274820964 0.10435706776082833 0.000208282470703125 0.00042508132399458686
0 0.190966796875 0.14275039851222104 0.09860026041666667 0.05951115834218916
0 0.2691731770833333 0.14275039851222104 0.0201171875 0.05951115834218916
0 0.3089111328125 0.14275039851222104 0.021663411458333334 0.05951115834218916
0 0.3493733723958333 0.14275039851222104 0.021565755208333332 0.05951115834218916
0 0.39588623046875 0.14275039851222104 0.0337646484375 0.05951115834218916
0 0.4448160807291667 0.14275039851222104 0.026399739583333335 0.05951115834218916
0 0.49205322265625 0.14275039851222104 0.030379231770833334 0.05951115834218916
0 0.5662638346354166 0.14275039851222104 0.0803466796875 0.019128586609989374
0 0.1543212890625 0.19801075982996813 0.035725911458333336 0.036131774707757705
0 0.19333089192708333 0.19801075982996813 0.04229329427083333 0.036131774707757705
0 0.23460286458333332 0.19801075982996813 0.04025065104166667 0.036131774707757705
0 0.27135823567708334 0.19801075982996813 0.03326009114583333 0.036131774707757705
0 0.30200602213541666 0.19801075982996813 0.028035481770833332 0.036131774707757705
0 0.3324178059895833 0.19801075982996813 0.0327880859375 0.036131774707757705
0 0.36807047526041664 0.19801075982996813 0.03851725260416667 0.036131774707757705
0 0.4072265625 0.19801075982996813 0.039794921875 0.036131774707757705
0 0.43929443359375 0.19801075982996813 0.0243408203125 0.036131774707757705
0 0.4744466145833333 0.19801075982996813 0.04596354166666667 0.036131774707757705
0 0.5217936197916667 0.19801075982996813 0.04873046875 0.036131774707757705
0 0.5621053059895833 0.19801075982996813 0.03189290364583333 0.036131774707757705
0 0.5907674153645833 0.19801075982996813 0.025431315104166668 0.036131774707757705
2 0.3151041666666667 0.5969713071200851 0.33645833333333336 0.07863974495217853
1 0.44505208333333335 0.5969713071200851 0.059895833333333336 0.045048485653560046
0 0.253466796875 0.9003055260361318 0.15076497395833333 0.040382571732199786
0 0.22757975260416666 0.9768198724760893 0.028369140625 0.025504782146652496
0 0.27291259765625 0.9768198724760893 0.04126790364583333 0.025504782146652496
0 0.4999918619791667 0.9003055260361318 0.178564453125 0.040382571732199786
0 0.47410481770833335 0.9768198724760893 0.028369140625 0.025504782146652496
0 0.5194376627604167 0.9768198724760893 0.04126790364583333 0.025504782146652496
0 0.74652099609375 0.9003055260361318 0.1142822265625 0.040382571732199786
0 0.7206298828125 0.9768198724760893 0.028369140625 0.025504782146652496
0 0.7659627278645833 0.9768198724760893 0.04126790364583333 0.025504782146652496
0 0.5 0.026567481402763018 1.0 0.053134962805526036
