1 0.1859375 0.05047821466524974 0.0125 0.018065887353878853
0 0.21197916666666666 0.05047821466524974 0.008333333333333333 0.01700318809776833
13 0.21197916666666666 0.05047821466524974 0.008333333333333333 0.01700318809776833
0 0.5 0.05100126195536663 0.21875 0.037974893730074386
0 0.7178914388020833 0.049681190223166846 0.03832194010416667 0.015940488841657812
1 0.7546346028645833 0.05047821466524974 0.028914388020833334 0.01753453772582359
1 0.7546346028645833 0.05047821466524974 0.018497721354166666 0.01753453772582359
1 0.7960042317708333 0.05047821466524974 0.04861653645833333 0.031880977683315624
0 0.384423828125 0.12327311370882041 0.03017578125 0.023379383634431455
8 0.41725260416666665 0.3294367693942614 0.109375 0.3995749202975558
8 0.41725260416666665 0.17534537725823593 0.09375 0.025504782146652496
0 0.3851318359375 0.1769394261424017 0.029508463541666665 0.015940488841657812
8 0.41725260416666665 0.21147715196599362 0.09375 0.025504782146652496
0 0.38567708333333334 0.2130712008501594 0.030598958333333332 0.015940488841657812
8 0.41725260416666665 0.24760892667375134 0.09375 0.025504782146652496
0 0.3836588541666667 0.24920297555791712 0.0265625 0.015940488841657812
8 0.41725260416666665 0.28374070138150903 0.09375 0.025504782146652496
0 0.38013102213541666 0.28533475026567484 0.0195068359375 0.015940488841657812
8 0.41725260416666665 0.3198724760892667 0.09375 0.025504782146652496
0 0.38989664713541666 0.32146652497343253 0.0390380859375 0.015940488841657812
8 0.41725260416666665 0.35600425079702447 0.09375 0.025504782146652496
0 0.38415934244791666 0.3575982996811902 0.0275634765625 0.015940488841657812
8 0.41725260416666665 0.39213602550478216 0.09375 0.025504782146652496
0 0.3804524739583333 0.3937300743889479 0.020149739583333333 0.015940488841657812
8 0.41725260416666665 0.42826780021253985 0.09375 0.025504782146652496
0 0.38933919270833334 0.4298618490967056 0.037923177083333336 0.015940488841657812
8 0.41725260416666665 0.46439957492029754 0.09375 0.025504782146652496
0 0.39559733072916664 0.46599362380446335 0.050439453125 0.015940488841657812
8 0.41725260416666665 0.5005313496280552 0.09375 0.025504782146652496
0 0.4112630208333333 0.502125398512221 0.08177083333333333 0.015940488841657812
0 0.41751302083333336 0.12327311370882041 0.0162109375 0.023379383634431455
8 0.45732421875 0.27523910733262485 0.109375 0.2911795961742827
8 0.45732421875 0.17534537725823593 0.09375 0.025504782146652496
0 0.42371826171875 0.1769394261424017 0.0265380859375 0.015940488841657812
8 0.45732421875 0.21147715196599362 0.09375 0.025504782146652496
0 0.41387939453125 0.2130712008501594 0.0068603515625 0.015940488841657812
8 0.45732421875 0.24760892667375134 0.09375 0.025504782146652496
0 0.43374837239583336 0.24920297555791712 0.04659830729166667 0.015940488841657812
8 0.45732421875 0.28374070138150903 0.09375 0.025504782146652496
0 0.428515625 0.28533475026567484 0.0361328125 0.015940488841657812
8 0.45732421875 0.3198724760892667 0.09375 0.025504782146652496
0 0.43616943359375 0.32146652497343253 0.0514404296875 0.015940488841657812
8 0.45732421875 0.35600425079702447 0.09375 0.025504782146652496
0 0.42538655598958336 0.3575982996811902 0.029874674479166665 0.015940488841657812
8 0.45732421875 0.39213602550478216 0.09375 0.025504782146652496
0 0.42833251953125 0.3937300743889479 0.0357666015625 0.015940488841657812
0 0.4493611653645833 0.12327311370882041 0.027693684895833334 0.023379383634431455
8 0.48343098958333336 0.25717321997874604 0.109375 0.255047821466525
8 0.48343098958333336 0.17534537725823593 0.09375 0.025504782146652496
0 0.44801025390625 0.1769394261424017 0.022908528645833332 0.015940488841657812
8 0.48343098958333336 0.21147715196599362 0.09375 0.025504782146652496
0 0.4487101236979167 0.2130712008501594 0.024308268229166666 0.015940488841657812
8 0.48343098958333336 0.24760892667375134 0.09375 0.025504782146652496
0 0.45880126953125 0.24920297555791712 0.04449055989583333 0.015940488841657812
8 0.48343098958333336 0.28374070138150903 0.09375 0.025504782146652496
0 0.448291015625 0.28533475026567484 0.023470052083333335 0.015940488841657812
8 0.48343098958333336 0.3198724760892667 0.09375 0.025504782146652496
0 0.45552164713541665 0.32146652497343253 0.03793131510416667 0.015940488841657812
8 0.48343098958333336 0.35600425079702447 0.09375 0.025504782146652496
0 0.4446940104166667 0.3575982996811902 0.016276041666666668 0.015940488841657812
0 0.4877522786458333 0.12327311370882041 0.029296875 0.023379383634431455
8 0.5210205078125 0.27523910733262485 0.109375 0.2911795961742827
8 0.5210205078125 0.17534537725823593 0.09375 0.025504782146652496
0 0.498828125 0.1769394261424017 0.049365234375 0.015940488841657812
8 0.5210205078125 0.21147715196599362 0.09375 0.025504782146652496
0 0.4870361328125 0.2130712008501594 0.02578125 0.015940488841657812
8 0.5210205078125 0.24760892667375134 0.09375 0.025504782146652496
0 0.48472900390625 0.24920297555791712 0.0211669921875 0.015940488841657812
8 0.5210205078125 0.28374070138150903 0.09375 0.025504782146652496
0 0.48239339192708336 0.28533475026567484 0.016495768229166666 0.015940488841657812
8 0.5210205078125 0.3198724760892667 0.09375 0.025504782146652496
0 0.485302734375 0.32146652497343253 0.022314453125 0.015940488841657812
8 0.5210205078125 0.35600425079702447 0.09375 0.025504782146652496
0 0.49071044921875 0.3575982996811902 0.0331298828125 0.015940488841657812
8 0.5210205078125 0.39213602550478216 0.09375 0.025504782146652496
0 0.4877522786458333 0.3937300743889479 0.027213541666666667 0.015940488841657812
0 0.5248494466145833 0.12327311370882041 0.025105794270833332 0.023379383634431455
8 0.5602132161458333 0.20297555791710944 0.109375 0.14665249734325186
8 0.5602132161458333 0.17534537725823593 0.09375 0.025504782146652496
0 0.544482421875 0.1769394261424017 0.06228841145833333 0.015940488841657812
8 0.5602132161458333 0.21147715196599362 0.09375 0.025504782146652496
0 0.5200520833333333 0.2130712008501594 0.013427734375 0.015940488841657812
8 0.5602132161458333 0.24760892667375134 0.09375 0.025504782146652496
0 0.5303304036458333 0.24920297555791712 0.033984375 0.015940488841657812
0 0.5763264973958333 0.12327311370882041 0.058056640625 0.023379383634431455
8 0.59521484375 0.23910733262486716 0.109375 0.21891604675876727
8 0.59521484375 0.17534537725823593 0.09375 0.025504782146652496
0 0.5618815104166667 0.1769394261424017 0.027083333333333334 0.015940488841657812
8 0.59521484375 0.21147715196599362 0.09375 0.025504782146652496
0 0.5701822916666667 0.2130712008501594 0.043684895833333334 0.015940488841657812
8 0.59521484375 0.24760892667375134 0.09375 0.025504782146652496
0 0.5638224283854166 0.24920297555791712 0.030965169270833332 0.015940488841657812
8 0.59521484375 0.28374070138150903 0.09375 0.025504782146652496
0 0.5584147135416667 0.28533475026567484 0.020149739583333333 0.015940488841657812
8 0.59521484375 0.3198724760892667 0.09375 0.025504782146652496
0 0.56636962890625 0.32146652497343253 0.0360595703125 0.015940488841657812
0 0.6247762044270834 0.12327311370882041 0.019051106770833333 0.023379383634431455
8 0.6631673177083334 0.25717321997874604 0.109375 0.255047821466525
8 0.6631673177083334 0.17534537725823593 0.09375 0.025504782146652496
0 0.63753662109375 0.1769394261424017 0.04248860677083333 0.015940488841657812
8 0.6631673177083334 0.21147715196599362 0.09375 0.025504782146652496
0 0.6341389973958333 0.2130712008501594 0.035693359375 0.015940488841657812
8 0.6631673177083334 0.24760892667375134 0.09375 0.025504782146652496
0 0.6383463541666666 0.24920297555791712 0.044108072916666664 0.015940488841657812
8 0.6631673177083334 0.28374070138150903 0.09375 0.025504782146652496
0 0.6341634114583333 0.28533475026567484 0.0357421875 0.015940488841657812
8 0.6631673177083334 0.3198724760892667 0.09375 0.025504782146652496
0 0.6388264973958333 0.32146652497343253 0.045068359375 0.015940488841657812
8 0.6631673177083334 0.35600425079702447 0.09375 0.025504782146652496
0 0.6347371419270833 0.3575982996811902 0.0368896484375 0.015940488841657812
0 0.21385904947916667 0.4814027630180659 0.06834309895833333 0.012752391073326248
0 0.22396647135416667 0.5074388947927736 0.08855794270833334 0.030818278427205102
0 0.310498046875 0.5074388947927736 0.076171875 0.030818278427205102
0 0.39089762369791664 0.5074388947927736 0.0762939453125 0.030818278427205102
0 0.46609700520833336 0.5074388947927736 0.065771484375 0.030818278427205102
0 0.5354288736979167 0.5074388947927736 0.06455891927083333 0.030818278427205102
0 0.6041097005208333 0.5074388947927736 0.06446940104166667 0.030818278427205102
0 0.19386800130208334 0.5600425079702445 0.028361002604166668 0.012752391073326248
0 0.25281168619791666 0.6161497077577046 0.14624837239583333 0.07395722635494155
0 0.18815104166666666 0.6922323326248672 0.016927083333333332 0.012752391073326248
0 0.25425618489583335 0.7351637221041445 0.14913736979166667 0.04760560573857598
0 0.19037679036458333 0.7980705366631243 0.021378580729166666 0.012752391073326248
0 0.2557454427083333 0.8673535467587673 0.15211588541666668 0.10030884697130713
0 0.19410400390625 0.9566119819341127 0.0288330078125 0.012752391073326248
0 0.25714111328125 0.987870284272051 0.1549072265625 0.02425943145589798
0 0.4995524088541667 0.7692780286928799 0.287353515625 0.4397250265674814
0 0.7421875 0.6110520722635494 0.15625 0.1594048884165781
0 0.7321451822916667 0.7600375265674814 0.13616536458333334 0.10030884697130713
0 0.7421875 0.9141206163655685 0.15625 0.1594048884165781
