1 0.35494384765625 0.022798219978746016 0.0703857421875 0.015176673751328374
1 0.35133056640625 0.022117428267800214 0.0631591796875 0.015940488841657812
0 0.5147013346354167 0.01535932518597237 0.037801106770833336 0.03071865037194474
0 0.5661661783854167 0.021735520722635494 0.05575358072916667 0.04347104144527099
0 0.636083984375 0.021735520722635494 0.08074544270833334 0.04347104144527099
0 0.7241902669270833 0.021735520722635494 0.09213053385416667 0.04347104144527099
0 0.8190348307291667 0.021735520722635494 0.09422200520833333 0.04347104144527099
0 0.23982747395833334 0.12262553134962806 0.17965494791666667 0.04144527098831031
8 0.49658203125 0.10411131774707758 0.058154296875 0.05419766206163656
1 0.49658203125 0.10411131774707758 0.058154296875 0.05419766206163656
1 0.4913736979166667 0.10304861849096705 0.04773763020833333 0.020191285866099893
8 0.550439453125 0.10411131774707758 0.03289388020833333 0.05419766206163656
1 0.550439453125 0.10411131774707758 0.03289388020833333 0.05419766206163656
1 0.5452311197916667 0.10304861849096705 0.022477213541666666 0.020191285866099893
8 0.6202351888020833 0.10411131774707758 0.09003092447916666 0.05419766206163656
1 0.6202351888020833 0.10411131774707758 0.09003092447916666 0.05419766206163656
1 0.61502685546875 0.10304861849096705 0.0796142578125 0.020191285866099893
8 0.71094970703125 0.10411131774707758 0.0747314453125 0.05419766206163656
1 0.71094970703125 0.10411131774707758 0.0747314453125 0.05419766206163656
1 0.7057413736979167 0.10304861849096705 0.06431477864583333 0.020191285866099893
8 0.7887410481770833 0.10411131774707758 0.0641845703125 0.05419766206163656
1 0.7887410481770833 0.10411131774707758 0.0641845703125 0.05419766206163656
1 0.78353271484375 0.10304861849096705 0.05376790364583333 0.020191285866099893
8 0.8354166666666667 0.10411131774707758 0.0125 0.025504782146652496
1 0.8354166666666667 0.10411131774707758 0.0125 0.025504782146652496
1 0.23270670572916666 0.5690920563230606 0.10291341145833334 0.06685042507970244
0 0.21899007161458334 0.8428035334750266 0.0525634765625 0.02889213602550478
0 0.39267171223958336 0.8428035334750266 0.1061767578125 0.02889213602550478
0 0.5399617513020833 0.8428035334750266 0.11143391927083333 0.02889213602550478
0 0.24409586588541668 0.9025139479277364 0.10941569010416667 0.02889213602550478
0 0.3822021484375 0.9025139479277364 0.08302408854166667 0.02889213602550478
0 0.5377766927083333 0.9025139479277364 0.09820963541666666 0.02889213602550478
1 0.7281941731770833 0.8786032146652497 0.09598795572916667 0.06685042507970244
0 0.9796875 0.9585547290116897 0.019791666666666666 0.040382571732199786
1 0.9903645833333333 0.499817348565356 0.019270833333333334 0.1332027098831031
