0 0.18258870442708333 0.02763018065887354 0.0766357421875 0.05526036131774708
0 0.31875 0.023910733262486716 0.10416666666666667 0.04782146652497343
0 0.4395833333333333 0.023910733262486716 0.10416666666666667 0.04782146652497343
0 0.5604166666666667 0.023910733262486716 0.10416666666666667 0.04782146652497343
0 0.68125 0.023910733262486716 0.10416666666666667 0.04782146652497343
0 0.8104166666666667 0.02763018065887354 0.07291666666666667 0.05526036131774708
0 0.21024169921875 0.07013815090329437 0.024650065104166667 0.02975557917109458
0 0.2554524739583333 0.07013815090329437 0.058577473958333334 0.02975557917109458
0 0.3054931640625 0.07013815090329437 0.03430989583333333 0.02975557917109458
0 0.3577067057291667 0.07013815090329437 0.06292317708333334 0.02975557917109458
0 0.4048380533854167 0.07013815090329437 0.0241455078125 0.02975557917109458
0 0.4379191080729167 0.07013815090329437 0.03482259114583333 0.02975557917109458
0 0.4727864583333333 0.07013815090329437 0.027718098958333333 0.02975557917109458
0 0.5068196614583333 0.07013815090329437 0.033154296875 0.02975557917109458
0 0.54627685546875 0.07013815090329437 0.03856608072916667 0.02975557917109458
1 0.583740234375 0.07013815090329437 0.020833333333333332 0.02975557917109458
0 0.61025390625 0.07013815090329437 0.014583333333333334 0.02975557917109458
0 0.64775390625 0.07013815090329437 0.040625 0.02975557917109458
0 0.7019205729166667 0.07013815090329437 0.046875 0.02975557917109458
0 0.7564493815104166 0.07013815090329437 0.04759928385416667 0.02975557917109458
