0 0.19322916666666667 0.03400637619553666 0.04479166666666667 0.025504782146652496
2 0.3721394856770833 0.03400637619553666 0.2921956380208333 0.04250797024442083
1 0.4682373046875 0.03400637619553666 0.0125 0.04250797024442083
1 0.4994873046875 0.03400637619553666 0.0375 0.04250797024442083
0 0.56077880859375 0.0334750265674814 0.0225830078125 0.027829436769394263
0 0.603662109375 0.0334750265674814 0.029850260416666666 0.027829436769394263
0 0.6483154296875 0.0334750265674814 0.026123046875 0.027829436769394263
1 0.6923665364583333 0.0334750265674814 0.028645833333333332 0.027829436769394263
0 0.21875 0.10892667375132838 0.09583333333333334 0.030818278427205102
0 0.21875 0.15834218916046758 0.09583333333333334 0.02975557917109458
0 0.21875 0.19659936238044634 0.09583333333333334 0.02975557917109458
0 0.21875 0.23485653560042508 0.09583333333333334 0.02975557917109458
0 0.21875 0.2731137088204038 0.09583333333333334 0.02975557917109458
0 0.21875 0.31137088204038255 0.09583333333333334 0.02975557917109458
0 0.21875 0.34962805526036134 0.09583333333333334 0.02975557917109458
0 0.21875 0.38788522848034007 0.09583333333333334 0.02975557917109458
0 0.21875 0.4261424017003188 0.09583333333333334 0.02975557917109458
0 0.21875 0.46439957492029754 0.09583333333333334 0.02975557917109458
0 0.21875 0.5026567481402763 0.09583333333333334 0.02975557917109458
0 0.21875 0.5409139213602551 0.09583333333333334 0.02975557917109458
0 0.33125 0.10892667375132838 0.09583333333333334 0.030818278427205102
0 0.33125 0.15834218916046758 0.09583333333333334 0.02975557917109458
0 0.33125 0.19659936238044634 0.09583333333333334 0.02975557917109458
0 0.33125 0.23485653560042508 0.09583333333333334 0.02975557917109458
0 0.33125 0.2731137088204038 0.09583333333333334 0.02975557917109458
0 0.33125 0.31137088204038255 0.09583333333333334 0.02975557917109458
0 0.33125 0.34962805526036134 0.09583333333333334 0.02975557917109458
0 0.33125 0.38788522848034007 0.09583333333333334 0.02975557917109458
0 0.33125 0.4261424017003188 0.09583333333333334 0.02975557917109458
0 0.33125 0.46439957492029754 0.09583333333333334 0.02975557917109458
0 0.33125 0.5026567481402763 0.09583333333333334 0.02975557917109458
0 0.44375 0.10892667375132838 0.09583333333333334 0.030818278427205102
0 0.44375 0.15834218916046758 0.09583333333333334 0.02975557917109458
0 0.44375 0.19659936238044634 0.09583333333333334 0.02975557917109458
0 0.44375 0.23485653560042508 0.09583333333333334 0.02975557917109458
0 0.44375 0.2731137088204038 0.09583333333333334 0.02975557917109458
0 0.44375 0.31137088204038255 0.09583333333333334 0.02975557917109458
0 0.44375 0.34962805526036134 0.09583333333333334 0.02975557917109458
0 0.44375 0.38788522848034007 0.09583333333333334 0.02975557917109458
0 0.44375 0.4261424017003188 0.09583333333333334 0.02975557917109458
0 0.55625 0.10892667375132838 0.09583333333333334 0.030818278427205102
0 0.55625 0.15834218916046758 0.09583333333333334 0.02975557917109458
0 0.55625 0.19659936238044634 0.09583333333333334 0.02975557917109458
0 0.55625 0.23485653560042508 0.09583333333333334 0.02975557917109458
0 0.55625 0.2731137088204038 0.09583333333333334 0.02975557917109458
0 0.55625 0.31137088204038255 0.09583333333333334 0.02975557917109458
0 0.55625 0.34962805526036134 0.09583333333333334 0.02975557917109458
0 0.55625 0.38788522848034007 0.09583333333333334 0.02975557917109458
0 0.55625 0.4261424017003188 0.09583333333333334 0.02975557917109458
0 0.55625 0.46439957492029754 0.09583333333333334 0.02975557917109458
0 0.66875 0.10892667375132838 0.09583333333333334 0.030818278427205102
0 0.66875 0.15834218916046758 0.09583333333333334 0.02975557917109458
0 0.66875 0.19659936238044634 0.09583333333333334 0.02975557917109458
0 0.66875 0.23485653560042508 0.09583333333333334 0.02975557917109458
0 0.66875 0.2731137088204038 0.09583333333333334 0.02975557917109458
0 0.66875 0.31137088204038255 0.09583333333333334 0.02975557917109458
0 0.66875 0.34962805526036134 0.09583333333333334 0.02975557917109458
0 0.66875 0.38788522848034007 0.09583333333333334 0.02975557917109458
0 0.66875 0.4261424017003188 0.09583333333333334 0.02975557917109458
0 0.66875 0.46439957492029754 0.09583333333333334 0.02975557917109458
0 0.66875 0.5026567481402763 0.09583333333333334 0.02975557917109458
0 0.78125 0.15834218916046758 0.09583333333333334 0.02975557917109458
0 0.78125 0.19659936238044634 0.09583333333333334 0.02975557917109458
0 0.78125 0.23485653560042508 0.09583333333333334 0.02975557917109458
0 0.78125 0.29914984059511157 0.09583333333333334 0.030818278427205102
1 0.78125 0.357066950053135 0.09583333333333334 0.04675876726886291
1 0.7601155598958333 0.03400637619553666 0.044352213541666664 0.04250797024442083
0 0.7601155598958333 0.03400637619553666 0.026643880208333335 0.03825717321997875
0 0.8088541666666667 0.03400637619553666 0.040625 0.04250797024442083
0 0.55819091796875 0.5408059909670563 0.15728352864583334 0.2353048618490967
0 0.21687418619791668 0.7762104808714134 0.09208170572916667 0.1585912592986185
0 0.3152058919270833 0.7762104808714134 0.09208170572916667 0.1585912592986185
0 0.41353759765625 0.7762104808714134 0.09208170572916667 0.1585912592986185
0 0.5118693033854167 0.7762104808714134 0.09208170572916667 0.1585912592986185
0 0.6102010091145833 0.7762104808714134 0.09208170572916667 0.1585912592986185
0 0.240625 0.958994752922423 0.13958333333333334 0.08201049415515409
0 0.47552083333333334 0.964250132837407 0.309375 0.050876726886291176
0 0.71572265625 0.45887021785334753 0.06477864583333333 0.016571466524973433
0 0.7123128255208333 0.484375 0.057958984375 0.016571466524973433
0 0.70806884765625 0.5098797821466525 0.04947102864583333 0.016571466524973433
0 0.71612548828125 0.5353845642933049 0.06558430989583333 0.016571466524973433
0 0.7105509440104166 0.5608893464399575 0.05443522135416667 0.016571466524973433
0 0.7718668619791667 0.45887021785334753 0.03748372395833333 0.016571466524973433
0 0.7833658854166666 0.484375 0.06048177083333333 0.016571466524973433
0 0.7822347005208333 0.5098797821466525 0.05821940104166667 0.016571466524973433
0 0.7837727864583334 0.5353845642933049 0.061295572916666666 0.016571466524973433
0 0.7795979817708333 0.5608893464399575 0.05294596354166667 0.016571466524973433
1 0.8140625 0.924548352816153 0.009375 0.021253985122210415
1 0.9833333333333333 0.03400637619553666 0.0125 0.025504782146652496
1 0.4752604166666667 0.040382571732199786 0.0010416666666666667 0.0021253985122210413
