1 0.21041666666666667 0.3294367693942614 0.008333333333333333 0.019128586609989374
1 0.23541666666666666 0.3294367693942614 0.025 0.053134962805526036
0 0.27615152994791664 0.3294367693942614 0.03980305989583333 0.018065887353878853
0 0.4999918619791667 0.3294367693942614 0.15654296875 0.07438894792773645
0 0.71529541015625 0.3294367693942614 0.0544677734375 0.018065887353878853
0 0.77230224609375 0.3294367693942614 0.04287923177083333 0.018065887353878853
1 0.7281168619791667 0.5813795164718385 0.09620768229166667 0.04357066950053135
1 0.7281168619791667 0.5813795164718385 0.07120768229166667 0.020191285866099893
0 0.2856526692708333 0.40541976620616366 0.02265625 0.018065887353878853
0 0.3224690755208333 0.40541976620616366 0.017643229166666666 0.018065887353878853
0 0.35247802734375 0.40435706695005313 0.009041341145833333 0.018065887353878853
0 0.38975830078125 0.40435706695005313 0.032185872395833336 0.018065887353878853
0 0.44160563151041665 0.40435706695005313 0.03817545572916667 0.018065887353878853
0 0.49653727213541665 0.40435706695005313 0.0383544921875 0.018065887353878853
0 0.5466837565104167 0.40435706695005313 0.028605143229166668 0.018065887353878853
0 0.589013671875 0.40435706695005313 0.022721354166666666 0.018065887353878853
0 0.6294026692708333 0.40435706695005313 0.024723307291666666 0.018065887353878853
0 0.6733072916666667 0.40435706695005313 0.029752604166666665 0.018065887353878853
0 0.7152628580729167 0.40435706695005313 0.0208251953125 0.018065887353878853
0 0.41354166666666664 0.9746778692879915 0.396875 0.050644261424017005
0 0.71507568359375 0.5562068278427205 0.1551513671875 0.06545563230605739
0 0.6572102864583333 0.5117893198724761 0.03942057291666667 0.01487778958554729
0 0.7115885416666666 0.6797871280552603 0.14817708333333332 0.08649375664187035
0 0.6511555989583333 0.6248505579171094 0.027311197916666665 0.01487778958554729
0 0.7123942057291667 0.8033674282678002 0.14978841145833333 0.06545563230605739
0 0.6632853190104167 0.7589499202975558 0.05157063802083333 0.01487778958554729
0 0.3078694661458333 0.04793769925611052 0.0125 0.03400637619553666
0 0.3223795572916667 0.04793769925611052 0.0125 0.03400637619553666
0 0.3368896484375 0.04793769925611052 0.0125 0.03400637619553666
0 0.3513997395833333 0.04793769925611052 0.0125 0.03400637619553666
2 0.6030517578125 0.023860919234856535 0.19625651041666667 0.04772183846971307
1 0.7305379231770833 0.023860919234856535 0.0587158203125 0.04772183846971307
1 0.7305379231770833 0.01765077045696068 0.04204915364583333 0.020191285866099893
0 0.6328287760416667 0.06685042507970244 0.03229166666666667 0.012752391073326248
0 0.687158203125 0.06685042507970244 0.03487955729166667 0.012752391073326248
0 0.58447265625 0.10510759829968119 0.03487955729166667 0.012752391073326248
0 0.6343302408854167 0.10510759829968119 0.0416259765625 0.012752391073326248
0 0.2531982421875 0.17099495217853347 0.027229817708333333 0.01487778958554729
0 0.29007568359375 0.17099495217853347 0.0298583984375 0.01487778958554729
0 0.3259480794270833 0.17099495217853347 0.0252197265625 0.01487778958554729
0 0.3638712565104167 0.17099495217853347 0.0339599609375 0.01487778958554729
0 0.53355712890625 0.1879981402763018 0.0483642578125 0.021253985122210415
