0 0.21744791666666666 0.02847701912858661 0.10989583333333333 0.021253985122210415
0 0.30565185546875 0.02953971838469713 0.016170247395833334 0.019128586609989374
0 0.3329996744791667 0.02953971838469713 0.013525390625 0.019128586609989374
0 0.36549072265625 0.02953971838469713 0.026456705729166665 0.019128586609989374
0 0.41671142578125 0.02953971838469713 0.050984700520833336 0.019128586609989374
0 0.4755615234375 0.02953971838469713 0.04171549479166667 0.019128586609989374
0 0.5190999348958333 0.02953971838469713 0.020361328125 0.019128586609989374
0 0.5516560872395834 0.02953971838469713 0.0197509765625 0.019128586609989374
2 0.86328125 0.02709883103081828 0.09322916666666667 0.028692879914984058
0 0.5 0.28905419766206164 0.8 0.4760892667375133
0 0.49583333333333335 0.5390541976620616 0.6166666666666667 0.11211477151965994
0 0.2552083333333333 0.7290116896918172 0.17708333333333334 0.10626992561105207
0 0.5 0.7460148777895855 0.17708333333333334 0.14027630180658873
0 0.7447916666666666 0.7460148777895855 0.17708333333333334 0.14027630180658873
