0 0.46383870442708336 0.6471838469713072 0.0680908203125 0.01700318809776833
0 0.7184977213541667 0.7215727948990436 0.05458984375 0.01700318809776833
0 0.71190185546875 0.742826780021254 0.036482747395833334 0.01700318809776833
0 0.8161214192708334 0.79596174282678 0.05458984375 0.01700318809776833
0 0.7072428385416667 0.8384697130712009 0.10823567708333333 0.01700318809776833
0 0.48416341145833336 0.8703506907545164 0.66728515625 0.03825717321997875
0 0.2447021484375 0.8809776833156217 0.05458984375 0.01700318809776833
1 0.5 0.9187035069075452 0.6989583333333333 0.03294367693942614
1 0.16818033854166667 0.9187035069075452 0.035319010416666664 0.03294367693942614
1 0.16818033854166667 0.9187035069075452 0.03427734375 0.030818278427205102
1 0.16818033854166667 0.9187035069075452 0.03427734375 0.030818278427205102
1 0.16818033854166667 0.9187035069075452 0.03427734375 0.030818278427205102
1 0.20911865234375 0.9187035069075452 0.04095865885416667 0.03294367693942614
1 0.20911865234375 0.9187035069075452 0.0399169921875 0.030818278427205102
1 0.20911865234375 0.9187035069075452 0.0399169921875 0.030818278427205102
0 0.2526652018229167 0.9194341126461212 0.04053548177083333 0.01700318809776833
0 0.053125 0.02975557917109458 0.09895833333333333 0.03825717321997875
0 0.04271240234375 0.031880977683315624 0.06875813802083333 0.053134962805526036
1 0.10487060546875 0.031880977683315624 0.05034993489583333 0.053134962805526036
8 0.21494140625 0.02922422954303932 0.14479166666666668 0.03719447396386823
2 0.48725992838541665 0.031880977683315624 0.5164143880208333 0.040382571732199786
2 0.7571858723958333 0.031880977683315624 0.0234375 0.04250797024442083
0 0.8000732421875 0.031880977683315624 0.03837890625 0.053134962805526036
0 0.8561971028645833 0.031880977683315624 0.06761881510416666 0.053134962805526036
0 0.9165812174479167 0.031880977683315624 0.0468994140625 0.053134962805526036
0 0.9676717122395834 0.031880977683315624 0.049031575520833336 0.053134962805526036
1 0.8562459309895833 0.09192348565356004 0.10157063802083334 0.03506907545164718
0 0.8879353841145833 0.12646121147715197 0.038191731770833334 0.012752391073326248
1 0.02686767578125 0.0844845908607864 0.0381103515625 0.04144527098831031
0 0.08312174479166666 0.08395324123273114 0.07127278645833333 0.02975557917109458
0 0.15013427734375 0.08395324123273114 0.06275227864583334 0.02975557917109458
0 0.19971516927083333 0.08395324123273114 0.03640950520833333 0.02975557917109458
0 0.23572184244791666 0.08395324123273114 0.035603841145833336 0.02975557917109458
0 0.2726806640625 0.08395324123273114 0.038313802083333334 0.02975557917109458
0 0.32969970703125 0.08395324123273114 0.07572428385416667 0.02975557917109458
0 0.39813232421875 0.08395324123273114 0.061140950520833334 0.02975557917109458
0 0.45298665364583335 0.08395324123273114 0.048567708333333334 0.02975557917109458
0 0.49568277994791665 0.08395324123273114 0.036824544270833336 0.02975557917109458
0 0.54764404296875 0.08395324123273114 0.06709798177083333 0.02975557917109458
0 0.59737548828125 0.08395324123273114 0.032364908854166666 0.02975557917109458
0 0.6491984049479167 0.08395324123273114 0.07128092447916666 0.02975557917109458
0 0.7295939127604166 0.08395324123273114 0.08951009114583333 0.02975557917109458
0 0.07373860677083334 0.12539851222104145 0.052506510416666666 0.02975557917109458
0 0.13907063802083333 0.12539851222104145 0.07815755208333333 0.02975557917109458
0 0.19352213541666666 0.12539851222104145 0.030745442708333334 0.02975557917109458
0 0.2542521158854167 0.12539851222104145 0.09071451822916667 0.02975557917109458
0 0.34680582682291666 0.12539851222104145 0.09439290364583333 0.02975557917109458
0 0.42274576822916665 0.12539851222104145 0.05748697916666667 0.02975557917109458
0 0.4662556966145833 0.12539851222104145 0.029532877604166667 0.02975557917109458
0 0.49923095703125 0.12539851222104145 0.036417643229166664 0.02975557917109458
0 0.5656453450520833 0.12539851222104145 0.0964111328125 0.02975557917109458
0 0.6503011067708333 0.12539851222104145 0.072900390625 0.02975557917109458
0 0.71812744140625 0.12539851222104145 0.06275227864583334 0.02975557917109458
0 0.0845458984375 0.16684378320935175 0.07412109375 0.02975557917109458
0 0.15967203776041666 0.16684378320935175 0.07613118489583333 0.02975557917109458
0 0.2240478515625 0.16684378320935175 0.05262044270833333 0.02975557917109458
0 0.28701171875 0.16684378320935175 0.07330729166666666 0.02975557917109458
0 0.35322672526041665 0.16684378320935175 0.059122721354166664 0.02975557917109458
0 0.8958333333333334 0.0844845908607864 0.20833333333333334 0.04144527098831031
1 0.5 0.22741764080765142 0.78125 0.24442082890541977
0 0.13125 0.23804463336875664 0.04375 0.26567481402763016
0 0.0546875 0.26461211477151964 0.109375 0.3188097768331562
0 0.5 0.42401700318809776 0.78125 0.6376195536663124
0 0.9453125 0.42401700318809776 0.109375 0.6376195536663124
0 0.86875 0.23804463336875664 0.04375 0.26567481402763016
0 0.16979166666666667 0.5225491498405951 0.07916666666666666 0.1815555260361318
0 0.2520833333333333 0.5225491498405951 0.07916666666666666 0.1815555260361318
0 0.16979166666666667 0.71048087141339 0.07916666666666666 0.1815555260361318
0 0.2520833333333333 0.71048087141339 0.07916666666666666 0.1815555260361318
0 0.4036458333333333 0.6165233129649309 0.18229166666666666 0.3695038522848034
0 0.5963541666666666 0.6165233129649309 0.18229166666666666 0.3695038522848034
0 0.7890625 0.6165233129649309 0.18229166666666666 0.3695038522848034
0 0.2109375 0.9496795297555791 0.18229166666666666 0.10064094048884166
0 0.4036458333333333 0.9496795297555791 0.18229166666666666 0.10064094048884166
0 0.5963541666666666 0.9496795297555791 0.18229166666666666 0.10064094048884166
0 0.7890625 0.9641837141339001 0.18229166666666666 0.07163257173219979
