1 0.15625 0.05100956429330499 0.0125 0.025504782146652496
0 0.03348388671875 0.05579171094580234 0.0419677734375 0.021253985122210415
0 0.078125 0.12460148777895856 0.13125 0.04091392136025505
0 0.078125 0.16764080765143463 0.13125 0.04091392136025505
0 0.078125 0.21068012752391074 0.13125 0.04091392136025505
0 0.078125 0.2537194473963868 0.13125 0.04091392136025505
0 0.078125 0.2967587672688629 0.13125 0.04091392136025505
0 0.078125 0.339798087141339 0.13125 0.04091392136025505
0 0.078125 0.3828374070138151 0.13125 0.04091392136025505
0 0.078125 0.4258767268862912 0.13125 0.04091392136025505
0 0.078125 0.46891604675876725 0.13125 0.04091392136025505
0 0.078125 0.5119553666312433 0.13125 0.04091392136025505
0 0.078125 0.5549946865037194 0.13125 0.04091392136025505
0 0.078125 0.6466524973432518 0.13125 0.05526036131774708
2 0.08093668619791666 0.6477151965993624 0.08999837239583333 0.036131774707757705
1 0.14800211588541667 0.049415515409139216 0.03662923177083333 0.025504782146652496
5 0.15737711588541667 0.049415515409139216 0.017879231770833334 0.01577444208289054
0 0.1953125 0.18517534537725824 0.13125 0.04091392136025505
0 0.1953125 0.22821466524973433 0.13125 0.04091392136025505
0 0.1953125 0.27125398512221044 0.13125 0.04091392136025505
0 0.1953125 0.3142933049946865 0.13125 0.04091392136025505
0 0.1953125 0.3573326248671626 0.13125 0.04091392136025505
0 0.1953125 0.40037194473963866 0.13125 0.04091392136025505
0 0.1953125 0.4434112646121148 0.13125 0.04091392136025505
0 0.1953125 0.4864505844845909 0.13125 0.04091392136025505
0 0.1953125 0.6537426939426142 0.11979166666666667 0.06907545164718384
8 0.078125 0.8815090329436769 0.13125 0.03719447396386823
1 0.078125 0.9596174282678002 0.13125 0.03719447396386823
1 0.04375 0.9596174282678002 0.0625 0.03719447396386823
1 0.1125 0.9596174282678002 0.0625 0.03719447396386823
