0 0.03802083333333333 0.03400637619553666 0.051041666666666666 0.05100956429330499
11 0.48293863932291664 0.03400637619553666 0.8137939453125 0.03400637619553666
5 0.13645833333333332 0.03400637619553666 0.016666666666666666 0.03400637619553666
1 0.1375 0.03400637619553666 0.010416666666666666 0.021253985122210415
2 0.4933553059895833 0.03400637619553666 0.6887939453125 0.03400637619553666
11 0.9135172526041667 0.03400637619553666 0.02236328125 0.021253985122210415
0 0.9135172526041667 0.03400637619553666 0.02236328125 0.021253985122210415
11 0.9623494466145833 0.03400637619553666 0.05030110677083333 0.03400637619553666
0 0.9623494466145833 0.03400637619553666 0.05030110677083333 0.03400637619553666
0 0.49999593098958334 0.80605738575983 0.0971435546875 0.018065887353878853
0 0.5 0.8304994686503719 0.04715169270833333 0.018065887353878853
0 0.5 0.553931987247609 0.10416666666666667 0.06801275239107332
0 0.49999593098958334 0.80605738575983 0.0971435546875 0.018065887353878853
0 0.5 0.8304994686503719 0.04715169270833333 0.018065887353878853
0 0.48966064453125 0.9107332624867163 0.0476806640625 0.021253985122210415
1 0.89375 0.89798087141339 0.0125 0.025504782146652496
1 0.89375 0.89798087141339 0.0125 0.025504782146652496
0 0.03466389973958333 0.9671559511158342 0.019327799479166668 0.018065887353878853
0 0.09795735677083334 0.9671559511158342 0.015218098958333334 0.018065887353878853
0 0.15887858072916666 0.9671559511158342 0.014583333333333334 0.018065887353878853
0 0.22737223307291668 0.9671559511158342 0.030362955729166665 0.018065887353878853
0 0.30696207682291665 0.9671559511158342 0.03677571614583333 0.018065887353878853
0 0.3844482421875 0.9671559511158342 0.026155598958333335 0.018065887353878853
0 0.4605224609375 0.9671559511158342 0.033951822916666666 0.018065887353878853
0 0.5310750325520833 0.9671559511158342 0.0151123046875 0.018065887353878853
0 0.5961181640625 0.9671559511158342 0.022932942708333334 0.018065887353878853
0 0.6631632486979167 0.9671559511158342 0.0191162109375 0.018065887353878853
0 0.7302693684895833 0.968110719978746 0.023055013020833334 0.017850026567481404
0 0.8219319661458333 0.9681190223166843 0.0515625 0.02975557917109458
0 0.901025390625 0.9681190223166843 0.0125 0.025504782146652496
0 0.9343587239583333 0.9681190223166843 0.0125 0.025504782146652496
0 0.9676920572916666 0.9681190223166843 0.0125 0.025504782146652496
