1 0.23802083333333332 0.3246546227417641 0.0171875 0.04994686503719448
2 0.47890625 0.32784272051009566 0.171875 0.03294367693942614
2 0.5557291666666667 0.32784272051009566 0.019270833333333334 0.03294367693942614
0 0.60390625 0.3273113708820404 0.020833333333333332 0.02975557917109458
0 0.63046875 0.3273113708820404 0.020833333333333332 0.02975557917109458
0 0.6513020833333333 0.3273113708820404 0.020833333333333332 0.02975557917109458
0 0.6721354166666667 0.3273113708820404 0.020833333333333332 0.02975557917109458
0 0.69296875 0.3273113708820404 0.020833333333333332 0.02975557917109458
0 0.7138020833333333 0.3273113708820404 0.020833333333333332 0.02975557917109458
0 0.73984375 0.3273113708820404 0.019791666666666666 0.02975557917109458
0 0.7596354166666667 0.32518597236981933 0.019791666666666666 0.02975557917109458
0 0.5971354166666667 0.5157246280552603 0.020833333333333332 0.025504782146652496
0 0.7591145833333334 0.5157246280552603 0.020833333333333332 0.025504782146652496
0 0.7591145833333334 0.6602517268862912 0.020833333333333332 0.025504782146652496
0 0.69140625 0.8042474760892667 0.16145833333333334 0.04569606801275239
0 0.5967692057291667 0.8611018862911796 0.020833333333333332 0.025504782146652496
0 0.5016398111979167 0.918861251328374 0.21734212239583334 0.16227749734325186
0 0.7596354166666667 0.8611018862911796 0.020833333333333332 0.025504782146652496
0 0.69200439453125 0.9070636291179596 0.16234537760416667 0.13868225292242295
0 0.7596354166666667 0.9940472236981934 0.020833333333333332 0.011905552603613177
0 0.69200439453125 0.9887337274176408 0.16234537760416667 0.022532545164718386
0 0.3072916666666667 0.5173186769394261 0.1609375 0.04782146652497343
0 0.24739583333333334 0.5580167375132837 0.04010416666666667 0.02719845908607864
0 0.24739583333333334 0.5835215196599363 0.04010416666666667 0.02719845908607864
0 0.24739583333333334 0.6090263018065888 0.04010416666666667 0.02719845908607864
0 0.24739583333333334 0.6345310839532412 0.04010416666666667 0.02719845908607864
0 0.24739583333333334 0.6600358660998937 0.04010416666666667 0.02719845908607864
0 0.24739583333333334 0.6855406482465463 0.04010416666666667 0.02719845908607864
0 0.24739583333333334 0.7110454303931987 0.04010416666666667 0.02719845908607864
0 0.24739583333333334 0.7365502125398512 0.04010416666666667 0.02719845908607864
0 0.24739583333333334 0.7620549946865037 0.04010416666666667 0.02719845908607864
0 0.2877604166666667 0.5580167375132837 0.03958333333333333 0.02719845908607864
0 0.2877604166666667 0.5835215196599363 0.03958333333333333 0.02719845908607864
0 0.2877604166666667 0.6090263018065888 0.03958333333333333 0.02719845908607864
0 0.2877604166666667 0.6345310839532412 0.03958333333333333 0.02719845908607864
0 0.2877604166666667 0.6600358660998937 0.03958333333333333 0.02719845908607864
0 0.2877604166666667 0.6855406482465463 0.03958333333333333 0.02719845908607864
0 0.2877604166666667 0.7110454303931987 0.03958333333333333 0.02719845908607864
0 0.2877604166666667 0.7365502125398512 0.03958333333333333 0.02719845908607864
0 0.2877604166666667 0.7620549946865037 0.03958333333333333 0.02719845908607864
0 0.32786458333333335 0.5580167375132837 0.03958333333333333 0.02719845908607864
0 0.32786458333333335 0.5835215196599363 0.03958333333333333 0.02719845908607864
0 0.32786458333333335 0.6090263018065888 0.03958333333333333 0.02719845908607864
0 0.32786458333333335 0.6345310839532412 0.03958333333333333 0.02719845908607864
0 0.32786458333333335 0.6600358660998937 0.03958333333333333 0.02719845908607864
0 0.32786458333333335 0.6855406482465463 0.03958333333333333 0.02719845908607864
0 0.32786458333333335 0.7110454303931987 0.03958333333333333 0.02719845908607864
0 0.32786458333333335 0.7365502125398512 0.03958333333333333 0.02719845908607864
0 0.32786458333333335 0.7620549946865037 0.03958333333333333 0.02719845908607864
0 0.36796875 0.5580167375132837 0.03958333333333333 0.02719845908607864
0 0.36796875 0.5835215196599363 0.03958333333333333 0.02719845908607864
0 0.36796875 0.6090263018065888 0.03958333333333333 0.02719845908607864
0 0.36796875 0.6345310839532412 0.03958333333333333 0.02719845908607864
0 0.36796875 0.6600358660998937 0.03958333333333333 0.02719845908607864
0 0.36796875 0.6855406482465463 0.03958333333333333 0.02719845908607864
0 0.36796875 0.7110454303931987 0.03958333333333333 0.02719845908607864
0 0.36796875 0.7365502125398512 0.03958333333333333 0.02719845908607864
0 0.36770833333333336 0.7620549946865037 0.0390625 0.02719845908607864
0 0.26705729166666664 0.8031847768331563 0.08046875 0.04782146652497343
0 0.3475260416666667 0.8031847768331563 0.08046875 0.04782146652497343
