0 0.031168619791666668 0.013175810308182784 0.062337239583333336 0.02635162061636557
0 0.20546875 0.34112646121147716 0.1609375 0.08501594048884166
12 0.4606526692708333 0.32146652497343253 0.16573893229166667 0.09032943676939426
0 0.46267903645833336 0.2996977948990436 0.08229166666666667 0.027663390010626992
12 0.6263916015625 0.32146652497343253 0.16573893229166667 0.09032943676939426
0 0.617724609375 0.2922422954303932 0.06090494791666667 0.012752391073326248
12 0.7921305338541667 0.32146652497343253 0.16573893229166667 0.09032943676939426
0 0.8060546875 0.2922422954303932 0.10608723958333334 0.012752391073326248
0 0.1396240234375 0.41764080765143463 0.029248046875 0.06801275239107332
0 0.16886800130208332 0.41764080765143463 0.029239908854166666 0.06801275239107332
0 0.20444742838541666 0.41764080765143463 0.0419189453125 0.06801275239107332
0 0.24245198567708334 0.41764080765143463 0.03409016927083333 0.06801275239107332
0 0.2788777669270833 0.41764080765143463 0.03876139322916667 0.06801275239107332
0 0.3171875 0.41764080765143463 0.037858072916666666 0.06801275239107332
0 0.36207682291666665 0.41764080765143463 0.051920572916666664 0.06801275239107332
0 0.40380859375 0.41764080765143463 0.03154296875 0.06801275239107332
0 0.4363199869791667 0.41764080765143463 0.03347981770833333 0.06801275239107332
0 0.473388671875 0.41764080765143463 0.04065755208333333 0.06801275239107332
0 0.5119466145833333 0.41764080765143463 0.036458333333333336 0.06801275239107332
0 0.5488077799479166 0.41764080765143463 0.03726399739583333 0.06801275239107332
0 0.5887858072916666 0.41764080765143463 0.04269205729166667 0.06801275239107332
1 0.6437540690104167 0.41763250531349627 0.0665283203125 0.05610719978746015
1 0.7807657877604167 0.41764080765143463 0.18846842447916667 0.06801275239107332
1 0.7024169921875 0.41764080765143463 0.03177083333333333 0.06801275239107332
1 0.7024169921875 0.41764080765143463 0.03177083333333333 0.06801275239107332
1 0.7026774088541666 0.41764080765143463 0.00625 0.01700318809776833
1 0.7588338216145833 0.41764080765143463 0.08106282552083334 0.06801275239107332
1 0.7588338216145833 0.41764080765143463 0.08106282552083334 0.06801275239107332
1 0.7588338216145833 0.41764080765143463 0.05606282552083333 0.01700318809776833
1 0.7588338216145833 0.41764080765143463 0.05606282552083333 0.01700318809776833
1 0.8233805338541667 0.41764080765143463 0.04803059895833333 0.06801275239107332
1 0.8233805338541667 0.41764080765143463 0.04803059895833333 0.06801275239107332
1 0.8611979166666667 0.41764080765143463 0.027604166666666666 0.06801275239107332
1 0.8611979166666667 0.41764080765143463 0.027604166666666666 0.06801275239107332
1 0.865625 0.41764080765143463 0.010416666666666666 0.01487778958554729
12 0.20509033203125 0.7003188097768331 0.1601806640625 0.1275239107332625
0 0.20509033203125 0.69394261424017 0.1601806640625 0.11477151965993623
12 0.20509033203125 0.822529224229543 0.1601806640625 0.08289054197662062
0 0.20509033203125 0.8161530286928799 0.1601806640625 0.07013815090329437
12 0.20509033203125 0.9107332624867163 0.1601806640625 0.05951115834218916
0 0.20509033203125 0.9043570669500531 0.1601806640625 0.04675876726886291
12 0.3736043294270833 0.742943012752391 0.1601806640625 0.21277231668437832
0 0.3736043294270833 0.7003188097768331 0.1601806640625 0.1275239107332625
0 0.5421223958333333 0.738692215727949 0.16018880208333333 0.20427072263549415
12 0.4578653971354167 0.8960879383634431 0.32870279947916664 0.05951115834218916
0 0.4578653971354167 0.88971174282678 0.32870279947916664 0.04675876726886291
12 0.3736043294270833 0.971423352816153 0.1601806640625 0.057153294367693945
0 0.3736043294270833 0.971423352816153 0.1601806640625 0.057153294367693945
12 0.5421223958333333 0.971423352816153 0.16018880208333333 0.057153294367693945
0 0.5254557291666667 0.9841757438894793 0.12685546875 0.031648512221041446
0 0.49598388671875 0.9545363974495218 0.06791178385416667 0.023379383634431455
0 0.606591796875 0.971423352816153 0.03125 0.057153294367693945
12 0.7548543294270833 0.9048884165781084 0.24027506510416666 0.1902231668437832
0 0.7548502604166667 0.8416578108395324 0.03125 0.06376195536663125
0 0.7548543294270833 0.8916046758767269 0.07714029947916666 0.019128586609989374
0 0.7548543294270833 0.9527098831030818 0.2361083984375 0.09458023379383634
0 0.5020833333333333 0.6267434909670563 0.13229166666666667 0.05419766206163656
1 0.63125 0.3535799681190223 0.007291666666666667 0.01487778958554729
