0 0.28142903645833334 0.0536663124335813 0.05032552083333333 0.025504782146652496
0 0.25037841796875 0.10945802337938364 0.0384033203125 0.025504782146652496
0 0.29628092447916665 0.10945802337938364 0.041748046875 0.025504782146652496
0 0.178125 0.3650371944739639 0.078125 0.18597236981934112
0 0.334375 0.3650371944739639 0.078125 0.18597236981934112
0 0.490625 0.3650371944739639 0.078125 0.18597236981934112
0 0.646875 0.3650371944739639 0.078125 0.18597236981934112
0 0.803125 0.3650371944739639 0.078125 0.18597236981934112
0 0.178125 0.5510095642933049 0.078125 0.18597236981934112
0 0.334375 0.5510095642933049 0.078125 0.18597236981934112
0 0.490625 0.5510095642933049 0.078125 0.18597236981934112
0 0.646875 0.5510095642933049 0.078125 0.18597236981934112
0 0.803125 0.5510095642933049 0.078125 0.18597236981934112
0 0.178125 0.7369819341126461 0.078125 0.18597236981934112
0 0.334375 0.7369819341126461 0.078125 0.18597236981934112
0 0.490625 0.7369819341126461 0.078125 0.18597236981934112
0 0.646875 0.7369819341126461 0.078125 0.18597236981934112
0 0.803125 0.7369819341126461 0.078125 0.18597236981934112
0 0.178125 0.9149840595111584 0.078125 0.17003188097768332
0 0.334375 0.9149840595111584 0.078125 0.17003188097768332
0 0.490625 0.9149840595111584 0.078125 0.17003188097768332
