0 0.03463541666666667 0.03294367693942614 0.0484375 0.057385759829968117
0 0.09915771484375 0.03294367693942614 0.0389404296875 0.03825717321997875
0 0.14206949869791666 0.03294367693942614 0.0447998046875 0.03825717321997875
0 0.20376383463541667 0.03294367693942614 0.07650553385416667 0.03825717321997875
0 0.27104085286458335 0.03294367693942614 0.05596516927083333 0.03825717321997875
0 0.3246053059895833 0.03294367693942614 0.04908040364583333 0.03825717321997875
0 0.38072509765625 0.03294367693942614 0.061075846354166664 0.03825717321997875
0 0.43836669921875 0.03294367693942614 0.0521240234375 0.03825717321997875
0 0.483642578125 0.03294367693942614 0.03634440104166667 0.03825717321997875
0 0.5313761393229167 0.03294367693942614 0.05703938802083333 0.03825717321997875
1 0.6007039388020833 0.03294367693942614 0.07953287760416666 0.03825717321997875
0 0.8903727213541667 0.03294367693942614 0.06484375 0.03825717321997875
1 0.94681396484375 0.03294367693942614 0.0438720703125 0.03825717321997875
1 0.196875 0.10626992561105207 0.13541666666666666 0.03825717321997875
1 0.196875 0.153028692879915 0.13541666666666666 0.03825717321997875
0 0.196875 0.25292242295430395 0.15625 0.09351753453772582
0 0.19166666666666668 0.34962805526036134 0.125 0.040382571732199786
0 0.18625895182291666 0.35756074457442216 0.0641845703125 0.015940488841657812
1 0.259375 0.34962805526036134 0.010416666666666666 0.025504782146652496
0 0.13819173177083333 0.40807651434643993 0.018050130208333334 0.05100956429330499
0 0.15774739583333333 0.40807651434643993 0.018050130208333334 0.05100956429330499
0 0.17730305989583334 0.40807651434643993 0.018050130208333334 0.05100956429330499
0 0.19685872395833334 0.40807651434643993 0.018050130208333334 0.05100956429330499
0 0.21641438802083332 0.40807651434643993 0.018050130208333334 0.05100956429330499
0 0.23597005208333333 0.40807651434643993 0.018050130208333334 0.05100956429330499
0 0.25552571614583336 0.40807651434643993 0.018050130208333334 0.05100956429330499
8 0.196875 0.4527098831030818 0.13541666666666666 0.03825717321997875
8 0.196875 0.4527098831030818 0.010416666666666666 0.021253985122210415
0 0.196875 0.5292242295430393 0.15625 0.06376195536663125
0 0.18323974609375 0.5823591923485654 0.1289794921875 0.04250797024442083
0 0.13877360026041666 0.6248671625929861 0.04004720052083333 0.04250797024442083
1 0.859375 0.0871413390010627 0.04375 0.04250797024442083
1 0.859375 0.0871413390010627 0.04375 0.04250797024442083
0 0.30975748697916666 0.13602550478214664 0.04034830729166667 0.023379383634431455
0 0.3598876953125 0.13602550478214664 0.04324544270833333 0.023379383634431455
0 0.40905354817708334 0.13602550478214664 0.03841959635416667 0.023379383634431455
0 0.49803059895833335 0.13602550478214664 0.11453450520833333 0.025504782146652496
0 0.5833333333333334 0.2157279489904357 0.5958333333333333 0.09564293304994687
1 0.8511555989583334 0.23379383634431455 0.047688802083333336 0.03400637619553666
0 0.3068318684895833 0.29968119022316686 0.042830403645833334 0.03400637619553666
0 0.3419270833333333 0.29968119022316686 0.027360026041666666 0.03400637619553666
0 0.37791748046875 0.29968119022316686 0.04462076822916667 0.03400637619553666
0 0.417333984375 0.29968119022316686 0.03421223958333333 0.03400637619553666
0 0.44939778645833334 0.29968119022316686 0.029915364583333333 0.03400637619553666
0 0.478662109375 0.29968119022316686 0.02861328125 0.03400637619553666
0 0.5076822916666667 0.29968119022316686 0.029427083333333333 0.03400637619553666
0 0.5416056315104166 0.29968119022316686 0.03841959635416667 0.03400637619553666
0 0.5758626302083333 0.29968119022316686 0.030094401041666666 0.03400637619553666
0 0.6196248372395833 0.29968119022316686 0.05743001302083333 0.03400637619553666
0 0.67191162109375 0.29968119022316686 0.0471435546875 0.03400637619553666
0 0.7179484049479167 0.29968119022316686 0.04493001302083333 0.03400637619553666
1 0.29583333333333334 0.29968119022316686 0.020833333333333332 0.03400637619553666
0 0.5010416666666667 0.3485653560042508 0.4270833333333333 0.02975557917109458
0 0.5005208333333333 0.3953241232731137 0.428125 0.05526036131774708
0 0.39651285807291664 0.4399574920297556 0.2159423828125 0.021253985122210415
0 0.42330729166666664 0.46971307120085015 0.26953125 0.021253985122210415
0 0.39140218098958335 0.49946865037194477 0.20572102864583333 0.021253985122210415
0 0.3944295247395833 0.5292242295430393 0.21177571614583332 0.021253985122210415
0 0.3781209309895833 0.5589798087141339 0.17915852864583334 0.021253985122210415
0 0.41597900390625 0.5887353878852285 0.2548746744791667 0.021253985122210415
0 0.38345133463541664 0.6184909670563231 0.1898193359375 0.021253985122210415
0 0.4155029296875 0.6482465462274176 0.25392252604166665 0.021253985122210415
0 0.4083984375 0.6780021253985122 0.23971354166666667 0.021253985122210415
0 0.39267171223958336 0.7077577045696068 0.20826009114583333 0.021253985122210415
0 0.42608642578125 0.7375132837407014 0.27508951822916666 0.021253985122210415
0 0.4025065104166667 0.767268862911796 0.2279296875 0.021253985122210415
0 0.4207967122395833 0.7970244420828906 0.26451009114583335 0.021253985122210415
0 0.3983235677083333 0.8267800212539851 0.21956380208333334 0.021253985122210415
0 0.803125 0.359192348565356 0.15625 0.05100956429330499
1 0.740625 0.361317747077577 0.010416666666666666 0.021253985122210415
0 0.7680826822916667 0.361317747077577 0.03616536458333333 0.021253985122210415
1 0.6591389973958334 0.4357066950053135 0.026611328125 0.03825717321997875
1 0.69190673828125 0.4357066950053135 0.0305908203125 0.03825717321997875
1 0.7166666666666667 0.3841657810839532 0.010416666666666666 0.024442082890541977
0 0.865625 0.361317747077577 0.010416666666666666 0.021253985122210415
0 0.803125 0.4070138150903294 0.15625 0.044633368756641874
0 0.803125 0.4707757704569607 0.15625 0.08289054197662062
0 0.803125 0.5483528161530287 0.15625 0.04675876726886291
0 0.803125 0.6046758767268863 0.14791666666666667 0.06588735387885228
0 0.803125 0.6748140276301806 0.14791666666666667 0.06588735387885228
0 0.803125 0.7449521785334751 0.14791666666666667 0.06588735387885228
0 0.3080240885416667 0.8777895855472901 0.04521484375 0.03825717321997875
1 0.3734212239583333 0.8777895855472901 0.06891276041666666 0.03825717321997875
0 0.5833333333333334 0.9309245483528161 0.5958333333333333 0.03825717321997875
1 0.3819498697916667 0.956163655685441 0.19305013020833334 0.08767268862911796
1 0.3819498697916667 0.956163655685441 0.19305013020833334 0.08767268862911796
0 0.3819498697916667 0.956163655685441 0.19305013020833334 0.08767268862911796
1 0.784716796875 0.956163655685441 0.19305013020833334 0.08767268862911796
1 0.784716796875 0.956163655685441 0.19305013020833334 0.08767268862911796
0 0.784716796875 0.956163655685441 0.19305013020833334 0.08767268862911796
1 0.15416666666666667 0.6068012752391073 0.016666666666666666 0.03400637619553666
1 0.08854166666666667 0.9362380446333688 0.13125 0.03400637619553666
1 0.0536865234375 0.9362380446333688 0.061539713541666666 0.03400637619553666
