1 0.11666666666666667 0.03506907545164718 0.016666666666666666 0.03400637619553666
6 0.11666666666666667 0.03506907545164718 0.016666666666666666 0.03400637619553666
1 0.11666666666666667 0.03506907545164718 0.016666666666666666 0.03400637619553666
8 0.11666666666666667 0.03506907545164718 0.0005208333333333333 0.0010626992561105207
8 0.16822916666666668 0.06907545164718384 0.12083333333333333 0.03400637619553666
1 0.15627034505208334 0.10683448459086078 0.0802490234375 0.023379383634431455
0 0.16822916666666668 0.14721705632306056 0.10416666666666667 0.02975557917109458
0 0.16822916666666668 0.17845045164718384 0.10416666666666667 0.02975557917109458
0 0.16822916666666668 0.20968384697130713 0.10416666666666667 0.02975557917109458
0 0.16822916666666668 0.2409172422954304 0.10416666666666667 0.02975557917109458
0 0.16822916666666668 0.27215063761955366 0.10416666666666667 0.02975557917109458
0 0.16822916666666668 0.30338403294367694 0.10416666666666667 0.02975557917109458
0 0.16822916666666668 0.3346174282678002 0.10416666666666667 0.02975557917109458
0 0.16822916666666668 0.4079436769394261 0.10416666666666667 0.02975557917109458
0 0.16822916666666668 0.4391770722635494 0.10416666666666667 0.02975557917109458
0 0.16822916666666668 0.4704104675876727 0.10416666666666667 0.02975557917109458
0 0.16822916666666668 0.501643862911796 0.10416666666666667 0.02975557917109458
0 0.16822916666666668 0.5328772582359192 0.10416666666666667 0.02975557917109458
0 0.16822916666666668 0.5641106535600425 0.10416666666666667 0.02975557917109458
0 0.16822916666666668 0.5953440488841658 0.10416666666666667 0.02975557917109458
0 0.16822916666666668 0.6265774442082891 0.10416666666666667 0.02975557917109458
0 0.16822916666666668 0.6578108395324124 0.10416666666666667 0.02975557917109458
0 0.19010416666666666 0.03506907545164718 0.115625 0.053134962805526036
1 0.3770833333333333 0.03506907545164718 0.24791666666666667 0.03400637619553666
2 0.353662109375 0.03506907545164718 0.20107421875 0.03400637619553666
1 0.47736002604166666 0.03506907545164718 0.04736328125 0.03400637619553666
0 0.77247314453125 0.03506907545164718 0.032430013020833336 0.01700318809776833
0 0.8187906901041667 0.03506907545164718 0.05187174479166667 0.01700318809776833
0 0.8588216145833333 0.03506907545164718 0.019856770833333332 0.01700318809776833
1 0.88125 0.03506907545164718 0.020833333333333332 0.03400637619553666
6 0.88125 0.03506907545164718 0.020833333333333332 0.03400637619553666
1 0.88125 0.03506907545164718 0.016666666666666666 0.03400637619553666
8 0.88125 0.03506907545164718 0.0005208333333333333 0.0010626992561105207
8 0.83125 0.06907545164718384 0.12083333333333333 0.03400637619553666
0 0.851318359375 0.09458023379383634 0.04052734375 0.01700318809776833
0 0.83125 0.1179596174282678 0.10416666666666667 0.02975557917109458
0 0.83125 0.14771519659936239 0.10416666666666667 0.02975557917109458
0 0.5 0.1793720111583422 0.7770833333333333 0.1673585281615303
0 0.8785441080729167 0.11609159139213603 0.0199951171875 0.04079768862911796
1 0.8766805013020833 0.28462074920297553 0.020011393229166667 0.015940488841657812
0 0.13740234375 0.3122509298618491 0.05188802083333333 0.039319872476089264
0 0.1885009765625 0.3122509298618491 0.033642578125 0.039319872476089264
0 0.5939656575520833 0.3122509298618491 0.010538736979166666 0.039319872476089264
0 0.62216796875 0.3122509298618491 0.02919921875 0.039319872476089264
0 0.6651652018229167 0.3122509298618491 0.04012858072916667 0.039319872476089264
8 0.7202189127604167 0.3106568809776833 0.05331217447916667 0.036131774707757705
6 0.7202189127604167 0.3106568809776833 0.05331217447916667 0.036131774707757705
1 0.7202189127604167 0.3111882306057386 0.05331217447916667 0.03719447396386823
8 0.7142293294270833 0.31384497874601486 0.0413330078125 0.01700318809776833
8 0.6864583333333333 0.3457259564293305 0.12083333333333333 0.03400637619553666
1 0.67449951171875 0.38348498937300746 0.0802490234375 0.023379383634431455
0 0.6864583333333333 0.46106203506907545 0.10416666666666667 0.02975557917109458
0 0.6864583333333333 0.49229543039319873 0.10416666666666667 0.02975557917109458
0 0.6864583333333333 0.523528825717322 0.10416666666666667 0.02975557917109458
0 0.6864583333333333 0.5547622210414452 0.10416666666666667 0.02975557917109458
0 0.6864583333333333 0.5859956163655685 0.10416666666666667 0.02975557917109458
0 0.6864583333333333 0.6172290116896918 0.10416666666666667 0.02975557917109458
0 0.6864583333333333 0.6484624070138151 0.10416666666666667 0.02975557917109458
0 0.6864583333333333 0.6796958023379384 0.10416666666666667 0.02975557917109458
0 0.6864583333333333 0.7109291976620616 0.10416666666666667 0.02975557917109458
0 0.6864583333333333 0.7842554463336876 0.10416666666666667 0.02975557917109458
0 0.6864583333333333 0.8154888416578109 0.10416666666666667 0.02975557917109458
0 0.6864583333333333 0.8467222369819342 0.10416666666666667 0.02975557917109458
0 0.6864583333333333 0.92004848565356 0.10416666666666667 0.02975557917109458
0 0.6864583333333333 0.9512818809776833 0.10416666666666667 0.02975557917109458
0 0.6864583333333333 0.9825152763018066 0.10416666666666667 0.02975557917109458
0 0.6864583333333333 0.9994354410201913 0.10416666666666667 0.0011291179596174283
1 0.8121663411458333 0.35401168969181723 0.027099609375 0.023379383634431455
7 0.7729166666666667 0.434278692879915 0.010416666666666666 0.021253985122210415
5 0.8239583333333333 0.434278692879915 0.1125 0.021253985122210415
7 0.7729166666666667 0.46828506907545164 0.010416666666666666 0.021253985122210415
5 0.8239583333333333 0.46828506907545164 0.1125 0.021253985122210415
7 0.7729166666666667 0.5022914452709883 0.010416666666666666 0.021253985122210415
5 0.8239583333333333 0.5022914452709883 0.1125 0.021253985122210415
7 0.7729166666666667 0.5798684909670563 0.010416666666666666 0.021253985122210415
5 0.8239583333333333 0.5798684909670563 0.1125 0.021253985122210415
7 0.7729166666666667 0.613874867162593 0.010416666666666666 0.021253985122210415
5 0.8239583333333333 0.613874867162593 0.1125 0.021253985122210415
7 0.7729166666666667 0.691451912858661 0.010416666666666666 0.021253985122210415
5 0.8239583333333333 0.691451912858661 0.1125 0.021253985122210415
7 0.7729166666666667 0.7254582890541976 0.010416666666666666 0.021253985122210415
5 0.8239583333333333 0.7254582890541976 0.1125 0.021253985122210415
7 0.7729166666666667 0.7594646652497343 0.010416666666666666 0.021253985122210415
5 0.8239583333333333 0.7594646652497343 0.1125 0.021253985122210415
0 0.25210367838541664 0.3986450584484591 0.10205891927083334 0.04782146652497343
0 0.3627726236979167 0.3986450584484591 0.07827962239583333 0.04782146652497343
0 0.23771565755208332 0.4412526567481403 0.0602294921875 0.025504782146652496
0 0.28077392578125 0.4412526567481403 0.019864908854166665 0.025504782146652496
0 0.39385579427083334 0.4412526567481403 0.026806640625 0.025504782146652496
0 0.6095621744791667 0.39886091923485656 0.025016276041666667 0.019128586609989374
0 0.6568155924479167 0.39886091923485656 0.037068684895833336 0.019128586609989374
0 0.6280965169270833 0.42605937832093516 0.0537353515625 0.019128586609989374
0 0.5437784830729167 0.461759431455898 0.0213134765625 0.019128586609989374
0 0.5725056966145833 0.461759431455898 0.0222412109375 0.019128586609989374
0 0.6095703125 0.461759431455898 0.03798828125 0.019128586609989374
0 0.6512613932291667 0.461759431455898 0.031494140625 0.019128586609989374
0 0.68692626953125 0.461759431455898 0.025935872395833334 0.019128586609989374
0 0.14837646484375 0.5389047555791711 0.013761393229166667 0.01700318809776833
0 0.21856689453125 0.5389047555791711 0.03335774739583333 0.01700318809776833
0 0.28875325520833334 0.5389047555791711 0.025016276041666667 0.01700318809776833
0 0.35894368489583334 0.5389047555791711 0.0279296875 0.01700318809776833
0 0.42913411458333334 0.5389047555791711 0.032942708333333334 0.01700318809776833
0 0.49932454427083334 0.5389047555791711 0.025423177083333335 0.01700318809776833
0 0.5695149739583333 0.5389047555791711 0.03876953125 0.01700318809776833
0 0.6397054036458333 0.5389047555791711 0.03544921875 0.01700318809776833
0 0.70992431640625 0.5389047555791711 0.0358642578125 0.01700318809776833
0 0.4105631510416667 0.7164917640807651 0.078125 0.12539851222104145
0 0.4418131510416667 0.7632505313496281 0.010416666666666666 0.021253985122210415
0 0.14275716145833334 0.6750464930924548 0.05218098958333333 0.019128586609989374
0 0.22512613932291667 0.6750464930924548 0.057902018229166664 0.019128586609989374
0 0.232861328125 0.6886457226354942 0.23238932291666667 0.04632704569606801
0 0.2171875 0.7294434112646121 0.101904296875 0.019128586609989374
0 0.31724853515625 0.7294434112646121 0.0574462890625 0.019128586609989374
0 0.23711344401041667 0.77024109989373 0.2408935546875 0.04632704569606801
0 0.20653076171875 0.811038788522848 0.06021321614583333 0.019128586609989374
0 0.31514892578125 0.8382372476089267 0.0671630859375 0.019128586609989374
0 0.14261067708333333 0.8654357066950054 0.05188802083333333 0.019128586609989374
0 0.12338460286458333 0.8926341657810839 0.013435872395833333 0.019128586609989374
0 0.26212158203125 0.8926341657810839 0.0630126953125 0.019128586609989374
0 0.17318522135416667 0.9198326248671626 0.06114908854166667 0.019128586609989374
0 0.27881266276041666 0.9334318544102019 0.3242919921875 0.04632704569606801
0 0.3075154622395833 0.9470310839532412 0.11026204427083333 0.019128586609989374
0 0.39368082682291666 0.9470310839532412 0.0528076171875 0.019128586609989374
0 0.280419921875 0.9606303134962806 0.3275065104166667 0.04632704569606801
0 0.19333089192708333 0.9742295430393199 0.08477376302083334 0.019128586609989374
0 0.25563151041666665 0.9742295430393199 0.03056640625 0.019128586609989374
0 0.32357584635416664 0.9742295430393199 0.08678385416666666 0.019128586609989374
0 0.270458984375 0.9959318544102019 0.04632161458333333 0.008136291179596175
0 0.70859375 0.7441219447396387 0.06614583333333333 0.1806588735387885
0 0.7338541666666667 0.8185108926673751 0.010416666666666666 0.021253985122210415
0 0.48460286458333335 0.6716425345377258 0.020377604166666667 0.019128586609989374
0 0.5401896158854167 0.6716425345377258 0.023152669270833332 0.019128586609989374
0 0.5909586588541667 0.6716425345377258 0.050732421875 0.019128586609989374
0 0.517724609375 0.6988409936238045 0.026399739583333335 0.019128586609989374
0 0.5635823567708333 0.7277331296493093 0.059733072916666664 0.019128586609989374
0 0.525830078125 0.7549315887353879 0.026871744791666666 0.019128586609989374
0 0.6271809895833333 0.7549315887353879 0.024788411458333333 0.019128586609989374
0 0.5708984375 0.7838237247608927 0.12998046875 0.019128586609989374
0 0.4950358072916667 0.8110221838469713 0.02734375 0.019128586609989374
0 0.5566609700520834 0.8110221838469713 0.0365966796875 0.019128586609989374
0 0.5040445963541667 0.8399143198724761 0.05926106770833333 0.019128586609989374
0 0.65091552734375 0.8671127789585548 0.06021321614583333 0.019128586609989374
0 0.4988321940104167 0.9028128320935175 0.07549641927083334 0.019128586609989374
0 0.5859090169270833 0.9028128320935175 0.08846842447916667 0.019128586609989374
0 0.6765950520833334 0.9028128320935175 0.07779947916666667 0.019128586609989374
0 0.5036905924479167 0.9300112911795961 0.08521321614583334 0.019128586609989374
0 0.57061767578125 0.9300112911795961 0.0384521484375 0.019128586609989374
0 0.6411661783854167 0.9300112911795961 0.08199055989583333 0.019128586609989374
0 0.4930419921875 0.9572097502656748 0.063916015625 0.019128586609989374
0 0.5431925455729166 0.9572097502656748 0.0272705078125 0.019128586609989374
0 0.5883382161458334 0.9572097502656748 0.04791666666666667 0.019128586609989374
0 0.65482177734375 0.9572097502656748 0.0699462890625 0.019128586609989374
0 0.7193522135416667 0.9572097502656748 0.04401041666666667 0.019128586609989374
0 0.5034505208333333 0.9844082093517534 0.074267578125 0.019128586609989374
0 0.5880940755208334 0.9844082093517534 0.08037109375 0.019128586609989374
0 0.6611979166666667 0.9844082093517534 0.051188151041666664 0.019128586609989374
