0 0.5 0.0005313496280552603 0.0005208333333333333 0.0010626992561105207
1 0.25540771484375 0.01933614505844846 0.10664876302083333 0.030170696068012752
0 0.6312906901041667 0.020614705100956428 0.029329427083333335 0.02422622210414453
0 0.66456298828125 0.020614705100956428 0.020548502604166668 0.02422622210414453
0 0.6978556315104166 0.020614705100956428 0.0293701171875 0.02422622210414453
0 0.73939208984375 0.020614705100956428 0.0370361328125 0.02422622210414453
0 0.782080078125 0.020614705100956428 0.03167317708333333 0.02422622210414453
0 0.25833333333333336 0.09564293304994687 0.1125 0.06801275239107332
8 0.5 0.1769394261424017 0.6125 0.05844845908607864
0 0.22076009114583334 0.1769394261424017 0.05402018229166667 0.05844845908607864
0 0.284326171875 0.1769394261424017 0.07311197916666666 0.05844845908607864
0 0.3646158854166667 0.1769394261424017 0.08746744791666666 0.05844845908607864
0 0.43509521484375 0.1769394261424017 0.0534912109375 0.05844845908607864
2 0.33489583333333334 0.5157578374070139 0.265625 0.053134962805526036
1 0.4765625 0.5157578374070139 0.026041666666666668 0.053134962805526036
1 0.23702392578125 0.8096772051009564 0.06988118489583334 0.04343783209351754
1 0.3176025390625 0.8096772051009564 0.074609375 0.04343783209351754
1 0.4077962239583333 0.8096772051009564 0.089111328125 0.04343783209351754
1 0.5044596354166667 0.8096772051009564 0.087548828125 0.04343783209351754
1 0.5833455403645833 0.8096772051009564 0.05355631510416667 0.04343783209351754
1 0.6615559895833333 0.8096772051009564 0.08619791666666667 0.04343783209351754
1 0.9882283528645833 0.8783209351753454 0.023543294270833334 0.052072263549415514
