1 0.11666666666666667 0.03506907545164718 0.016666666666666666 0.03400637619553666
6 0.11666666666666667 0.03506907545164718 0.016666666666666666 0.03400637619553666
1 0.11666666666666667 0.03506907545164718 0.016666666666666666 0.03400637619553666
8 0.11666666666666667 0.03506907545164718 0.0005208333333333333 0.0010626992561105207
8 0.15727132161458332 0.06907545164718384 0.09891764322916667 0.03400637619553666
1 0.18345947265625 0.0818278427205101 0.029874674479166665 0.023379383634431455
0 0.15727132161458332 0.1227749734325186 0.0822509765625 0.02975557917109458
0 0.15727132161458332 0.15400836875664187 0.0822509765625 0.02975557917109458
0 0.15727132161458332 0.18524176408076515 0.0822509765625 0.02975557917109458
0 0.15727132161458332 0.21647515940488843 0.0822509765625 0.02975557917109458
0 0.15727132161458332 0.24770855472901168 0.0822509765625 0.02975557917109458
0 0.15727132161458332 0.3210348034006376 0.0822509765625 0.02975557917109458
0 0.15727132161458332 0.3522681987247609 0.0822509765625 0.02975557917109458
0 0.15727132161458332 0.4255944473963868 0.0822509765625 0.02975557917109458
0 0.15727132161458332 0.4568278427205101 0.0822509765625 0.02975557917109458
0 0.15727132161458332 0.48806123804463336 0.0822509765625 0.02975557917109458
0 0.15727132161458332 0.5192946333687567 0.0822509765625 0.02975557917109458
0 0.15727132161458332 0.5505280286928799 0.0822509765625 0.02975557917109458
0 0.15727132161458332 0.5817614240170031 0.0822509765625 0.02975557917109458
0 0.19010416666666666 0.03506907545164718 0.115625 0.053134962805526036
1 0.3770833333333333 0.03506907545164718 0.24791666666666667 0.03400637619553666
2 0.35954182942708335 0.03506907545164718 0.21283365885416666 0.03400637619553666
1 0.48323974609375 0.03506907545164718 0.035603841145833336 0.03400637619553666
0 0.74957275390625 0.03506907545164718 0.06605631510416667 0.01700318809776833
0 0.80804443359375 0.03506907545164718 0.0425537109375 0.01700318809776833
0 0.8511189778645833 0.03506907545164718 0.035262044270833334 0.01700318809776833
1 0.88125 0.03506907545164718 0.020833333333333332 0.03400637619553666
6 0.88125 0.03506907545164718 0.020833333333333332 0.03400637619553666
1 0.88125 0.03506907545164718 0.016666666666666666 0.03400637619553666
8 0.88125 0.03506907545164718 0.0005208333333333333 0.0010626992561105207
8 0.83125 0.06907545164718384 0.12083333333333333 0.03400637619553666
0 0.8434122721354167 0.09458023379383634 0.0652587890625 0.01700318809776833
0 0.83125 0.1179596174282678 0.10416666666666667 0.02975557917109458
0 0.83125 0.14771519659936239 0.10416666666666667 0.02975557917109458
8 0.7140218098958333 0.11269593517534537 0.07820638020833333 0.03400637619553666
6 0.7140218098958333 0.11269593517534537 0.07820638020833333 0.03400637619553666
1 0.7140218098958333 0.11269593517534537 0.07820638020833333 0.03400637619553666
8 0.7158447265625 0.11269593517534537 0.038102213541666666 0.01700318809776833
0 0.13476969401041666 0.14935905951115835 0.04662272135416667 0.039319872476089264
0 0.18120524088541667 0.14935905951115835 0.029581705729166668 0.039319872476089264
0 0.5689290364583334 0.14935905951115835 0.020263671875 0.039319872476089264
0 0.6092814127604167 0.14935905951115835 0.0437744140625 0.039319872476089264
0 0.6666178385416667 0.14935905951115835 0.05423177083333333 0.039319872476089264
8 0.7244710286458333 0.14776501062699257 0.04480794270833333 0.036131774707757705
6 0.7244710286458333 0.14776501062699257 0.04480794270833333 0.036131774707757705
1 0.7244710286458333 0.14829636025504783 0.04480794270833333 0.03719447396386823
8 0.7184814453125 0.15095310839532414 0.03282877604166667 0.01700318809776833
8 0.69254150390625 0.18283408607863974 0.1086669921875 0.03400637619553666
1 0.7017130533854167 0.195586477151966 0.029874674479166665 0.023379383634431455
0 0.69254150390625 0.2737280818278427 0.09200032552083333 0.02975557917109458
0 0.69254150390625 0.304961477151966 0.09200032552083333 0.02975557917109458
0 0.69254150390625 0.33619487247608926 0.09200032552083333 0.02975557917109458
0 0.69254150390625 0.36742826780021254 0.09200032552083333 0.02975557917109458
0 0.69254150390625 0.3986616631243358 0.09200032552083333 0.02975557917109458
0 0.69254150390625 0.4298950584484591 0.09200032552083333 0.02975557917109458
0 0.69254150390625 0.4611284537725824 0.09200032552083333 0.02975557917109458
0 0.69254150390625 0.4923618490967056 0.09200032552083333 0.02975557917109458
0 0.69254150390625 0.5235952444208289 0.09200032552083333 0.02975557917109458
0 0.69254150390625 0.5969214930924548 0.09200032552083333 0.02975557917109458
0 0.69254150390625 0.6281548884165781 0.09200032552083333 0.02975557917109458
0 0.69254150390625 0.6593882837407014 0.09200032552083333 0.02975557917109458
0 0.69254150390625 0.7327145324123273 0.09200032552083333 0.02975557917109458
0 0.69254150390625 0.7639479277364506 0.09200032552083333 0.02975557917109458
0 0.69254150390625 0.7951813230605739 0.09200032552083333 0.02975557917109458
0 0.69254150390625 0.8264147183846972 0.09200032552083333 0.02975557917109458
0 0.69254150390625 0.8576481137088204 0.09200032552083333 0.02975557917109458
0 0.69254150390625 0.8888815090329437 0.09200032552083333 0.02975557917109458
0 0.69254150390625 0.920114904357067 0.09200032552083333 0.02975557917109458
0 0.69254150390625 0.9513482996811902 0.09200032552083333 0.02975557917109458
0 0.69254150390625 0.9825816950053134 0.09200032552083333 0.02975557917109458
0 0.69254150390625 0.9994686503719448 0.09200032552083333 0.0010626992561105207
1 0.8104736328125 0.1571134431455898 0.021533203125 0.023379383634431455
7 0.7729166666666667 0.23738044633368757 0.010416666666666666 0.021253985122210415
5 0.8239583333333333 0.23738044633368757 0.1125 0.021253985122210415
7 0.7729166666666667 0.27138682252922425 0.010416666666666666 0.021253985122210415
5 0.8239583333333333 0.27138682252922425 0.1125 0.021253985122210415
7 0.7729166666666667 0.3053931987247609 0.010416666666666666 0.021253985122210415
5 0.8239583333333333 0.3053931987247609 0.1125 0.021253985122210415
7 0.7729166666666667 0.3829702444208289 0.010416666666666666 0.021253985122210415
5 0.8239583333333333 0.3829702444208289 0.1125 0.021253985122210415
7 0.7729166666666667 0.4169766206163656 0.010416666666666666 0.021253985122210415
5 0.8239583333333333 0.4169766206163656 0.1125 0.021253985122210415
7 0.7729166666666667 0.4945536663124336 0.010416666666666666 0.021253985122210415
5 0.8239583333333333 0.4945536663124336 0.1125 0.021253985122210415
7 0.7729166666666667 0.5285600425079703 0.010416666666666666 0.021253985122210415
5 0.8239583333333333 0.5285600425079703 0.1125 0.021253985122210415
7 0.7729166666666667 0.5625664187035069 0.010416666666666666 0.021253985122210415
5 0.8239583333333333 0.5625664187035069 0.1125 0.021253985122210415
0 0.21720377604166666 0.2317182518597237 0.07228190104166667 0.03825717321997875
0 0.1327880859375 0.2733627789585547 0.025992838541666667 0.022316684378320937
0 0.1735595703125 0.2733627789585547 0.050455729166666664 0.022316684378320937
0 0.27495930989583334 0.2733627789585547 0.09630533854166666 0.022316684378320937
0 0.140185546875 0.30326780021253985 0.040787760416666666 0.022316684378320937
0 0.2829508463541667 0.30326780021253985 0.05553385416666667 0.022316684378320937
0 0.6135172526041667 0.22459484590860787 0.078466796875 0.022316684378320937
0 0.5309977213541667 0.2638482996811902 0.048909505208333336 0.022316684378320937
0 0.6027384440104167 0.2638482996811902 0.0779541015625 0.022316684378320937
0 0.68365478515625 0.2638482996811902 0.0672607421875 0.022316684378320937
0 0.548828125 0.29375332093517537 0.08712565104166667 0.022316684378320937
0 0.6186686197916667 0.29375332093517537 0.03610026041666667 0.022316684378320937
0 0.66209716796875 0.29375332093517537 0.034138997395833336 0.022316684378320937
0 0.70301513671875 0.29375332093517537 0.0310791015625 0.022316684378320937
0 0.5250528971354167 0.32365834218916045 0.029044596354166667 0.022316684378320937
0 0.5618977864583333 0.32365834218916045 0.02802734375 0.022316684378320937
0 0.6209065755208333 0.32365834218916045 0.06827799479166667 0.022316684378320937
0 0.6883260091145833 0.32365834218916045 0.049943033854166666 0.022316684378320937
0 0.5595255533854167 0.3535633634431456 0.061661783854166666 0.022316684378320937
0 0.6096232096354167 0.3535633634431456 0.021915690104166666 0.022316684378320937
0 0.6426472981770833 0.3535633634431456 0.0275146484375 0.022316684378320937
0 0.6828043619791667 0.3535633634431456 0.036181640625 0.022316684378320937
0 0.43256022135416666 0.39947529224229544 0.13243815104166667 0.022316684378320937
0 0.51788330078125 0.39947529224229544 0.028019205729166666 0.022316684378320937
0 0.141845703125 0.5126693676939427 0.028255208333333334 0.019128586609989374
0 0.39010416666666664 0.6076481137088204 0.052083333333333336 0.019128586609989374
0 0.24075520833333333 0.5840694739638682 0.03427734375 0.019128586609989374
0 0.16176350911458334 0.6554695802337939 0.022696940104166667 0.019128586609989374
0 0.2870686848958333 0.6996712274176408 0.038899739583333336 0.019128586609989374
0 0.20135091145833334 0.7710713336875664 0.10465494791666667 0.019128586609989374
0 0.22058512369791666 0.8424714399574921 0.018986002604166666 0.019128586609989374
0 0.26453857421875 0.9138715462274176 0.09356282552083334 0.019128586609989374
0 0.36750895182291665 0.9138715462274176 0.09727376302083333 0.019128586609989374
0 0.7119791666666667 0.5325285600425079 0.052083333333333336 0.019128586609989374
0 0.51072998046875 0.5126693676939427 0.1370849609375 0.019128586609989374
0 0.6082275390625 0.5126693676939427 0.03937174479166667 0.019128586609989374
0 0.6065958658854167 0.5398678267800212 0.039835611979166664 0.019128586609989374
0 0.5618326822916667 0.5670662858660999 0.027099609375 0.019128586609989374
0 0.514208984375 0.5942647449521785 0.02177734375 0.019128586609989374
0 0.5396931966145834 0.5942647449521785 0.024552408854166666 0.019128586609989374
0 0.45724283854166664 0.6214632040382572 0.030110677083333332 0.019128586609989374
0 0.5837076822916667 0.6214632040382572 0.03937174479166667 0.019128586609989374
0 0.70050048828125 0.6214632040382572 0.054646809895833336 0.019128586609989374
0 0.4593302408854167 0.6486616631243358 0.034285481770833334 0.019128586609989374
0 0.52325439453125 0.6486616631243358 0.0518798828125 0.019128586609989374
0 0.6719645182291667 0.6486616631243358 0.015755208333333333 0.019128586609989374
0 0.6591837565104167 0.6758601222104145 0.025480143229166665 0.019128586609989374
0 0.5568318684895833 0.7030585812964931 0.0310302734375 0.019128586609989374
0 0.6318766276041666 0.7030585812964931 0.044938151041666666 0.019128586609989374
0 0.5762980143229167 0.7302570403825718 0.06346842447916666 0.019128586609989374
0 0.51072998046875 0.784653958554729 0.06854654947916666 0.019128586609989374
0 0.46766764322916665 0.8118524176408076 0.05096028645833333 0.019128586609989374
0 0.6358154296875 0.8118524176408076 0.06669921875 0.019128586609989374
0 0.6698567708333333 0.8390508767268863 0.042154947916666664 0.019128586609989374
0 0.5804524739583333 0.8526501062699257 0.2765299479166667 0.04632704569606801
0 0.5219034830729167 0.9104509829968119 0.06600748697916667 0.019128586609989374
0 0.5882609049479167 0.9104509829968119 0.0537353515625 0.019128586609989374
0 0.6803507486979167 0.9104509829968119 0.11534016927083333 0.019128586609989374
0 0.4685872395833333 0.9995350690754516 0.05279947916666667 0.0009298618490967056
0 0.5190836588541666 0.9995350690754516 0.029654947916666667 0.0009298618490967056
0 0.57677001953125 0.9995350690754516 0.021769205729166668 0.0009298618490967056
0 0.6098836263020834 0.9995350690754516 0.026863606770833333 0.0009298618490967056
0 0.6471720377604167 0.9995350690754516 0.043074544270833334 0.0009298618490967056
