0 0.146875 0.025504782146652496 0.04375 0.05100956429330499
0 0.20198160807291668 0.025504782146652496 0.05396321614583333 0.05100956429330499
0 0.2642415364583333 0.025504782146652496 0.070556640625 0.05100956429330499
0 0.329248046875 0.025504782146652496 0.05945638020833333 0.05100956429330499
0 0.37400716145833335 0.025504782146652496 0.030061848958333335 0.05100956429330499
0 0.4109130859375 0.025504782146652496 0.04375 0.05100956429330499
2 0.78125 0.025305526036131773 0.1875 0.024442082890541977
1 0.4489542643229167 0.3900106269925611 0.11454264322916667 0.061636556854410204
1 0.5593505859375 0.3900106269925611 0.09791666666666667 0.061636556854410204
0 0.3276611328125 0.4718384697130712 0.021630859375 0.025504782146652496
0 0.36282145182291664 0.473432518597237 0.034285481770833334 0.018065887353878853
0 0.40410970052083334 0.473432518597237 0.03388671875 0.018065887353878853
0 0.45840250651041664 0.4718384697130712 0.0236572265625 0.025504782146652496
0 0.4945760091145833 0.473432518597237 0.034285481770833334 0.018065887353878853
0 0.5358642578125 0.473432518597237 0.03388671875 0.018065887353878853
0 0.5894490559895833 0.4718384697130712 0.0222412109375 0.025504782146652496
0 0.62491455078125 0.473432518597237 0.034285481770833334 0.018065887353878853
0 0.6662027994791667 0.473432518597237 0.03388671875 0.018065887353878853
0 0.23883463541666666 0.6131774707757705 0.20266927083333333 0.02975557917109458
0 0.32476399739583334 0.7090362646121148 0.03323567708333333 0.021253985122210415
0 0.37550455729166665 0.7634497874601488 0.05764973958333333 0.021253985122210415
0 0.43411051432291664 0.8178633103081828 0.08002115885416666 0.021253985122210415
0 0.44833170572916664 0.9266903560042508 0.021354166666666667 0.021253985122210415
0 0.5220499674479167 0.9266903560042508 0.04400227864583333 0.021253985122210415
0 0.78125 0.60201912858661 0.1625 0.026567481402763018
1 0.72015380859375 0.7646121147715197 0.0403076171875 0.04357066950053135
0 0.78125 0.8421891604675876 0.1625 0.026567481402763018
0 0.7577229817708333 0.8916046758767269 0.09044596354166666 0.019128586609989374
0 0.78125 0.940173352816153 0.1625 0.026567481402763018
0 0.7393798828125 0.9895888682252922 0.053759765625 0.019128586609989374
