0 0.12777506510416667 0.04197662061636557 0.05555013020833333 0.031880977683315624
0 0.6632731119791667 0.04197662061636557 0.02236328125 0.021253985122210415
0 0.70321044921875 0.04197662061636557 0.03563639322916667 0.021253985122210415
0 0.7442911783854167 0.04197662061636557 0.024650065104166667 0.021253985122210415
1 0.805908203125 0.04197662061636557 0.04025065104166667 0.03719447396386823
1 0.8630167643229166 0.04197662061636557 0.0447998046875 0.03719447396386823
0 0.3885701497395833 0.7715196599362381 0.06464029947916666 0.04250797024442083
0 0.39993082682291664 0.822529224229543 0.08736165364583333 0.025504782146652496
0 0.39993082682291664 0.8565356004250797 0.08736165364583333 0.025504782146652496
1 0.5 0.9149840595111584 0.2875 0.057385759829968117
0 0.37360026041666666 0.9729011689691818 0.03470052083333333 0.015940488841657812
0 0.50032958984375 0.3856934112646121 0.025040690104166666 0.015940488841657812
1 0.5994140625 0.6720908607863975 0.055338541666666664 0.05100956429330499
1 0.5361735026041666 0.6720908607863975 0.05447591145833333 0.05100956429330499
1 0.4106974283854167 0.6720908607863975 0.0755615234375 0.05100956429330499
