0 0.018489583333333334 0.03772582359192349 0.03697916666666667 0.07545164718384698
0 0.43052571614583335 0.32598299681190224 0.0609375 0.03028692879914984
0 0.49223225911458335 0.32518597236981933 0.020743815104166667 0.024442082890541977
0 0.5411661783854167 0.32518597236981933 0.03539225260416667 0.024442082890541977
0 0.5967529296875 0.32518597236981933 0.03404947916666667 0.024442082890541977
0 0.6656412760416667 0.32518597236981933 0.061995442708333334 0.024442082890541977
0 0.7228108723958333 0.32518597236981933 0.010611979166666667 0.024442082890541977
1 0.7677205403645834 0.32598299681190224 0.0374755859375 0.03028692879914984
1 0.3802083333333333 0.7013815090329437 0.3020833333333333 0.49309245483528164
0 0.3802083333333333 0.7013815090329437 0.3020833333333333 0.49309245483528164
0 0.42454833984375 0.9473963868225292 0.2397216796875 0.10520722635494155
0 0.7609375 0.5357996811902231 0.052083333333333336 0.08501594048884166
0 0.6680948893229167 0.5347369819341127 0.11743977864583334 0.08926673751328375
0 0.64219970703125 0.5894659936238045 0.0656494140625 0.01381509032943677
0 0.65433349609375 0.6058215993623804 0.017569986979166667 0.01381509032943677
0 0.7609375 0.6956196865037194 0.052083333333333336 0.08501594048884166
0 0.6680338541666667 0.6839299946865037 0.11731770833333334 0.06801275239107332
0 0.6366414388020833 0.7301574123273114 0.05453287760416667 0.01381509032943677
0 0.7122111002604167 0.7301574123273114 0.015926106770833334 0.01381509032943677
0 0.7609375 0.8199554994686503 0.052083333333333336 0.08501594048884166
0 0.65540771484375 0.8082658076514346 0.0920654296875 0.06801275239107332
0 0.6310628255208334 0.8544932252922423 0.043375651041666664 0.01381509032943677
0 0.70189208984375 0.8544932252922423 0.020353190104166665 0.01381509032943677
0 0.7609375 0.9442913124335813 0.052083333333333336 0.08501594048884166
0 0.6691162109375 0.9432286131774708 0.119482421875 0.08926673751328375
0 0.6323893229166667 0.9965877391073327 0.04602864583333333 0.00682452178533475
0 0.7058308919270834 0.9965877391073327 0.020174153645833335 0.00682452178533475
1 0.5 0.5 1.0 1.0
1 0.5 0.5 1.0 1.0
1 0.023014322916666666 0.9628055260361318 0.026041666666666668 0.053134962805526036
1 0.023014322916666666 0.9628055260361318 0.026041666666666668 0.053134962805526036
1 0.023014322916666666 0.9628055260361318 0.026041666666666668 0.053134962805526036
1 0.023014322916666666 0.9628055260361318 0.026041666666666668 0.053134962805526036
