0 0.25142008463541665 0.03453772582359192 0.0601318359375 0.020191285866099893
0 0.3936360677083333 0.03453772582359192 0.04248046875 0.020191285866099893
0 0.47894694010416666 0.03453772582359192 0.086474609375 0.020191285866099893
0 0.5631795247395833 0.03453772582359192 0.040323893229166664 0.020191285866099893
0 0.6314168294270833 0.03453772582359192 0.054484049479166664 0.020191285866099893
0 0.6885091145833333 0.03453772582359192 0.018033854166666665 0.020191285866099893
0 0.7379435221354167 0.03453772582359192 0.039168294270833334 0.020191285866099893
0 0.25447184244791665 0.36767733793836344 0.057902018229166664 0.020191285866099893
0 0.73428955078125 0.36086942082890544 0.07779134114583333 0.020191285866099893
1 0.73428955078125 0.36193212008501596 0.07779134114583333 0.04144527098831031
0 0.73428955078125 0.40072064293304993 0.044051106770833334 0.01700318809776833
0 0.2534993489583333 0.5150604410201913 0.05804036458333333 0.020191285866099893
0 0.7342081705729167 0.5082027098831031 0.07779134114583333 0.020191285866099893
1 0.7342081705729167 0.5092654091392136 0.07779134114583333 0.04144527098831031
0 0.7342081705729167 0.5480539319872476 0.044051106770833334 0.01700318809776833
0 0.2534993489583333 0.662393730074389 0.05804036458333333 0.020191285866099893
0 0.7342081705729167 0.6555359989373007 0.07779134114583333 0.020191285866099893
1 0.7342081705729167 0.6565986981934112 0.07779134114583333 0.04144527098831031
0 0.7342081705729167 0.6953872210414452 0.044051106770833334 0.01700318809776833
0 0.2534993489583333 0.8097270191285866 0.05804036458333333 0.020191285866099893
0 0.7342081705729167 0.8028692879914984 0.07779134114583333 0.020191285866099893
1 0.7342081705729167 0.803931987247609 0.07779134114583333 0.04144527098831031
0 0.7342081705729167 0.842720510095643 0.044051106770833334 0.01700318809776833
0 0.2534993489583333 0.9629881774707758 0.05804036458333333 0.020191285866099893
0 0.7342081705729167 0.9502025770456961 0.07779134114583333 0.020191285866099893
1 0.7342081705729167 0.9512652763018066 0.07779134114583333 0.04144527098831031
0 0.7342081705729167 0.9900537991498406 0.044051106770833334 0.01700318809776833
0 0.010416666666666666 0.5637619553666312 0.016666666666666666 0.03400637619553666
