1 0.11666666666666667 0.03506907545164718 0.016666666666666666 0.03400637619553666
6 0.11666666666666667 0.03506907545164718 0.016666666666666666 0.03400637619553666
1 0.11666666666666667 0.03506907545164718 0.016666666666666666 0.03400637619553666
8 0.11666666666666667 0.03506907545164718 0.0005208333333333333 0.0010626992561105207
8 0.16468912760416668 0.06907545164718384 0.11375325520833333 0.03400637619553666
1 0.18682861328125 0.0818278427205101 0.0528076171875 0.023379383634431455
0 0.16468912760416668 0.1227749734325186 0.09708658854166667 0.02975557917109458
0 0.16468912760416668 0.15400836875664187 0.09708658854166667 0.02975557917109458
0 0.16468912760416668 0.18524176408076515 0.09708658854166667 0.02975557917109458
0 0.16468912760416668 0.21647515940488843 0.09708658854166667 0.02975557917109458
0 0.16468912760416668 0.24770855472901168 0.09708658854166667 0.02975557917109458
0 0.16468912760416668 0.278941950053135 0.09708658854166667 0.02975557917109458
0 0.16468912760416668 0.3522681987247609 0.09708658854166667 0.02975557917109458
0 0.16468912760416668 0.3835015940488842 0.09708658854166667 0.02975557917109458
0 0.16468912760416668 0.41473498937300746 0.09708658854166667 0.02975557917109458
0 0.16468912760416668 0.44596838469713074 0.09708658854166667 0.02975557917109458
0 0.16468912760416668 0.47720178002125396 0.09708658854166667 0.02975557917109458
0 0.19010416666666666 0.03506907545164718 0.115625 0.053134962805526036
1 0.3770833333333333 0.03506907545164718 0.24791666666666667 0.03400637619553666
2 0.35893147786458335 0.03506907545164718 0.21161295572916666 0.03400637619553666
1 0.48262939453125 0.03506907545164718 0.036824544270833336 0.03400637619553666
0 0.7793294270833333 0.03506907545164718 0.023518880208333332 0.01700318809776833
0 0.81998291015625 0.03506907545164718 0.049454752604166666 0.01700318809776833
0 0.8588134765625 0.03506907545164718 0.019873046875 0.01700318809776833
1 0.88125 0.03506907545164718 0.020833333333333332 0.03400637619553666
6 0.88125 0.03506907545164718 0.020833333333333332 0.03400637619553666
1 0.88125 0.03506907545164718 0.016666666666666666 0.03400637619553666
8 0.88125 0.03506907545164718 0.0005208333333333333 0.0010626992561105207
8 0.83125 0.06907545164718384 0.12083333333333333 0.03400637619553666
0 0.7990275065104167 0.09458023379383634 0.0397216796875 0.01700318809776833
0 0.83125 0.1179596174282678 0.10416666666666667 0.02975557917109458
0 0.83125 0.14771519659936239 0.10416666666666667 0.02975557917109458
0 0.12888997395833332 0.11535268331562168 0.03486328125 0.039319872476089264
0 0.16114095052083333 0.11535268331562168 0.012972005208333333 0.039319872476089264
0 0.6053792317708333 0.11535268331562168 0.017431640625 0.039319872476089264
0 0.64222412109375 0.11535268331562168 0.039591471354166664 0.039319872476089264
0 0.6899454752604167 0.11535268331562168 0.0391845703125 0.039319872476089264
8 0.732373046875 0.1137586344314559 0.02900390625 0.036131774707757705
6 0.732373046875 0.1137586344314559 0.02900390625 0.036131774707757705
1 0.732373046875 0.11428998405951116 0.02900390625 0.03719447396386823
8 0.7263834635416667 0.11694673219978746 0.017024739583333334 0.01700318809776833
8 0.6995849609375 0.1488277098831031 0.094580078125 0.03400637619553666
1 0.7121378580729166 0.16158010095642933 0.0528076171875 0.023379383634431455
0 0.6995849609375 0.23972170563230605 0.07791341145833333 0.02975557917109458
0 0.6995849609375 0.27095510095642933 0.07791341145833333 0.02975557917109458
0 0.6995849609375 0.3021884962805526 0.07791341145833333 0.02975557917109458
0 0.6995849609375 0.3334218916046759 0.07791341145833333 0.02975557917109458
0 0.6995849609375 0.36465528692879917 0.07791341145833333 0.02975557917109458
0 0.6995849609375 0.3958886822529224 0.07791341145833333 0.02975557917109458
0 0.6995849609375 0.4271220775770457 0.07791341145833333 0.02975557917109458
0 0.6995849609375 0.5004483262486716 0.07791341145833333 0.02975557917109458
0 0.6995849609375 0.5316817215727949 0.07791341145833333 0.02975557917109458
0 0.6995849609375 0.6050079702444209 0.07791341145833333 0.02975557917109458
0 0.6995849609375 0.636241365568544 0.07791341145833333 0.02975557917109458
0 0.6995849609375 0.6674747608926673 0.07791341145833333 0.02975557917109458
0 0.6995849609375 0.6987081562167906 0.07791341145833333 0.02975557917109458
0 0.6995849609375 0.7299415515409139 0.07791341145833333 0.02975557917109458
0 0.6995849609375 0.7611749468650372 0.07791341145833333 0.02975557917109458
0 0.6995849609375 0.7924083421891605 0.07791341145833333 0.02975557917109458
0 0.6995849609375 0.8236417375132837 0.07791341145833333 0.02975557917109458
0 0.6995849609375 0.854875132837407 0.07791341145833333 0.02975557917109458
0 0.6995849609375 0.8861085281615303 0.07791341145833333 0.02975557917109458
0 0.6995849609375 0.9173419234856536 0.07791341145833333 0.02975557917109458
0 0.6995849609375 0.9485753188097769 0.07791341145833333 0.02975557917109458
0 0.6995849609375 0.9798087141339001 0.07791341145833333 0.02975557917109458
0 0.6995849609375 0.9980821599362381 0.07791341145833333 0.003835680127523911
1 0.8257242838541666 0.1571134431455898 0.020149739583333333 0.023379383634431455
7 0.7729166666666667 0.23738044633368757 0.010416666666666666 0.021253985122210415
5 0.8239583333333333 0.23738044633368757 0.1125 0.021253985122210415
7 0.7729166666666667 0.27138682252922425 0.010416666666666666 0.021253985122210415
5 0.8239583333333333 0.27138682252922425 0.1125 0.021253985122210415
7 0.7729166666666667 0.3053931987247609 0.010416666666666666 0.021253985122210415
5 0.8239583333333333 0.3053931987247609 0.1125 0.021253985122210415
7 0.7729166666666667 0.3829702444208289 0.010416666666666666 0.021253985122210415
5 0.8239583333333333 0.3829702444208289 0.1125 0.021253985122210415
7 0.7729166666666667 0.4169766206163656 0.010416666666666666 0.021253985122210415
5 0.8239583333333333 0.4169766206163656 0.1125 0.021253985122210415
7 0.7729166666666667 0.4945536663124336 0.010416666666666666 0.021253985122210415
5 0.8239583333333333 0.4945536663124336 0.1125 0.021253985122210415
7 0.7729166666666667 0.5285600425079703 0.010416666666666666 0.021253985122210415
5 0.8239583333333333 0.5285600425079703 0.1125 0.021253985122210415
7 0.7729166666666667 0.5625664187035069 0.010416666666666666 0.021253985122210415
5 0.8239583333333333 0.5625664187035069 0.1125 0.021253985122210415
0 0.4646809895833333 0.18386357598299682 0.05852864583333333 0.031880977683315624
0 0.37370198567708335 0.22163921360255048 0.0136474609375 0.018065887353878853
0 0.40583902994791665 0.22163921360255048 0.0462158203125 0.018065887353878853
0 0.4745076497395833 0.22163921360255048 0.05590006510416667 0.018065887353878853
0 0.40062255859375 0.24641339001062698 0.0315185546875 0.015940488841657812
0 0.46185302734375 0.24641339001062698 0.023234049479166668 0.015940488841657812
0 0.14817708333333332 0.43059245483528164 0.0640625 0.018065887353878853
0 0.2786173502604167 0.3514877789585547 0.18182779947916666 0.019128586609989374
0 0.3087239583333333 0.36508700850159403 0.242041015625 0.04632704569606801
0 0.25626220703125 0.37868623804463336 0.05279134114583333 0.019128586609989374
0 0.3125406901041667 0.3922854675876727 0.24967447916666666 0.04632704569606801
0 0.33663736979166664 0.405884697130712 0.10885416666666667 0.019128586609989374
0 0.34103190104166664 0.43308315621679067 0.105615234375 0.019128586609989374
0 0.32681477864583336 0.46028161530286926 0.053515625 0.019128586609989374
0 0.3549112955729167 0.4874800743889479 0.0773681640625 0.019128586609989374
0 0.33545328776041666 0.5146785334750266 0.06576334635416667 0.019128586609989374
0 0.30350341796875 0.5282777630180658 0.23159993489583333 0.04632704569606801
0 0.37869059244791664 0.5418769925611052 0.0340576171875 0.019128586609989374
0 0.2747802734375 0.5690754516471839 0.031022135416666666 0.019128586609989374
0 0.18748372395833332 0.5962739107332625 0.04724934895833333 0.019128586609989374
0 0.3613077799479167 0.5962739107332625 0.0400634765625 0.019128586609989374
0 0.3343912760416667 0.6506708289054197 0.05789388020833333 0.019128586609989374
0 0.13930257161458334 0.6778692879914984 0.0463134765625 0.019128586609989374
0 0.14323323567708332 0.705067747077577 0.048624674479166664 0.019128586609989374
0 0.32423095703125 0.749269394261424 0.04883626302083333 0.019128586609989374
0 0.37204182942708336 0.749269394261424 0.0328857421875 0.019128586609989374
0 0.42480061848958334 0.749269394261424 0.0528076171875 0.019128586609989374
0 0.27308349609375 0.7764678533475027 0.030574544270833334 0.019128586609989374
0 0.3124593098958333 0.7764678533475027 0.03427734375 0.019128586609989374
0 0.37985026041666664 0.7764678533475027 0.08660481770833334 0.019128586609989374
0 0.44213460286458334 0.7764678533475027 0.024064127604166666 0.019128586609989374
0 0.4127604166666667 0.913306987247609 0.0828125 0.018065887353878853
0 0.16884765625 0.8623638416578109 0.027783203125 0.019128586609989374
0 0.25639241536458335 0.8623638416578109 0.11117350260416667 0.019128586609989374
0 0.2085205078125 0.9184544367693943 0.070068359375 0.019128586609989374
0 0.2968058268229167 0.9184544367693943 0.06942545572916667 0.019128586609989374
0 0.2421875 0.9592521253985122 0.22542317708333334 0.04632704569606801
0 0.29208577473958336 0.9728513549415515 0.0546630859375 0.019128586609989374
0 0.20863444010416668 0.9952427603613178 0.015592447916666667 0.009514479277364506
0 0.7106770833333333 0.4270722635494155 0.06302083333333333 0.018065887353878853
0 0.5743489583333333 0.3514877789585547 0.12316080729166666 0.019128586609989374
0 0.56766357421875 0.3922854675876727 0.1774169921875 0.04632704569606801
0 0.50435791015625 0.4347768331562168 0.0508056640625 0.019128586609989374
0 0.6337565104166667 0.4347768331562168 0.026399739583333335 0.019128586609989374
0 0.5146077473958334 0.46197529224229544 0.07130533854166667 0.019128586609989374
0 0.6088460286458334 0.46197529224229544 0.078271484375 0.019128586609989374
0 0.5773763020833333 0.4908674282678002 0.16349283854166666 0.019128586609989374
0 0.5556884765625 0.5180658873538788 0.06637369791666667 0.019128586609989374
0 0.624755859375 0.5180658873538788 0.0625 0.019128586609989374
0 0.51746826171875 0.5452643464399575 0.0770263671875 0.019128586609989374
0 0.5254964192708333 0.6013549415515409 0.059733072916666664 0.019128586609989374
0 0.7077718098958333 0.6013549415515409 0.026871744791666666 0.019128586609989374
0 0.48275146484375 0.6642534537725824 0.0342529296875 0.019128586609989374
0 0.5380859375 0.6642534537725824 0.06715494791666667 0.019128586609989374
0 0.6237752278645833 0.6642534537725824 0.09032389322916666 0.019128586609989374
0 0.6022542317708334 0.6778526833156217 0.27325846354166666 0.04632704569606801
0 0.52305908203125 0.691451912858661 0.028719075520833335 0.019128586609989374
0 0.581884765625 0.691451912858661 0.069482421875 0.019128586609989374
0 0.6360799153645833 0.691451912858661 0.028719075520833335 0.019128586609989374
0 0.49410807291666664 0.7186503719447397 0.056966145833333336 0.019128586609989374
0 0.5473673502604167 0.7186503719447397 0.04029134114583333 0.019128586609989374
0 0.606884765625 0.7186503719447397 0.06484375 0.019128586609989374
0 0.68956298828125 0.7186503719447397 0.08661295572916666 0.019128586609989374
0 0.49388020833333335 0.7458488310308182 0.05651041666666667 0.019128586609989374
0 0.5471516927083333 0.7458488310308182 0.0361328125 0.019128586609989374
0 0.5987996419270833 0.7458488310308182 0.053263346354166664 0.019128586609989374
0 0.70374755859375 0.7730472901168969 0.0768798828125 0.019128586609989374
0 0.48739420572916664 0.8589432784272051 0.043538411458333336 0.019128586609989374
0 0.7098958333333333 0.9732166578108395 0.06458333333333334 0.018065887353878853
0 0.48822428385416666 0.9031449256110521 0.018538411458333334 0.019128586609989374
0 0.5257527669270833 0.9031449256110521 0.037980143229166666 0.019128586609989374
0 0.5074462890625 0.9303433846971307 0.056982421875 0.019128586609989374
0 0.5963826497395833 0.9303433846971307 0.11625162760416667 0.019128586609989374
0 0.5588623046875 0.9711410733262487 0.159814453125 0.04632704569606801
0 0.6403849283854167 0.984740302869288 0.026407877604166668 0.019128586609989374
