0 0.2950520833333333 0.07917109458023379 0.1203125 0.07970244420828905
7 0.3690104166666667 0.04197662061636557 0.0067708333333333336 0.01381509032943677
5 0.401806640625 0.04197662061636557 0.05569661458333333 0.015940488841657812
7 0.45025227864583334 0.04197662061636557 0.0067708333333333336 0.01381509032943677
5 0.4661173502604167 0.04197662061636557 0.021834309895833334 0.015940488841657812
0 0.6299479166666667 0.04197662061636557 0.009895833333333333 0.020191285866099893
2 0.49895833333333334 0.0871413390010627 0.271875 0.04675876726886291
0 0.5893229166666667 0.08767268862911796 0.0140625 0.015940488841657812
2 0.6182291666666667 0.0871413390010627 0.03333333333333333 0.04675876726886291
7 0.3690104166666667 0.1312433581296493 0.0067708333333333336 0.01381509032943677
5 0.39402669270833335 0.1312433581296493 0.04013671875 0.015940488841657812
7 0.43951009114583334 0.1312433581296493 0.0067708333333333336 0.01381509032943677
5 0.46026204427083334 0.1312433581296493 0.03160807291666667 0.015940488841657812
7 0.5014811197916667 0.1312433581296493 0.0067708333333333336 0.01381509032943677
5 0.5211100260416667 0.1312433581296493 0.029361979166666666 0.015940488841657812
7 0.5612060546875 0.1312433581296493 0.0067708333333333336 0.01381509032943677
5 0.57236328125 0.1312433581296493 0.012418619791666667 0.015940488841657812
1 0.6934244791666667 0.05472901168969182 0.09375 0.0669500531349628
1 0.76796875 0.05472901168969182 0.0515625 0.0669500531349628
0 0.71875 0.10268331562167907 0.008333333333333333 0.01700318809776833
0 0.7291666666666666 0.10268331562167907 0.008333333333333333 0.01700318809776833
0 0.7395833333333334 0.10268331562167907 0.008333333333333333 0.01700318809776833
0 0.7703125 0.12712539851222104 0.046875 0.021253985122210415
0 0.790625 0.16684378320935175 0.008333333333333333 0.01700318809776833
0 0.75625 0.012752391073326248 0.04129231770833333 0.012752391073326248
0 0.75625 0.031880977683315624 0.011783854166666666 0.012752391073326248
0 0.7562459309895834 0.09032943676939426 0.03216959635416667 0.012752391073326248
0 0.7562459309895834 0.10945802337938364 0.018155924479166665 0.012752391073326248
0 0.7562459309895834 0.12858660998937302 0.029630533854166665 0.012752391073326248
0 0.75625 0.16950053134962806 0.075 0.03506907545164718
0 0.3644775390625 0.21147715196599362 0.018880208333333332 0.012752391073326248
0 0.38751627604166666 0.21147715196599362 0.02080078125 0.012752391073326248
0 0.41151123046875 0.21147715196599362 0.020792643229166668 0.012752391073326248
0 0.43406575520833335 0.21147715196599362 0.017919921875 0.012752391073326248
0 0.45390625 0.21147715196599362 0.015364583333333333 0.012752391073326248
0 0.47534586588541666 0.21147715196599362 0.0211181640625 0.012752391073326248
0 0.5038248697916666 0.21147715196599362 0.029443359375 0.012752391073326248
0 0.5292643229166667 0.21147715196599362 0.0150390625 0.012752391073326248
0 0.5537394205729167 0.21147715196599362 0.0275146484375 0.012752391073326248
0 0.5785319010416666 0.21147715196599362 0.015673828125 0.012752391073326248
0 0.5974080403645833 0.21147715196599362 0.016316731770833332 0.012752391073326248
0 0.6166056315104167 0.21147715196599362 0.015681966145833334 0.012752391073326248
0 0.63687744140625 0.21147715196599362 0.018660481770833334 0.012752391073326248
0 0.65980224609375 0.21147715196599362 0.020792643229166668 0.012752391073326248
0 0.6868977864583333 0.21147715196599362 0.027197265625 0.012752391073326248
0 0.71361083984375 0.21147715196599362 0.019832356770833334 0.012752391073326248
0 0.7337687174479167 0.21147715196599362 0.0140869140625 0.012752391073326248
0 0.76673583984375 0.21147715196599362 0.023038736979166665 0.012752391073326248
0 0.288427734375 0.24186370882040384 0.027197265625 0.012752391073326248
0 0.3413777669270833 0.24186370882040384 0.07294108072916666 0.012752391073326248
0 0.38952229817708334 0.24186370882040384 0.016951497395833334 0.012752391073326248
0 0.4183146158854167 0.24186370882040384 0.03423665364583333 0.012752391073326248
0 0.47904866536458335 0.24186370882040384 0.07123209635416666 0.012752391073326248
0 0.36045735677083335 0.2887221041445271 0.04178059895833333 0.015940488841657812
1 0.38830159505208334 0.28659670563230605 0.008048502604166667 0.028692879914984058
1 0.33920491536458336 0.35700053134962806 0.008048502604166667 0.028692879914984058
1 0.32608642578125 0.4332492029755579 0.008048502604166667 0.028692879914984058
1 0.337451171875 0.4332492029755579 0.010514322916666667 0.028692879914984058
0 0.27859293619791664 0.5005977683315622 0.04468587239583333 0.015940488841657812
0 0.27953694661458334 0.5271652497343252 0.04657389322916667 0.015940488841657812
0 0.29119873046875 0.5537327311370882 0.0698974609375 0.015940488841657812
0 0.2878173828125 0.5803002125398512 0.063134765625 0.015940488841657812
0 0.2930826822916667 0.6068676939426142 0.07366536458333334 0.015940488841657812
0 0.27859293619791664 0.6334351753453773 0.04468587239583333 0.015940488841657812
0 0.27351481119791665 0.6600026567481403 0.034529622395833334 0.015940488841657812
0 0.28367919921875 0.6865701381509033 0.0548583984375 0.015940488841657812
0 0.28988037109375 0.7131376195536663 0.0672607421875 0.015940488841657812
0 0.2782185872395833 0.7397051009564294 0.04393717447916667 0.015940488841657812
0 0.2885660807291667 0.7662725823591924 0.06463216145833334 0.015940488841657812
0 0.2930704752604167 0.8243225292242295 0.0684326171875 0.015940488841657812
0 0.29306640625 0.8450451647183846 0.06842447916666666 0.015940488841657812
0 0.2913736979166667 0.8657678002125399 0.0650390625 0.015940488841657812
0 0.28987223307291665 0.8864904357066951 0.0620361328125 0.015940488841657812
0 0.29043375651041664 0.9072130712008502 0.0631591796875 0.015940488841657812
0 0.29871012369791666 0.9279357066950054 0.0797119140625 0.015940488841657812
0 0.2900594075520833 0.9486583421891605 0.06241048177083333 0.015940488841657812
0 0.29815266927083334 0.9693809776833157 0.07859700520833333 0.015940488841657812
0 0.2896809895833333 0.9901036131774708 0.06165364583333333 0.015940488841657812
1 0.5435343424479167 0.3556721572794899 0.008048502604166667 0.028692879914984058
1 0.5548990885416667 0.3556721572794899 0.010514322916666667 0.028692879914984058
0 0.5026285807291667 0.7476421360255048 0.008333333333333333 0.01700318809776833
0 0.5130452473958333 0.7476421360255048 0.008333333333333333 0.01700318809776833
0 0.5234619140625 0.7476421360255048 0.008333333333333333 0.01700318809776833
0 0.5338785807291667 0.7476421360255048 0.008333333333333333 0.01700318809776833
1 0.5450764973958333 0.7462141339001063 0.009895833333333333 0.028692879914984058
1 0.5561319986979166 0.7462141339001063 0.008048502604166667 0.028692879914984058
0 0.3801513671875 0.7940356004250797 0.034261067708333336 0.020191285866099893
13 0.4044189453125 0.7913788522848034 0.00625 0.019128586609989374
0 0.37765706380208336 0.8211344314558979 0.028230794270833335 0.015940488841657812
0 0.41407877604166665 0.8647051009564294 0.031998697916666666 0.015940488841657812
0 0.4099324544270833 0.9289984059511158 0.0237060546875 0.015940488841657812
0 0.43214111328125 0.9289984059511158 0.013175455729166667 0.015940488841657812
0 0.5026285807291667 0.9936404091392136 0.008333333333333333 0.012719181721572794
0 0.5130452473958333 0.9936404091392136 0.008333333333333333 0.012719181721572794
0 0.5234619140625 0.9936404091392136 0.008333333333333333 0.012719181721572794
0 0.5338785807291667 0.9936404091392136 0.008333333333333333 0.012719181721572794
1 0.5450764973958333 0.9900039851222104 0.009895833333333333 0.01999202975557917
1 0.5561319986979166 0.9900039851222104 0.008048502604166667 0.01999202975557917
1 0.77265625 0.3556721572794899 0.009895833333333333 0.028692879914984058
0 0.594873046875 0.4003055260361318 0.01318359375 0.015940488841657812
0 0.6101155598958333 0.42102816153028694 0.04366861979166667 0.015940488841657812
0 0.6678263346354166 0.4417507970244421 0.15909016927083333 0.015940488841657812
0 0.6023966471354166 0.46247343251859724 0.028230794270833335 0.015940488841657812
0 0.6155680338541667 0.4831960680127524 0.05457356770833333 0.015940488841657812
0 0.61151123046875 0.5039187035069076 0.0620849609375 0.015940488841657812
1 0.77265625 0.568212008501594 0.009895833333333333 0.028692879914984058
0 0.6798177083333333 0.8453108395324124 0.19869791666666667 0.08607863974495218
0 0.6071940104166667 0.905884697130712 0.053450520833333334 0.015940488841657812
1 0.7625244140625 0.9701780021253985 0.009895833333333333 0.028692879914984058
1 0.7735799153645834 0.9701780021253985 0.008048502604166667 0.028692879914984058
