0 0.17146402994791668 0.0005313496280552603 0.0720947265625 0.0010626992561105207
0 0.28703206380208335 0.06280718650371944 0.27093912760416666 0.07247941020191286
0 0.7362630208333333 0.030818278427205102 0.01923828125 0.021253985122210415
0 0.780908203125 0.030818278427205102 0.059228515625 0.021253985122210415
0 0.8347900390625 0.030818278427205102 0.03771158854166667 0.021253985122210415
5 0.6477823893229167 0.0640442348565356 0.025138346354166667 0.024276036131774707
2 0.7272420247395833 0.06997210414452709 0.1840576171875 0.036131774707757705
1 0.8364583333333333 0.06997210414452709 0.034375 0.036131774707757705
1 0.8364583333333333 0.06997210414452709 0.034375 0.036131774707757705
0 0.20874837239583333 0.29564625398512223 0.14562174479166667 0.34006376195536664
1 0.19928385416666666 0.16280884697130713 0.10631510416666666 0.07438894792773645
0 0.3543701171875 0.29564625398512223 0.14562174479166667 0.34006376195536664
1 0.34490559895833334 0.16280884697130713 0.10631510416666666 0.07438894792773645
0 0.4999918619791667 0.29564625398512223 0.14562174479166667 0.34006376195536664
1 0.48909912109375 0.16280884697130713 0.10345865885416666 0.07438894792773645
0 0.6456136067708333 0.29564625398512223 0.14562174479166667 0.34006376195536664
1 0.6011189778645833 0.16280884697130713 0.0362548828125 0.07438894792773645
0 0.7912353515625 0.29564625398512223 0.14562174479166667 0.34006376195536664
1 0.7817708333333333 0.16280884697130713 0.10631510416666666 0.07438894792773645
0 0.35437418619791666 0.672904489904357 0.43687337239583335 0.4038257173219979
0 0.6327473958333333 0.6034969447396387 0.0990234375 0.024442082890541977
0 0.6574910481770834 0.6330366631243358 0.1485107421875 0.024442082890541977
0 0.7108439127604167 0.6730954436769394 0.25521647135416664 0.04548020722635494
0 0.6112996419270833 0.7211244686503719 0.0561279296875 0.021253985122210415
0 0.6864339192708333 0.7211244686503719 0.078515625 0.021253985122210415
0 0.18968505859375 0.9098864240170031 0.0734619140625 0.021253985122210415
0 0.20311686197916667 0.9431621944739639 0.1044921875 0.02533873538788523
0 0.20311686197916667 0.9685009298618491 0.1044921875 0.02533873538788523
0 0.20311686197916667 0.9905851487778958 0.1044921875 0.01882970244420829
0 0.2972941080729167 0.9098864240170031 0.05121256510416667 0.021253985122210415
0 0.3218505859375 0.9431621944739639 0.1044921875 0.02533873538788523
0 0.3218505859375 0.9685009298618491 0.1044921875 0.02533873538788523
0 0.3218505859375 0.9905851487778958 0.1044921875 0.01882970244420829
0 0.42043863932291664 0.9098864240170031 0.0600341796875 0.021253985122210415
0 0.44058430989583336 0.9431621944739639 0.1044921875 0.02533873538788523
0 0.44058430989583336 0.9685009298618491 0.1044921875 0.02533873538788523
0 0.44058430989583336 0.9905851487778958 0.1044921875 0.01882970244420829
0 0.5276082356770834 0.9098864240170031 0.036905924479166664 0.021253985122210415
0 0.5593180338541667 0.9431621944739639 0.1044921875 0.02533873538788523
0 0.5593180338541667 0.9769195005313497 0.1044921875 0.04217587672688629
0 0.5593180338541667 0.9990037194473964 0.1044921875 0.0019925611052072265
0 0.6512288411458333 0.9098864240170031 0.0466796875 0.021253985122210415
0 0.6780517578125 0.9431621944739639 0.1044921875 0.02533873538788523
0 0.6780517578125 0.9685009298618491 0.1044921875 0.02533873538788523
0 0.6780517578125 0.9905851487778958 0.1044921875 0.01882970244420829
0 0.7690999348958333 0.9098864240170031 0.04495442708333333 0.021253985122210415
0 0.7967854817708333 0.9431621944739639 0.1044921875 0.02533873538788523
0 0.7967854817708333 0.9685009298618491 0.1044921875 0.02533873538788523
0 0.7967854817708333 0.9905851487778958 0.1044921875 0.01882970244420829
