1 0.5 0.03825717321997875 0.478125 0.053134962805526036
0 0.6765625 0.03825717321997875 0.023958333333333335 0.048884165781083955
1 0.7145833333333333 0.03825717321997875 0.04375 0.04250797024442083
0 0.020833333333333332 0.03825717321997875 0.014583333333333334 0.02975557917109458
1 0.9654541015625 0.03825717321997875 0.044091796875 0.03825717321997875
1 0.9654541015625 0.03825717321997875 0.044091796875 0.03825717321997875
1 0.9654541015625 0.03825717321997875 0.044091796875 0.03825717321997875
1 0.9654541015625 0.03825717321997875 0.023258463541666666 0.021253985122210415
0 0.2789794921875 0.09458023379383634 0.03400065104166667 0.025504782146652496
1 0.32801513671875 0.09458023379383634 0.03907063802083333 0.021253985122210415
1 0.32801513671875 0.09458023379383634 0.03907063802083333 0.021253985122210415
0 0.6330118815104167 0.09458023379383634 0.0303466796875 0.021253985122210415
0 0.6777180989583333 0.09458023379383634 0.03406575520833333 0.021253985122210415
0 0.7226359049479166 0.09458023379383634 0.030769856770833333 0.021253985122210415
0 0.05520833333333333 0.30869752922422955 0.09375 0.04250797024442083
0 0.05520833333333333 0.3512054994686504 0.09375 0.04250797024442083
0 0.05520833333333333 0.3937134697130712 0.09375 0.04250797024442083
12 0.05520833333333333 0.3937134697130712 0.09375 0.04250797024442083
0 0.05520833333333333 0.436221439957492 0.09375 0.04250797024442083
0 0.05520833333333333 0.47872941020191284 0.09375 0.04250797024442083
0 0.05520833333333333 0.5212373804463337 0.09375 0.04250797024442083
0 0.05520833333333333 0.5637453506907545 0.09375 0.04250797024442083
0 0.05520833333333333 0.6322894527098831 0.09375 0.04250797024442083
0 0.05520833333333333 0.6747974229543039 0.09375 0.04250797024442083
0 0.0324951171875 0.7348399309245484 0.039990234375 0.01700318809776833
0 0.028157552083333332 0.764595510095643 0.03131510416666667 0.01700318809776833
1 0.02449951171875 0.8241066684378321 0.0239990234375 0.01700318809776833
13 0.031290690104166664 0.8241066684378321 0.010416666666666666 0.01700318809776833
0 0.1995361328125 0.30976022848034007 0.06990559895833333 0.02975557917109458
0 0.26568603515625 0.30976022848034007 0.029060872395833333 0.019128586609989374
0 0.3105550130208333 0.30976022848034007 0.02734375 0.019128586609989374
0 0.35701090494791665 0.30976022848034007 0.03223470052083333 0.019128586609989374
0 0.41167805989583334 0.30976022848034007 0.04376627604166667 0.019128586609989374
0 0.4581298828125 0.30976022848034007 0.015804036458333334 0.019128586609989374
0 0.4937255859375 0.30976022848034007 0.022054036458333332 0.019128586609989374
0 0.5437052408854167 0.30976022848034007 0.044571940104166666 0.019128586609989374
0 0.6095296223958333 0.30976022848034007 0.05374348958333333 0.019128586609989374
0 0.6615437825520833 0.30976022848034007 0.016951497395833334 0.019128586609989374
0 0.7041341145833333 0.30976022848034007 0.034895833333333334 0.019128586609989374
0 0.756640625 0.30976022848034007 0.036783854166666664 0.019128586609989374
0 0.81204833984375 0.30976022848034007 0.0406982421875 0.019128586609989374
0 0.8618611653645833 0.30976022848034007 0.025594075520833332 0.019128586609989374
0 0.9078572591145834 0.30976022848034007 0.033064778645833334 0.019128586609989374
0 0.9621256510416667 0.30976022848034007 0.042138671875 0.019128586609989374
0 0.9999308268229167 0.30976022848034007 0.00013834635416666666 0.019128586609989374
1 0.63125 0.30976022848034007 0.016666666666666666 0.03400637619553666
1 0.63125 0.30976022848034007 0.008333333333333333 0.01700318809776833
1 0.63125 0.30976022848034007 0.008333333333333333 0.01700318809776833
0 0.403125 0.3618324920297556 0.48125 0.03825717321997875
0 0.40625 0.40115236450584485 0.4791666666666667 0.023379383634431455
0 0.40625 0.44153493623804463 0.4791666666666667 0.023379383634431455
0 0.40625 0.4819175079702444 0.4791666666666667 0.023379383634431455
0 0.40625 0.5223000797024442 0.4791666666666667 0.023379383634431455
0 0.40625 0.562682651434644 0.4791666666666667 0.023379383634431455
1 0.22044270833333332 0.6062533209351754 0.07526041666666666 0.02975557917109458
0 0.796875 0.4000896652497343 0.28541666666666665 0.2252922422954304
1 0.9291666666666667 0.46278892136025507 0.016666666666666666 0.03400637619553666
0 0.19502360026041668 0.6657644792773645 0.06088053385416667 0.02975557917109458
1 0.9227823893229167 0.6657644792773645 0.03360188802083333 0.04250797024442083
1 0.9227823893229167 0.6652331296493093 0.016935221354166665 0.021253985122210415
0 0.25833333333333336 0.8530735255047821 0.1875 0.2938529489904357
0 0.22734375 0.7401534272051009 0.11302083333333333 0.04250797024442083
0 0.18125 0.9510992295430393 0.016666666666666666 0.03400637619553666
0 0.23692220052083332 0.9425976354941552 0.08634440104166667 0.01700318809776833
1 0.32708333333333334 0.9510992295430393 0.0125 0.03400637619553666
1 0.28229166666666666 0.950567879914984 0.010416666666666666 0.021253985122210415
1 0.34270833333333334 0.9510992295430393 0.01875 0.04250797024442083
0 0.25833333333333336 0.988302005844846 0.17083333333333334 0.02339598831030818
0 0.45416666666666666 0.8530735255047821 0.1875 0.2938529489904357
0 0.3770833333333333 0.9510992295430393 0.016666666666666666 0.03400637619553666
0 0.46458333333333335 0.9425976354941552 0.15 0.01700318809776833
1 0.5229166666666667 0.9510992295430393 0.0125 0.03400637619553666
1 0.478125 0.950567879914984 0.010416666666666666 0.021253985122210415
1 0.5385416666666667 0.9510992295430393 0.01875 0.04250797024442083
0 0.45416666666666666 0.988302005844846 0.17083333333333334 0.02339598831030818
0 0.8458333333333333 0.8530735255047821 0.1875 0.2938529489904357
0 0.8026041666666667 0.7401534272051009 0.08854166666666667 0.04250797024442083
0 0.76875 0.9510992295430393 0.016666666666666666 0.03400637619553666
0 0.8110270182291667 0.9425976354941552 0.059554036458333334 0.01700318809776833
1 0.9145833333333333 0.9510992295430393 0.0125 0.03400637619553666
1 0.8697916666666666 0.950567879914984 0.010416666666666666 0.021253985122210415
1 0.9302083333333333 0.9510992295430393 0.01875 0.04250797024442083
0 0.8458333333333333 0.988302005844846 0.17083333333333334 0.02339598831030818
1 0.328125 0.22848034006376194 0.17083333333333334 0.04250797024442083
1 0.2834716796875 0.22848034006376194 0.08152669270833333 0.04250797024442083
1 0.2834676106770833 0.22794899043570668 0.044783528645833334 0.021253985122210415
1 0.3709716796875 0.22848034006376194 0.08513997395833334 0.04250797024442083
1 0.37096761067708334 0.22848034006376194 0.0380615234375 0.021253985122210415
0 0.07209879557291667 0.953241232731137 0.10253092447916666 0.01700318809776833
1 0.1535892168680827 0.9717137724889578 0.030728467305501304 0.03352270014861185
