0 0.06991373697916667 0.036131774707757705 0.118994140625 0.025504782146652496
1 0.9229166666666667 0.03400637619553666 0.020833333333333332 0.04250797024442083
0 0.9645833333333333 0.03400637619553666 0.05 0.03825717321997875
0 0.028035481770833332 0.08418570669500532 0.035237630208333336 0.032345908607863974
0 0.09257405598958333 0.08259165781083953 0.050089518229166664 0.02915781083953241
0 0.16974283854166666 0.08259165781083953 0.060498046875 0.02915781083953241
0 0.24586995442708334 0.08259165781083953 0.04800618489583333 0.02915781083953241
0 0.299560546875 0.08259165781083953 0.015625 0.02915781083953241
0 0.28309326171875 0.3304496546227418 0.0755615234375 0.01700318809776833
0 0.5581380208333333 0.304961477151966 0.08502604166666666 0.01700318809776833
0 0.35358072916666666 0.6342820138150903 0.133203125 0.01700318809776833
0 0.5991739908854167 0.6236550212539851 0.0837646484375 0.01700318809776833
0 0.3556722005208333 0.9848565356004251 0.13738606770833334 0.01700318809776833
0 0.6544392903645834 0.8998821068012752 0.19429524739583334 0.042491365568544104
