0 0.00026041666666666666 0.0005313496280552603 0.0005208333333333333 0.0010626992561105207
0 0.29140625 0.025504782146652496 0.0859375 0.05100956429330499
5 0.39427083333333335 0.025504782146652496 0.11979166666666667 0.03400637619553666
2 0.3848958333333333 0.025504782146652496 0.10104166666666667 0.03400637619553666
1 0.4635416666666667 0.025504782146652496 0.01875 0.03400637619553666
0 0.34661458333333334 0.4128586609989373 0.0953125 0.4303931987247609
0 0.4296875 0.4128586609989373 0.103125 0.4303931987247609
0 0.3279052734375 0.6556854410201913 0.06687825520833333 0.03400637619553666
1 0.3279052734375 0.6556854410201913 0.06687825520833333 0.03400637619553666
0 0.393359375 0.6556854410201913 0.05361328125 0.03400637619553666
1 0.393359375 0.6556854410201913 0.05361328125 0.03400637619553666
0 0.45555419921875 0.6556854410201913 0.06035970052083333 0.03400637619553666
1 0.45555419921875 0.6556854410201913 0.06035970052083333 0.03400637619553666
1 0.39010009765625 0.706163655685441 0.04522298177083333 0.015940488841657812
2 0.6661458333333333 0.23804463336875664 0.14166666666666666 0.03825717321997875
6 0.59765625 0.2736450584484591 0.0005208333333333333 0.0010626992561105207
5 0.61749267578125 0.2821466524973433 0.0443603515625 0.024442082890541977
1 0.6661458333333333 0.33475026567481403 0.14166666666666666 0.03825717321997875
1 0.6661458333333333 0.4580233793836344 0.14166666666666666 0.03825717321997875
1 0.6661458333333333 0.5090329436769394 0.14166666666666666 0.03825717321997875
0 0.6661458333333333 0.5887353878852285 0.035628255208333334 0.01700318809776833
0 0.6661458333333333 0.6556854410201913 0.11455078125 0.01700318809776833
0 0.25395100911458335 0.7768331562167906 0.008943684895833333 0.01700318809776833
0 0.43993733723958334 0.7768331562167906 0.034952799479166664 0.021253985122210415
0 0.47158203125 0.7768331562167906 0.024593098958333334 0.021253985122210415
0 0.5061075846354167 0.7768331562167906 0.04071451822916667 0.021253985122210415
0 0.6582722981770833 0.7768331562167906 0.0279541015625 0.021253985122210415
0 0.6884969075520834 0.7768331562167906 0.0324951171875 0.021253985122210415
0 0.72711181640625 0.7768331562167906 0.04473470052083333 0.021253985122210415
