1 0.859375 0.03825717321997875 0.0625 0.03825717321997875
0 0.3859375 0.16046758767268862 0.1875 0.04675876726886291
0 0.3859375 0.20722635494155153 0.1875 0.04675876726886291
0 0.3859375 0.25398512221041447 0.1875 0.04675876726886291
0 0.3859375 0.3007438894792774 0.1875 0.04675876726886291
0 0.3859375 0.3475026567481403 0.1875 0.04675876726886291
0 0.3859375 0.3942614240170032 0.1875 0.04675876726886291
0 0.3859375 0.4410201912858661 0.1875 0.04675876726886291
0 0.3859375 0.487778958554729 0.1875 0.04675876726886291
0 0.3859375 0.5345377258235919 0.1875 0.04675876726886291
0 0.3859375 0.5812964930924548 0.1875 0.04675876726886291
0 0.6984375 0.14665249734325186 0.39479166666666665 0.019128586609989374
0 0.5270833333333333 0.24335812964930925 0.052083333333333336 0.11477151965993623
0 0.59375 0.24335812964930925 0.052083333333333336 0.11477151965993623
0 0.6604166666666667 0.24335812964930925 0.052083333333333336 0.11477151965993623
0 0.7270833333333333 0.24335812964930925 0.052083333333333336 0.11477151965993623
0 0.79375 0.24335812964930925 0.052083333333333336 0.11477151965993623
0 0.8604166666666667 0.24335812964930925 0.052083333333333336 0.11477151965993623
0 0.5270833333333333 0.38788522848034007 0.052083333333333336 0.11477151965993623
0 0.59375 0.38788522848034007 0.052083333333333336 0.11477151965993623
0 0.6604166666666667 0.38788522848034007 0.052083333333333336 0.11477151965993623
0 0.7270833333333333 0.38788522848034007 0.052083333333333336 0.11477151965993623
0 0.79375 0.38788522848034007 0.052083333333333336 0.11477151965993623
0 0.8604166666666667 0.38788522848034007 0.052083333333333336 0.11477151965993623
0 0.5270833333333333 0.5324123273113709 0.052083333333333336 0.11477151965993623
0 0.59375 0.5324123273113709 0.052083333333333336 0.11477151965993623
0 0.6604166666666667 0.5324123273113709 0.052083333333333336 0.11477151965993623
0 0.7270833333333333 0.5324123273113709 0.052083333333333336 0.11477151965993623
0 0.79375 0.5324123273113709 0.028092447916666666 0.019128586609989374
0 0.24739583333333334 0.23485653560042508 0.14583333333333334 0.153028692879915
0 0.4140625 0.23485653560042508 0.14583333333333334 0.153028692879915
0 0.5807291666666666 0.23485653560042508 0.14583333333333334 0.153028692879915
0 0.77109375 0.18278427205100956 0.10885416666666667 0.048884165781083955
0 0.77109375 0.2316684378320935 0.10885416666666667 0.048884165781083955
0 0.77109375 0.28055260361317746 0.10885416666666667 0.048884165781083955
0 0.77109375 0.3294367693942614 0.10885416666666667 0.048884165781083955
0 0.77109375 0.3783209351753454 0.10885416666666667 0.048884165781083955
1 0.22083333333333333 0.3900106269925611 0.09375 0.03825717321997875
0 0.6142781575520834 0.22210414452709884 0.18272298177083332 0.1275239107332625
0 0.8044718424479167 0.22210414452709884 0.18272298177083332 0.1275239107332625
0 0.6142781575520834 0.3708820403825717 0.18272298177083332 0.1275239107332625
0 0.8044718424479167 0.3708820403825717 0.18272298177083332 0.1275239107332625
0 0.14961751302083334 0.20563230605738575 0.070068359375 0.018065887353878853
0 0.3067626953125 0.20563230605738575 0.069775390625 0.018065887353878853
0 0.30882161458333335 0.2438894792773645 0.07389322916666667 0.018065887353878853
0 0.4582275390625 0.20563230605738575 0.058121744791666666 0.018065887353878853
0 0.46037190755208335 0.2438894792773645 0.06241048177083333 0.018065887353878853
0 0.455517578125 0.2821466524973433 0.05270182291666667 0.018065887353878853
0 0.4894612630208333 0.3299681190223167 0.12058919270833333 0.03719447396386823
0 0.6135701497395833 0.20563230605738575 0.0542236328125 0.018065887353878853
0 0.5960001627604167 0.2438894792773645 0.019083658854166668 0.018065887353878853
0 0.6141357421875 0.2821466524973433 0.05535481770833333 0.018065887353878853
0 0.6070882161458333 0.320403825717322 0.041259765625 0.018065887353878853
0 0.760009765625 0.20563230605738575 0.03251953125 0.018065887353878853
0 0.7699910481770833 0.2438894792773645 0.05248209635416667 0.018065887353878853
0 0.78115234375 0.2821466524973433 0.0748046875 0.018065887353878853
0 0.7962809244791667 0.320403825717322 0.10506184895833333 0.018065887353878853
0 0.3307291666666667 0.23485653560042508 0.14583333333333334 0.153028692879915
0 0.4973958333333333 0.23485653560042508 0.14583333333333334 0.153028692879915
0 0.6877604166666667 0.1806588735387885 0.10885416666666667 0.044633368756641874
0 0.6877604166666667 0.2252922422954304 0.10885416666666667 0.044633368756641874
0 0.6877604166666667 0.26992561105207225 0.10885416666666667 0.044633368756641874
0 0.3945109049479167 0.2778958554729012 0.039021809895833336 0.018065887353878853
2 0.28671875 0.4498538788522848 0.2942708333333333 0.03825717321997875
1 0.49973958333333335 0.4498538788522848 0.06510416666666667 0.05100956429330499
0 0.26314697265625 0.5327444208289054 0.0891357421875 0.03825717321997875
0 0.3628336588541667 0.5327444208289054 0.089404296875 0.03825717321997875
0 0.44123942057291665 0.5327444208289054 0.04657389322916667 0.03825717321997875
0 0.4982421875 0.5327444208289054 0.04659830729166667 0.03825717321997875
0 0.17328287760416666 0.5710015940488842 0.08614908854166667 0.03825717321997875
0 0.25146891276041666 0.5710015940488842 0.0493896484375 0.03825717321997875
0 0.3248046875 0.5710015940488842 0.07644856770833333 0.03825717321997875
1 0.9864583333333333 0.9086078639744952 0.01875 0.03825717321997875
1 0.9864583333333333 0.9086078639744952 0.01875 0.03825717321997875
