0 0.04140625 0.031880977683315624 0.0515625 0.03825717321997875
8 0.10611165364583333 0.03187267534537726 0.05284830729166667 0.04760560573857598
1 0.10611165364583333 0.03187267534537726 0.05284830729166667 0.04760560573857598
8 0.161669921875 0.03187267534537726 0.0541015625 0.04760560573857598
1 0.161669921875 0.03187267534537726 0.0541015625 0.04760560573857598
8 0.21982828776041666 0.03187267534537726 0.05804850260416667 0.04760560573857598
1 0.21982828776041666 0.03187267534537726 0.05804850260416667 0.04760560573857598
0 0.27070719401041665 0.03187267534537726 0.03954264322916667 0.04760560573857598
0 0.3157145182291667 0.03187267534537726 0.046305338541666664 0.04760560573857598
0 0.36617838541666664 0.03187267534537726 0.050455729166666664 0.04760560573857598
1 0.91683349609375 0.031880977683315624 0.1350830078125 0.04845244420828906
0 0.8674763997395833 0.03187267534537726 0.03636881510416667 0.04760560573857598
1 0.9073689778645834 0.031880977683315624 0.03924967447916667 0.04845244420828906
1 0.95672607421875 0.031880977683315624 0.0552978515625 0.04845244420828906
2 0.4432291666666667 0.3687566418703507 0.28125 0.07013815090329437
1 0.6403645833333333 0.3687566418703507 0.1140625 0.07013815090329437
1 0.6401041666666667 0.3687566418703507 0.11458333333333333 0.07013815090329437
1 0.6403645833333333 0.3687566418703507 0.1140625 0.07013815090329437
1 0.6403645833333333 0.3687566418703507 0.1140625 0.07013815090329437
1 0.6403645833333333 0.3687566418703507 0.1140625 0.07013815090329437
1 0.6403645833333333 0.3687566418703507 0.1140625 0.07013815090329437
1 0.6403645833333333 0.3687566418703507 0.1140625 0.07013815090329437
1 0.6403645833333333 0.3687566418703507 0.1140625 0.07013815090329437
1 0.6476521809895833 0.3687566418703507 0.06566569010416666 0.019128586609989374
1 0.3468709309895833 0.7028759298618491 0.08409016927083333 0.05100956429330499
1 0.3468709309895833 0.7028759298618491 0.08409016927083333 0.05100956429330499
1 0.653125 0.7028759298618491 0.17942708333333332 0.05100956429330499
1 0.6055948893229167 0.7028759298618491 0.08436686197916667 0.05100956429330499
1 0.6984334309895833 0.7028759298618491 0.08881022135416666 0.05100956429330499
