1 0.06143798828125 0.03400637619553666 0.0728759765625 0.06801275239107332
11 0.00859375 0.21227417640807653 0.0171875 0.039851222104144525
0 0.00859375 0.2139346439957492 0.0171875 0.043172157279489906
11 0.00859375 0.25212539851222104 0.0171875 0.039851222104144525
0 0.00859375 0.25378586609989373 0.0171875 0.043172157279489906
11 0.00859375 0.2919766206163656 0.0171875 0.039851222104144525
0 0.00859375 0.2936370882040383 0.0171875 0.043172157279489906
11 0.00859375 0.3318278427205101 0.0171875 0.039851222104144525
0 0.00859375 0.33348831030818277 0.0171875 0.043172157279489906
11 0.00859375 0.36862380446333687 0.0171875 0.039851222104144525
0 0.012760416666666666 0.37028427205100956 0.025520833333333333 0.043172157279489906
11 0.00859375 0.4084750265674814 0.0171875 0.039851222104144525
0 0.012760416666666666 0.4101354941551541 0.025520833333333333 0.043172157279489906
11 0.00859375 0.4483262486716259 0.0171875 0.039851222104144525
0 0.012760416666666666 0.4499867162592986 0.025520833333333333 0.043172157279489906
11 0.00859375 0.48817747077577045 0.0171875 0.039851222104144525
0 0.012760416666666666 0.48983793836344314 0.025520833333333333 0.043172157279489906
11 0.00859375 0.5280286928799149 0.0171875 0.039851222104144525
0 0.012760416666666666 0.5296891604675876 0.025520833333333333 0.043172157279489906
11 0.00859375 0.5678799149840595 0.0171875 0.039851222104144525
0 0.012760416666666666 0.5695403825717322 0.025520833333333333 0.043172157279489906
11 0.00859375 0.3716790648246546 0.0171875 0.039851222104144525
0 0.00859375 0.3733395324123273 0.0171875 0.043172157279489906
11 0.00859375 0.4084750265674814 0.0171875 0.039851222104144525
0 0.012760416666666666 0.4101354941551541 0.025520833333333333 0.043172157279489906
11 0.00859375 0.4483262486716259 0.0171875 0.039851222104144525
0 0.012760416666666666 0.4499867162592986 0.025520833333333333 0.043172157279489906
11 0.00859375 0.48817747077577045 0.0171875 0.039851222104144525
0 0.012760416666666666 0.48983793836344314 0.025520833333333333 0.043172157279489906
11 0.00859375 0.5280286928799149 0.0171875 0.039851222104144525
0 0.012760416666666666 0.5296891604675876 0.025520833333333333 0.043172157279489906
11 0.00859375 0.5678799149840595 0.0171875 0.039851222104144525
0 0.012760416666666666 0.5695403825717322 0.025520833333333333 0.043172157279489906
11 0.00859375 0.607731137088204 0.0171875 0.039851222104144525
0 0.012760416666666666 0.6093916046758767 0.025520833333333333 0.043172157279489906
11 0.00859375 0.6475823591923485 0.0171875 0.039851222104144525
0 0.012760416666666666 0.6492428267800212 0.025520833333333333 0.043172157279489906
11 0.00859375 0.6874335812964931 0.0171875 0.039851222104144525
0 0.012760416666666666 0.6890940488841658 0.025520833333333333 0.043172157279489906
11 0.00859375 0.41153028692879917 0.0171875 0.039851222104144525
0 0.00859375 0.41319075451647186 0.0171875 0.043172157279489906
11 0.00859375 0.4483262486716259 0.0171875 0.039851222104144525
0 0.012760416666666666 0.4499867162592986 0.025520833333333333 0.043172157279489906
11 0.00859375 0.48817747077577045 0.0171875 0.039851222104144525
0 0.012760416666666666 0.48983793836344314 0.025520833333333333 0.043172157279489906
11 0.00859375 0.5280286928799149 0.0171875 0.039851222104144525
0 0.012760416666666666 0.5296891604675876 0.025520833333333333 0.043172157279489906
11 0.00859375 0.5678799149840595 0.0171875 0.039851222104144525
0 0.012760416666666666 0.5695403825717322 0.025520833333333333 0.043172157279489906
11 0.00859375 0.607731137088204 0.0171875 0.039851222104144525
0 0.012760416666666666 0.6093916046758767 0.025520833333333333 0.043172157279489906
11 0.00859375 0.6475823591923485 0.0171875 0.039851222104144525
0 0.012760416666666666 0.6492428267800212 0.025520833333333333 0.043172157279489906
11 0.00859375 0.6874335812964931 0.0171875 0.039851222104144525
0 0.012760416666666666 0.6890940488841658 0.025520833333333333 0.043172157279489906
11 0.00859375 0.7272848034006376 0.0171875 0.039851222104144525
0 0.012760416666666666 0.7289452709883103 0.025520833333333333 0.043172157279489906
11 0.00859375 0.7671360255047821 0.0171875 0.039851222104144525
0 0.012760416666666666 0.7687964930924548 0.025520833333333333 0.043172157279489906
11 0.00859375 0.8069872476089267 0.0171875 0.039851222104144525
0 0.012760416666666666 0.8086477151965994 0.025520833333333333 0.043172157279489906
11 0.00859375 0.8468384697130712 0.0171875 0.039851222104144525
0 0.012760416666666666 0.8484989373007439 0.025520833333333333 0.043172157279489906
11 0.00859375 0.8866896918172157 0.0171875 0.039851222104144525
0 0.012760416666666666 0.8883501594048884 0.025520833333333333 0.043172157279489906
11 0.00859375 0.9265409139213603 0.0171875 0.039851222104144525
0 0.012760416666666666 0.928201381509033 0.025520833333333333 0.043172157279489906
11 0.00859375 0.9663921360255048 0.0171875 0.039851222104144525
0 0.012760416666666666 0.9680526036131775 0.025520833333333333 0.043172157279489906
11 0.00859375 0.9931588735387885 0.0171875 0.013682252922422955
0 0.012760416666666666 0.9931588735387885 0.025520833333333333 0.013682252922422955
11 0.00859375 0.45138150903294366 0.0171875 0.039851222104144525
0 0.00859375 0.45304197662061635 0.0171875 0.043172157279489906
11 0.00859375 0.48817747077577045 0.0171875 0.039851222104144525
0 0.012760416666666666 0.48983793836344314 0.025520833333333333 0.043172157279489906
11 0.00859375 0.5280286928799149 0.0171875 0.039851222104144525
0 0.012760416666666666 0.5296891604675876 0.025520833333333333 0.043172157279489906
11 0.00859375 0.5678799149840595 0.0171875 0.039851222104144525
0 0.012760416666666666 0.5695403825717322 0.025520833333333333 0.043172157279489906
11 0.00859375 0.4912327311370882 0.0171875 0.039851222104144525
0 0.00859375 0.4928931987247609 0.0171875 0.043172157279489906
11 0.00859375 0.5280286928799149 0.0171875 0.039851222104144525
0 0.012760416666666666 0.5296891604675876 0.025520833333333333 0.043172157279489906
11 0.00859375 0.5678799149840595 0.0171875 0.039851222104144525
0 0.012760416666666666 0.5695403825717322 0.025520833333333333 0.043172157279489906
11 0.00859375 0.5310839532412327 0.0171875 0.039851222104144525
0 0.00859375 0.5327444208289054 0.0171875 0.043172157279489906
11 0.00859375 0.5709351753453773 0.0171875 0.039851222104144525
0 0.00859375 0.57259564293305 0.0171875 0.043172157279489906
11 0.00859375 0.6107863974495218 0.0171875 0.039851222104144525
0 0.00859375 0.6124468650371945 0.0171875 0.043172157279489906
11 0.00859375 0.6475823591923485 0.0171875 0.039851222104144525
0 0.012760416666666666 0.6492428267800212 0.025520833333333333 0.043172157279489906
11 0.00859375 0.6874335812964931 0.0171875 0.039851222104144525
0 0.012760416666666666 0.6890940488841658 0.025520833333333333 0.043172157279489906
11 0.00859375 0.7272848034006376 0.0171875 0.039851222104144525
0 0.012760416666666666 0.7289452709883103 0.025520833333333333 0.043172157279489906
11 0.00859375 0.7671360255047821 0.0171875 0.039851222104144525
0 0.012760416666666666 0.7687964930924548 0.025520833333333333 0.043172157279489906
11 0.00859375 0.8069872476089267 0.0171875 0.039851222104144525
0 0.012760416666666666 0.8086477151965994 0.025520833333333333 0.043172157279489906
11 0.00859375 0.8468384697130712 0.0171875 0.039851222104144525
0 0.012760416666666666 0.8484989373007439 0.025520833333333333 0.043172157279489906
11 0.00859375 0.6506376195536663 0.0171875 0.039851222104144525
0 0.00859375 0.652298087141339 0.0171875 0.043172157279489906
11 0.00859375 0.6874335812964931 0.0171875 0.039851222104144525
0 0.012760416666666666 0.6890940488841658 0.025520833333333333 0.043172157279489906
11 0.00859375 0.7272848034006376 0.0171875 0.039851222104144525
0 0.012760416666666666 0.7289452709883103 0.025520833333333333 0.043172157279489906
11 0.00859375 0.7671360255047821 0.0171875 0.039851222104144525
0 0.012760416666666666 0.7687964930924548 0.025520833333333333 0.043172157279489906
11 0.00859375 0.6904888416578109 0.0171875 0.039851222104144525
0 0.00859375 0.6921493092454836 0.0171875 0.043172157279489906
11 0.00859375 0.7272848034006376 0.0171875 0.039851222104144525
0 0.012760416666666666 0.7289452709883103 0.025520833333333333 0.043172157279489906
11 0.00859375 0.7671360255047821 0.0171875 0.039851222104144525
0 0.012760416666666666 0.7687964930924548 0.025520833333333333 0.043172157279489906
11 0.00859375 0.8069872476089267 0.0171875 0.039851222104144525
0 0.012760416666666666 0.8086477151965994 0.025520833333333333 0.043172157279489906
11 0.00859375 0.8468384697130712 0.0171875 0.039851222104144525
0 0.012760416666666666 0.8484989373007439 0.025520833333333333 0.043172157279489906
11 0.00859375 0.7303400637619554 0.0171875 0.039851222104144525
0 0.00859375 0.7320005313496281 0.0171875 0.043172157279489906
11 0.00859375 0.7671360255047821 0.0171875 0.039851222104144525
0 0.012760416666666666 0.7687964930924548 0.025520833333333333 0.043172157279489906
11 0.00859375 0.8069872476089267 0.0171875 0.039851222104144525
0 0.012760416666666666 0.8086477151965994 0.025520833333333333 0.043172157279489906
11 0.00859375 0.8468384697130712 0.0171875 0.039851222104144525
0 0.012760416666666666 0.8484989373007439 0.025520833333333333 0.043172157279489906
11 0.00859375 0.8866896918172157 0.0171875 0.039851222104144525
0 0.012760416666666666 0.8883501594048884 0.025520833333333333 0.043172157279489906
11 0.00859375 0.9265409139213603 0.0171875 0.039851222104144525
0 0.012760416666666666 0.928201381509033 0.025520833333333333 0.043172157279489906
11 0.00859375 0.9663921360255048 0.0171875 0.039851222104144525
0 0.012760416666666666 0.9680526036131775 0.025520833333333333 0.043172157279489906
11 0.00859375 0.7701912858660999 0.0171875 0.039851222104144525
0 0.00859375 0.7718517534537725 0.0171875 0.043172157279489906
0 0.4952392578125 0.03400637619553666 0.31349283854166665 0.05100956429330499
1 0.8315104166666667 0.03400637619553666 0.0703125 0.04768862911795962
0 0.8354166666666667 0.03400637619553666 0.0625 0.04768862911795962
1 0.9018229166666667 0.03400637619553666 0.0703125 0.04768862911795962
0 0.9057291666666667 0.03400637619553666 0.0625 0.04768862911795962
1 0.9559773763020833 0.03400637619553666 0.010001627604166667 0.03400637619553666
0 0.04853515625 0.11155851487778959 0.0314453125 0.028809112646121147
0 0.1246826171875 0.11326879649309246 0.108349609375 0.01359922954303932
0 0.1246826171875 0.1323807784272051 0.108349609375 0.01359922954303932
0 0.4952392578125 0.11156681721572795 0.31349283854166665 0.05100956429330499
11 0.23835042317708333 0.18062566418703507 0.0622802734375 0.02763018065887354
0 0.23835042317708333 0.18062566418703507 0.0622802734375 0.02763018065887354
11 0.30504964192708334 0.18062566418703507 0.0711181640625 0.02763018065887354
0 0.30504964192708334 0.18062566418703507 0.0711181640625 0.02763018065887354
11 0.3681396484375 0.18062566418703507 0.05506184895833333 0.02763018065887354
0 0.3681396484375 0.18062566418703507 0.05506184895833333 0.02763018065887354
11 0.41665445963541664 0.18062566418703507 0.0419677734375 0.02763018065887354
0 0.41665445963541664 0.18062566418703507 0.0419677734375 0.02763018065887354
11 0.45698649088541665 0.18062566418703507 0.0386962890625 0.02763018065887354
0 0.45698649088541665 0.18062566418703507 0.0386962890625 0.02763018065887354
11 0.4960734049479167 0.18062566418703507 0.0394775390625 0.02763018065887354
0 0.4960734049479167 0.18062566418703507 0.0394775390625 0.02763018065887354
11 0.5308919270833333 0.18062566418703507 0.030159505208333333 0.02763018065887354
0 0.5308919270833333 0.18062566418703507 0.030159505208333333 0.02763018065887354
11 0.566357421875 0.18062566418703507 0.040771484375 0.02763018065887354
0 0.566357421875 0.18062566418703507 0.040771484375 0.02763018065887354
11 0.6261474609375 0.18062566418703507 0.07880859375 0.02763018065887354
0 0.6261474609375 0.18062566418703507 0.07880859375 0.02763018065887354
11 0.69305419921875 0.18062566418703507 0.0550048828125 0.02763018065887354
0 0.69305419921875 0.18062566418703507 0.0550048828125 0.02763018065887354
11 0.7566691080729167 0.18062566418703507 0.07222493489583333 0.02763018065887354
0 0.7566691080729167 0.18062566418703507 0.07222493489583333 0.02763018065887354
0 0.30492757161458334 0.22419633368756642 0.13589680989583333 0.021253985122210415
0 0.43954671223958336 0.22419633368756642 0.1072998046875 0.021253985122210415
0 0.5513102213541666 0.22419633368756642 0.090185546875 0.021253985122210415
0 0.6470784505208333 0.22419633368756642 0.07530924479166666 0.021253985122210415
0 0.7208577473958333 0.22419633368756642 0.04620768229166667 0.021253985122210415
0 0.27082926432291665 0.24374003719447396 0.0677001953125 0.021253985122210415
0 0.24209798177083333 0.6276484458023379 0.15086263020833332 0.14590528692879914
0 0.25662027994791664 0.9227218384697131 0.1799072265625 0.15455632306057385
0 0.4470418294270833 0.9227218384697131 0.1799072265625 0.15455632306057385
0 0.5991007486979166 0.6460879383634431 0.1031982421875 0.0818278427205101
0 0.6054239908854167 0.7790913921360255 0.1158447265625 0.061636556854410204
0 0.6024658203125 0.9120948459086079 0.10992838541666666 0.0818278427205101
0 0.60174560546875 0.9935075717321998 0.10848795572916667 0.012984856535600425
