0 0.14274495442708332 0.032412327311370885 0.039656575520833334 0.03506907545164718
0 0.192919921875 0.032412327311370885 0.04611002604166667 0.03506907545164718
0 0.24379069010416668 0.032412327311370885 0.04104817708333333 0.03506907545164718
0 0.3054117838541667 0.032412327311370885 0.06761067708333333 0.03506907545164718
0 0.3778076171875 0.032412327311370885 0.06259765625 0.03506907545164718
11 0.89208984375 0.032080233793836344 0.09542643229166667 0.040382571732199786
0 0.89208984375 0.032080233793836344 0.085009765625 0.040382571732199786
11 0.9581827799479167 0.032080233793836344 0.036759440104166666 0.04091392136025505
0 0.9581827799479167 0.032345908607863974 0.036759440104166666 0.03506907545164718
1 0.34088541666666666 0.7919434112646121 0.3182291666666667 0.05951115834218916
0 0.24442545572916666 0.7919434112646121 0.12530924479166666 0.05951115834218916
0 0.5553548177083333 0.48391006907545164 0.07161458333333333 0.022316684378320937
1 0.4215006510416667 0.5331595377258236 0.07945963541666666 0.022316684378320937
1 0.4953125 0.6070171360255048 0.22708333333333333 0.048884165781083955
1 0.6203125 0.3135626992561105 0.030208333333333334 0.05157412327311371
