1 0.11666666666666667 0.03506907545164718 0.016666666666666666 0.03400637619553666
6 0.11666666666666667 0.03506907545164718 0.016666666666666666 0.03400637619553666
1 0.11666666666666667 0.03506907545164718 0.016666666666666666 0.03400637619553666
8 0.11666666666666667 0.03506907545164718 0.0005208333333333333 0.0010626992561105207
8 0.16822916666666668 0.06907545164718384 0.12083333333333333 0.03400637619553666
1 0.14493815104166666 0.10773113708820403 0.05758463541666667 0.02763018065887354
0 0.16822916666666668 0.15289585547290116 0.10416666666666667 0.03506907545164718
0 0.16822916666666668 0.18944274707757705 0.10416666666666667 0.03506907545164718
0 0.16822916666666668 0.2259896386822529 0.10416666666666667 0.03506907545164718
0 0.16822916666666668 0.2625365302869288 0.10416666666666667 0.03506907545164718
0 0.16822916666666668 0.2990834218916047 0.10416666666666667 0.03506907545164718
0 0.16822916666666668 0.33563031349628053 0.10416666666666667 0.03506907545164718
0 0.16822916666666668 0.3721772051009564 0.10416666666666667 0.03506907545164718
0 0.16822916666666668 0.41988243889479276 0.10416666666666667 0.057385759829968117
0 0.16822916666666668 0.5149940223166843 0.10416666666666667 0.03506907545164718
0 0.16822916666666668 0.5515409139213603 0.10416666666666667 0.03506907545164718
0 0.16822916666666668 0.5880878055260361 0.10416666666666667 0.03506907545164718
0 0.16822916666666668 0.624634697130712 0.10416666666666667 0.03506907545164718
0 0.16822916666666668 0.6723399309245484 0.10416666666666667 0.057385759829968117
0 0.19010416666666666 0.03506907545164718 0.115625 0.053134962805526036
1 0.3770833333333333 0.03506907545164718 0.24791666666666667 0.03400637619553666
2 0.36380208333333336 0.03506907545164718 0.22135416666666666 0.03400637619553666
1 0.4875 0.03506907545164718 0.027083333333333334 0.03400637619553666
0 0.7736409505208334 0.03453772582359192 0.014583333333333334 0.01487778958554729
0 0.8106201171875 0.03453772582359192 0.051041666666666666 0.01487778958554729
0 0.85452880859375 0.03453772582359192 0.0284423828125 0.01487778958554729
1 0.88125 0.03506907545164718 0.020833333333333332 0.03400637619553666
6 0.88125 0.03506907545164718 0.020833333333333332 0.03400637619553666
1 0.88125 0.03506907545164718 0.016666666666666666 0.03400637619553666
8 0.88125 0.03506907545164718 0.0005208333333333333 0.0010626992561105207
8 0.83125 0.06907545164718384 0.12083333333333333 0.03400637619553666
0 0.8036376953125 0.10201912858660998 0.04894205729166667 0.01487778958554729
0 0.83125 0.1312433581296493 0.10416666666666667 0.03506907545164718
0 0.83125 0.1663124335812965 0.10416666666666667 0.03506907545164718
0 0.1330810546875 0.11800943145589798 0.04324544270833333 0.044633368756641874
0 0.173974609375 0.11800943145589798 0.021875 0.044633368756641874
0 0.6088948567708333 0.11800943145589798 0.014583333333333334 0.044633368756641874
0 0.64599609375 0.11800943145589798 0.042952473958333334 0.044633368756641874
0 0.6903889973958334 0.11800943145589798 0.029166666666666667 0.044633368756641874
8 0.73009033203125 0.1164153825717322 0.0335693359375 0.04144527098831031
6 0.73009033203125 0.1164153825717322 0.0335693359375 0.04144527098831031
1 0.73009033203125 0.11694673219978746 0.0335693359375 0.04250797024442083
8 0.7241007486979166 0.11960348034006377 0.021590169270833334 0.022316684378320937
8 0.6882283528645833 0.15414120616365568 0.11729329427083333 0.03400637619553666
1 0.694970703125 0.16795629649309246 0.05758463541666667 0.02763018065887354
0 0.6882283528645833 0.25562898512221044 0.10062662760416667 0.03506907545164718
0 0.6882283528645833 0.2921758767268863 0.10062662760416667 0.03506907545164718
0 0.6882283528645833 0.32872276833156217 0.10062662760416667 0.03506907545164718
0 0.6882283528645833 0.36526965993623806 0.10062662760416667 0.03506907545164718
0 0.6882283528645833 0.40181655154091395 0.10062662760416667 0.03506907545164718
0 0.6882283528645833 0.4383634431455898 0.10062662760416667 0.03506907545164718
0 0.6882283528645833 0.4749103347502657 0.10062662760416667 0.03506907545164718
0 0.6882283528645833 0.5114572263549415 0.10062662760416667 0.03506907545164718
0 0.6882283528645833 0.5954104675876727 0.10062662760416667 0.03506907545164718
0 0.6882283528645833 0.6319573591923485 0.10062662760416667 0.03506907545164718
0 0.6882283528645833 0.6685042507970245 0.10062662760416667 0.03506907545164718
0 0.6882283528645833 0.7524574920297555 0.10062662760416667 0.03506907545164718
0 0.6882283528645833 0.7890043836344315 0.10062662760416667 0.03506907545164718
0 0.6882283528645833 0.8255512752391073 0.10062662760416667 0.03506907545164718
0 0.6882283528645833 0.8620981668437833 0.10062662760416667 0.03506907545164718
0 0.6882283528645833 0.8986450584484591 0.10062662760416667 0.03506907545164718
0 0.6882283528645833 0.9351919500531349 0.10062662760416667 0.03506907545164718
0 0.6882283528645833 0.9717388416578109 0.10062662760416667 0.03506907545164718
0 0.6882283528645833 0.9953755977683315 0.10062662760416667 0.009248804463336875
1 0.8024332682291667 0.15817614240170033 0.027083333333333334 0.02763018065887354
7 0.7729166666666667 0.24531748140276302 0.010416666666666666 0.021253985122210415
5 0.8239583333333333 0.24531748140276302 0.1125 0.021253985122210415
7 0.7729166666666667 0.2793238575982997 0.010416666666666666 0.021253985122210415
5 0.8239583333333333 0.2793238575982997 0.1125 0.021253985122210415
7 0.7729166666666667 0.31333023379383634 0.010416666666666666 0.021253985122210415
5 0.8239583333333333 0.31333023379383634 0.1125 0.021253985122210415
7 0.7729166666666667 0.39622077577045695 0.010416666666666666 0.021253985122210415
5 0.8239583333333333 0.39622077577045695 0.1125 0.021253985122210415
7 0.7729166666666667 0.43022715196599365 0.010416666666666666 0.021253985122210415
5 0.8239583333333333 0.43022715196599365 0.1125 0.021253985122210415
7 0.7729166666666667 0.5131176939426142 0.010416666666666666 0.021253985122210415
5 0.8239583333333333 0.5131176939426142 0.1125 0.021253985122210415
7 0.7729166666666667 0.5471240701381509 0.010416666666666666 0.021253985122210415
5 0.8239583333333333 0.5471240701381509 0.1125 0.021253985122210415
7 0.7729166666666667 0.5811304463336876 0.010416666666666666 0.021253985122210415
5 0.8239583333333333 0.5811304463336876 0.1125 0.021253985122210415
0 0.2519734700520833 0.195586477151966 0.1029052734375 0.02975557917109458
0 0.2880777994791667 0.23342853347502657 0.05667317708333333 0.01487778958554729
0 0.32704264322916665 0.23342853347502657 0.021256510416666666 0.01487778958554729
0 0.35183919270833336 0.23342853347502657 0.028336588541666666 0.01487778958554729
0 0.6464599609375 0.2708222635494155 0.04373372395833333 0.015940488841657812
0 0.6920817057291667 0.2708222635494155 0.015836588541666665 0.015940488841657812
0 0.6810546875 0.2958455100956429 0.11705729166666666 0.018065887353878853
0 0.13020833333333334 0.35738243889479276 0.019791666666666666 0.025504782146652496
0 0.14791666666666667 0.44580233793836344 0.052083333333333336 0.01700318809776833
0 0.190625 0.40397515940488843 0.025 0.01700318809776833
0 0.353125 0.40397515940488843 0.016666666666666666 0.01700318809776833
0 0.4197916666666667 0.40397515940488843 0.03333333333333333 0.01700318809776833
0 0.19479166666666667 0.4311736184909671 0.016666666666666666 0.01700318809776833
0 0.3277099609375 0.48557053666312433 0.03333333333333333 0.01700318809776833
0 0.39854329427083335 0.48557053666312433 0.025 0.01700318809776833
0 0.4277099609375 0.48557053666312433 0.016666666666666666 0.01700318809776833
0 0.4527099609375 0.48557053666312433 0.016666666666666666 0.01700318809776833
0 0.34637858072916666 0.5399674548352816 0.03333333333333333 0.01700318809776833
0 0.4297119140625 0.5399674548352816 0.03333333333333333 0.01700318809776833
0 0.46304524739583336 0.5399674548352816 0.016666666666666666 0.01700318809776833
0 0.18829752604166666 0.5671659139213603 0.03333333333333333 0.01700318809776833
0 0.296630859375 0.5671659139213603 0.03333333333333333 0.01700318809776833
0 0.34246419270833334 0.5671659139213603 0.041666666666666664 0.01700318809776833
0 0.20520833333333333 0.5943643730074389 0.06666666666666667 0.01700318809776833
0 0.31202392578125 0.5943643730074389 0.0745849609375 0.01700318809776833
0 0.4159749348958333 0.5943643730074389 0.06666666666666667 0.01700318809776833
0 0.30787760416666665 0.6079636025504782 0.37200520833333334 0.04420164718384697
0 0.341015625 0.6657644792773645 0.041666666666666664 0.01700318809776833
0 0.3963541666666667 0.6657644792773645 0.05 0.01700318809776833
0 0.45169270833333336 0.6657644792773645 0.041666666666666664 0.01700318809776833
0 0.4903645833333333 0.6657644792773645 0.016666666666666666 0.01700318809776833
0 0.18103841145833333 0.7025106269925611 0.09166666666666666 0.01700318809776833
0 0.260205078125 0.7025106269925611 0.03333333333333333 0.01700318809776833
0 0.28937174479166666 0.7025106269925611 0.025 0.01700318809776833
0 0.3768717447916667 0.7025106269925611 0.016666666666666666 0.01700318809776833
0 0.16494140625 0.7857996811902231 0.05947265625 0.01700318809776833
0 0.23634440104166668 0.7857996811902231 0.05 0.01700318809776833
0 0.31813151041666665 0.7857996811902231 0.030240885416666665 0.01700318809776833
0 0.34991861979166666 0.7857996811902231 0.016666666666666666 0.01700318809776833
0 0.45099283854166666 0.7857996811902231 0.030240885416666665 0.01700318809776833
0 0.4827799479166667 0.7857996811902231 0.016666666666666666 0.01700318809776833
0 0.17937418619791667 0.8129981402763018 0.033097330729166666 0.01700318809776833
0 0.3080078125 0.8129981402763018 0.075 0.01700318809776833
0 0.3621744791666667 0.8129981402763018 0.016666666666666666 0.01700318809776833
0 0.39134114583333335 0.8129981402763018 0.041666666666666664 0.01700318809776833
0 0.3153564453125 0.8265973698193412 0.360302734375 0.04420164718384697
0 0.21437174479166668 0.8401965993623804 0.041666666666666664 0.01700318809776833
0 0.160205078125 0.8690887353878852 0.05 0.01700318809776833
0 0.222705078125 0.8690887353878852 0.041666666666666664 0.01700318809776833
0 0.272705078125 0.8690887353878852 0.041666666666666664 0.01700318809776833
0 0.32687174479166664 0.8690887353878852 0.05 0.01700318809776833
0 0.40187174479166665 0.8690887353878852 0.016666666666666666 0.01700318809776833
0 0.17658284505208333 0.8962871944739639 0.0660888671875 0.01700318809776833
0 0.2637939453125 0.8962871944739639 0.025 0.01700318809776833
0 0.3012939453125 0.8962871944739639 0.03333333333333333 0.01700318809776833
0 0.3596272786458333 0.8962871944739639 0.03333333333333333 0.01700318809776833
0 0.341015625 0.9319872476089267 0.041666666666666664 0.01700318809776833
0 0.3963541666666667 0.9319872476089267 0.05 0.01700318809776833
0 0.45169270833333336 0.9319872476089267 0.041666666666666664 0.01700318809776833
0 0.4903645833333333 0.9319872476089267 0.016666666666666666 0.01700318809776833
0 0.13020833333333334 0.9851222104144527 0.019791666666666666 0.025504782146652496
0 0.5278645833333333 0.35738243889479276 0.019791666666666666 0.025504782146652496
0 0.56484375 0.36151700318809776 0.05 0.020191285866099893
0 0.6006510416666667 0.5446333687566419 0.1015625 0.01700318809776833
0 0.558203125 0.7185341392136025 0.016666666666666666 0.01700318809776833
0 0.6080810546875 0.7185341392136025 0.06642252604166667 0.01700318809776833
0 0.6247477213541667 0.7321333687566419 0.149755859375 0.04420164718384697
0 0.664453125 0.781432651434644 0.041666666666666664 0.01700318809776833
0 0.715625 0.781432651434644 0.041666666666666664 0.01700318809776833
0 0.5278645833333333 0.83456761424017 0.019791666666666666 0.025504782146652496
0 0.5698445638020834 0.8387021785334751 0.06000162760416667 0.020191285866099893
0 0.6274251302083333 0.8387021785334751 0.048486328125 0.020191285866099893
0 0.5661946614583333 0.8777563761955367 0.06666666666666667 0.01700318809776833
0 0.5533650716145834 0.9066485122210415 0.04100748697916667 0.01700318809776833
0 0.6141072591145833 0.9066485122210415 0.06381022135416667 0.01700318809776833
0 0.6859944661458334 0.9338469713071201 0.058089192708333334 0.01700318809776833
0 0.6063151041666667 0.9610454303931987 0.030240885416666665 0.01700318809776833
0 0.5450724283854167 0.9899375664187035 0.024422200520833333 0.01700318809776833
0 0.5901611328125 0.9899375664187035 0.049088541666666666 0.01700318809776833
0 0.6438720703125 0.9899375664187035 0.025 0.01700318809776833
0 0.6813720703125 0.9899375664187035 0.03333333333333333 0.01700318809776833
