0 0.16058349609375 0.05100956429330499 0.0461669921875 0.03825717321997875
0 0.21471354166666667 0.05100956429330499 0.045426432291666666 0.057385759829968117
0 0.25494791666666666 0.05100956429330499 0.03504231770833333 0.057385759829968117
0 0.30326741536458335 0.05100956429330499 0.0615966796875 0.057385759829968117
0 0.36949055989583335 0.05100956429330499 0.070849609375 0.057385759829968117
0 0.37742919921875 0.5403825717321998 0.4798583984375 0.8767268862911796
1 0.5892333984375 0.9213602550478215 0.03125 0.06376195536663125
1 0.5892333984375 0.9213602550478215 0.03125 0.01487778958554729
0 0.7451334635416667 0.48724760892667374 0.234716796875 0.7364505844845909
1 0.8260335286458333 0.48724760892667374 0.020833333333333332 0.04250797024442083
1 0.7451334635416667 0.9256110520722636 0.234716796875 0.10626992561105207
0 0.00026041666666666666 0.9994686503719448 0.0005208333333333333 0.0010626992561105207
1 0.13802083333333334 0.7069689824654622 0.2604166666666667 0.5541810573857598
0 0.23172200520833333 0.7603613177470776 0.01865234375 0.020191285866099893
1 0.13802083333333334 0.8831030818278427 0.2604166666666667 0.20191285866099895
1 0.13802083333333334 0.824654622741764 0.234375 0.04250797024442083
1 0.13802083333333334 0.8777895855472901 0.234375 0.04250797024442083
1 0.13802083333333334 0.9309245483528161 0.234375 0.04250797024442083
