0 0.033854166666666664 0.04091392136025505 0.057291666666666664 0.03719447396386823
2 0.47200113932291665 0.03400637619553666 0.7773356119791667 0.01700318809776833
1 0.8700602213541667 0.03453772582359192 0.018782552083333334 0.03294367693942614
0 0.9237589518229167 0.03453772582359192 0.0469482421875 0.015940488841657812
0 0.9583658854166667 0.03453772582359192 0.022265625 0.015940488841657812
0 0.979541015625 0.03453772582359192 0.020084635416666666 0.015940488841657812
1 0.5 0.38788522848034007 0.78125 0.6376195536663124
0 0.5546875 0.22848034006376194 0.890625 0.3188097768331562
0 0.2109375 0.5816700982996812 0.18229166666666666 0.36694673219978746
0 0.36126302083333334 0.45911098565356007 0.07669270833333333 0.12182850690754517
0 0.44602864583333335 0.45911098565356007 0.07669270833333333 0.12182850690754517
0 0.36126302083333334 0.6276982598299681 0.07669270833333333 0.12182850690754517
0 0.44602864583333335 0.6276982598299681 0.07669270833333333 0.12182850690754517
0 0.4036458333333333 0.747874601487779 0.16145833333333334 0.023910733262486716
0 0.5963541666666666 0.5816700982996812 0.18229166666666666 0.36694673219978746
0 0.7890625 0.5816700982996812 0.18229166666666666 0.36694673219978746
0 0.2109375 0.9328922024442083 0.18229166666666666 0.13421559511158343
0 0.4036458333333333 0.9486666445270988 0.18229166666666666 0.10266671094580233
0 0.5963541666666666 0.9328922024442083 0.18229166666666666 0.13421559511158343
0 0.7890625 0.9328922024442083 0.18229166666666666 0.13421559511158343
