0 0.18125 0.03825717321997875 0.0625 0.04250797024442083
0 0.73719482421875 0.036663124335812966 0.0617431640625 0.022316684378320937
8 0.7975748697916667 0.036663124335812966 0.05068359375 0.039319872476089264
1 0.7975748697916667 0.036663124335812966 0.05068359375 0.039319872476089264
8 0.8364583333333333 0.036663124335812966 0.027083333333333334 0.039319872476089264
1 0.8385416666666666 0.036663124335812966 0.022916666666666665 0.039319872476089264
1 0.17019449869791667 0.09032943676939426 0.040388997395833334 0.045895324123273115
1 0.22674967447916666 0.09032943676939426 0.039388020833333336 0.045895324123273115
1 0.27923990885416666 0.09032943676939426 0.03225911458333333 0.045895324123273115
1 0.33423258463541666 0.09032943676939426 0.044392903645833336 0.045895324123273115
1 0.3918538411458333 0.09032943676939426 0.037516276041666664 0.045895324123273115
1 0.45785319010416664 0.09032943676939426 0.06114908854166667 0.045895324123273115
1 0.6864501953125 0.0903211344314559 0.01875 0.031233395324123274
1 0.7206827799479166 0.09032943676939426 0.0413818359375 0.05100956429330499
1 0.7769694010416667 0.09032943676939426 0.06285807291666666 0.05100956429330499
1 0.8312825520833333 0.09032943676939426 0.037434895833333336 0.053134962805526036
1 0.4525065104166667 0.48034006376195537 0.07884114583333333 0.053134962805526036
1 0.54462890625 0.48034006376195537 0.0845703125 0.053134962805526036
