5 0.17476399739583334 0.05419766206163656 0.0109375 0.019128586609989374
0 0.49322916666666666 0.05844845908607864 0.10364583333333334 0.05951115834218916
0 0.7398681640625 0.0563230605738576 0.041748046875 0.01487778958554729
1 0.8246419270833333 0.0563230605738576 0.10279947916666667 0.04250797024442083
1 0.8071818033854167 0.0563230605738576 0.05121256510416667 0.01700318809776833
0 0.2961669921875 0.1339001062699256 0.042041015625 0.01487778958554729
0 0.34921061197916664 0.1339001062699256 0.030712890625 0.01487778958554729
0 0.40335286458333336 0.1339001062699256 0.04423828125 0.01487778958554729
0 0.45681966145833336 0.1339001062699256 0.029361979166666666 0.01487778958554729
0 0.49831949869791664 0.1339001062699256 0.020304361979166668 0.01487778958554729
0 0.5443562825520833 0.1339001062699256 0.038435872395833334 0.01487778958554729
0 0.5966593424479166 0.1339001062699256 0.0328369140625 0.01487778958554729
0 0.6408528645833333 0.1339001062699256 0.022216796875 0.01487778958554729
0 0.6967366536458334 0.1339001062699256 0.05621744791666667 0.01487778958554729
0 0.15885416666666666 0.206163655685441 0.021875 0.044633368756641874
0 0.2296875 0.206163655685441 0.10729166666666666 0.037825451647183844
0 0.29765625 0.206163655685441 0.028645833333333332 0.044633368756641874
0 0.371875 0.206163655685441 0.10729166666666666 0.037825451647183844
0 0.43984375 0.206163655685441 0.028645833333333332 0.044633368756641874
0 0.5140625 0.206163655685441 0.10729166666666666 0.037825451647183844
0 0.58203125 0.206163655685441 0.028645833333333332 0.044633368756641874
0 0.65625 0.206163655685441 0.10729166666666666 0.037825451647183844
0 0.72421875 0.206163655685441 0.028645833333333332 0.044633368756641874
0 0.7984375 0.206163655685441 0.10729166666666666 0.037825451647183844
0 0.22395833333333334 0.7356535600425079 0.18229166666666666 0.17268862911795962
0 0.4739583333333333 0.824654622741764 0.2864583333333333 0.35069075451647186
0 0.21127115885416667 0.9959982731137088 0.15691731770833334 0.00800345377258236
0 0.8374715169270833 0.667375132837407 0.053181966145833336 0.01700318809776833
13 0.8614583333333333 0.667375132837407 0.005208333333333333 0.01700318809776833
5 0.6792521158854167 0.7217720510095643 0.07621256510416667 0.012752391073326248
6 0.7379313151041667 0.7217720510095643 0.021354166666666667 0.01487778958554729
0 0.7671875 0.7738443145589798 0.19375 0.031880977683315624
0 0.7671875 0.8312300743889479 0.19375 0.031880977683315624
0 0.7671875 0.8886158342189161 0.19375 0.031880977683315624
0 0.7671875 0.9460015940488842 0.19375 0.031880977683315624
0 0.7671875 0.9937234325185972 0.19375 0.012553134962805527
0 0.4869791666666667 0.9723698193411264 0.38616536458333334 0.02763018065887354
