0 0.0697265625 0.04782146652497343 0.09944661458333333 0.09351753453772582
11 0.6950764973958333 0.04782146652497343 0.056591796875 0.09351753453772582
0 0.6950764973958333 0.04782146652497343 0.056591796875 0.09351753453772582
11 0.7566121419270834 0.04782146652497343 0.0664794921875 0.09351753453772582
0 0.7566121419270834 0.04782146652497343 0.0664794921875 0.09351753453772582
11 0.8185791015625 0.04782146652497343 0.057454427083333336 0.09351753453772582
0 0.8185791015625 0.04782146652497343 0.057454427083333336 0.09351753453772582
11 0.8806437174479167 0.04782146652497343 0.0666748046875 0.09351753453772582
0 0.8806437174479167 0.04782146652497343 0.0666748046875 0.09351753453772582
11 0.9469889322916667 0.04782146652497343 0.066015625 0.09351753453772582
0 0.9469889322916667 0.04782146652497343 0.066015625 0.09351753453772582
0 0.05969645182291667 0.11849096705632306 0.0673095703125 0.020191285866099893
0 0.1722900390625 0.2810175345377258 0.05743815104166667 0.018065887353878853
1 0.16506754557291667 0.27462473432518597 0.2780517578125 0.0010626992561105207
1 0.16506754557291667 0.31033308979808716 0.2780517578125 0.07035401168969181
1 0.16506754557291667 0.31033308979808716 0.2780517578125 0.07035401168969181
1 0.10902506510416667 0.30969380977683314 0.010953776041666667 0.026567481402763018
1 0.16506754557291667 0.31033308979808716 0.2780517578125 0.07035401168969181
1 0.49998779296875 0.27462473432518597 0.2780517578125 0.0010626992561105207
1 0.49998779296875 0.31033308979808716 0.2780517578125 0.07035401168969181
1 0.49998779296875 0.31033308979808716 0.2780517578125 0.07035401168969181
1 0.44060872395833334 0.30969380977683314 0.008756510416666667 0.026567481402763018
1 0.49998779296875 0.31033308979808716 0.2780517578125 0.07035401168969181
1 0.8349080403645833 0.27462473432518597 0.2780517578125 0.0010626992561105207
1 0.8349080403645833 0.31033308979808716 0.2780517578125 0.07035401168969181
1 0.8349080403645833 0.31033308979808716 0.2780517578125 0.07035401168969181
1 0.7795817057291666 0.30969380977683314 0.009407552083333333 0.026567481402763018
1 0.8349080403645833 0.31033308979808716 0.2780517578125 0.07035401168969181
0 0.12320149739583333 0.7566418703506907 0.19431966145833332 0.3740701381509033
0 0.12320149739583333 0.9606801275239107 0.020084635416666666 0.019128586609989374
0 0.3743896484375 0.7582359192348566 0.19431966145833332 0.37725823591923485
0 0.37438557942708334 0.9638682252922423 0.0298095703125 0.019128586609989374
0 0.6255777994791667 0.7577045696068013 0.19431966145833332 0.37619553666312433
0 0.6255777994791667 0.9628055260361318 0.04684244791666667 0.019128586609989374
0 0.8767659505208333 0.7587672688629118 0.19431966145833332 0.3783209351753454
0 0.8767618815104167 0.9649309245483528 0.026375325520833333 0.019128586609989374
