1 0.14791666666666667 0.3145589798087141 0.0125 0.03400637619553666
0 0.17864583333333334 0.3145589798087141 0.023958333333333335 0.04250797024442083
0 0.20828857421875 0.3145589798087141 0.0103271484375 0.04250797024442083
0 0.23674723307291667 0.3145589798087141 0.021590169270833334 0.04250797024442083
0 0.2732666015625 0.3145589798087141 0.026448567708333332 0.04250797024442083
0 0.3155110677083333 0.3145589798087141 0.033040364583333336 0.04250797024442083
0 0.35655110677083335 0.3145589798087141 0.024039713541666667 0.04250797024442083
0 0.40758056640625 0.3145589798087141 0.053019205729166664 0.04250797024442083
0 0.4558024088541667 0.3145589798087141 0.018424479166666667 0.04250797024442083
0 0.488330078125 0.3145589798087141 0.021630859375 0.04250797024442083
0 0.5238362630208333 0.3145589798087141 0.024381510416666665 0.04250797024442083
1 0.5654012044270833 0.3145589798087141 0.03374837239583333 0.04250797024442083
0 0.6776204427083333 0.3145589798087141 0.03619791666666667 0.021253985122210415
0 0.7256266276041666 0.3145589798087141 0.034814453125 0.021253985122210415
0 0.7730631510416667 0.3145589798087141 0.03505859375 0.021253985122210415
1 0.8093424479166667 0.3145589798087141 0.0125 0.03400637619553666
1 0.8411295572916667 0.3145589798087141 0.034407552083333334 0.031880977683315624
0 0.19132893880208332 0.3820403825717322 0.05484212239583333 0.024442082890541977
0 0.2876057942708333 0.3820403825717322 0.13771158854166668 0.024442082890541977
0 0.40428059895833335 0.3820403825717322 0.09563802083333334 0.024442082890541977
0 0.5226033528645834 0.3820403825717322 0.14100748697916668 0.024442082890541977
0 0.6214558919270833 0.3820403825717322 0.05669759114583333 0.024442082890541977
0 0.6985270182291666 0.3820403825717322 0.09744466145833333 0.024442082890541977
0 0.7916666666666666 0.3820403825717322 0.08883463541666667 0.024442082890541977
0 0.31666666666666665 0.4957492029755579 0.35 0.024442082890541977
0 0.31666666666666665 0.7396386822529224 0.35 0.42720510095642933
0 0.31666666666666665 0.9766206163655685 0.35 0.04675876726886291
0 0.5895833333333333 0.5263018065887354 0.17083333333333334 0.19606801275239108
0 0.5895833333333333 0.6742826780021254 0.17083333333333334 0.08289054197662062
0 0.5895833333333333 0.8392667375132837 0.17083333333333334 0.19606801275239108
0 0.5895833333333333 0.9729011689691818 0.17083333333333334 0.05419766206163656
1 0.7015625 0.6073326248671626 0.010416666666666666 0.021253985122210415
1 0.7984375 0.6073326248671626 0.010416666666666666 0.021253985122210415
1 0.8213541666666667 0.6073326248671626 0.010416666666666666 0.021253985122210415
1 0.8442708333333333 0.6073326248671626 0.010416666666666666 0.021253985122210415
9 0.7729166666666667 0.6232731137088204 0.17083333333333334 0.0021253985122210413
0 0.7729166666666667 0.6466524973432518 0.17083333333333334 0.02763018065887354
0 0.7729166666666667 0.7840063761955367 0.17083333333333334 0.19606801275239108
0 0.7729166666666667 0.9181721572794899 0.17083333333333334 0.05526036131774708
0 0.7729166666666667 0.9861849096705633 0.17083333333333334 0.02763018065887354
