0 0.2947916666666667 0.2961942082890542 0.171875 0.4648645058448459
1 0.3207600911458333 0.5562566418703507 0.11160481770833333 0.03825717321997875
0 0.3207600911458333 0.5562566418703507 0.09493815104166667 0.01700318809776833
0 0.5 0.2961942082890542 0.171875 0.4648645058448459
1 0.5271728515625 0.5562566418703507 0.10919596354166666 0.03825717321997875
0 0.5271728515625 0.5562566418703507 0.092529296875 0.01700318809776833
0 0.7052083333333333 0.2961942082890542 0.171875 0.4648645058448459
1 0.7285847981770833 0.5562566418703507 0.11678873697916667 0.03825717321997875
0 0.7285847981770833 0.5562566418703507 0.1001220703125 0.01700318809776833
0 0.08416341145833334 0.8198060573857598 0.023909505208333334 0.01700318809776833
0 0.1143798828125 0.8198060573857598 0.019856770833333332 0.01700318809776833
