0 0.21476236979166666 0.029747276833156217 0.04931640625 0.015292906482465462
0 0.2651774088541667 0.029747276833156217 0.03484700520833333 0.015292906482465462
0 0.30679524739583336 0.029747276833156217 0.031722005208333334 0.015292906482465462
0 0.3546671549479167 0.029747276833156217 0.04735514322916667 0.015292906482465462
0 0.40161539713541666 0.029747276833156217 0.029874674479166665 0.015292906482465462
0 0.4397664388020833 0.029747276833156217 0.0297607421875 0.015292906482465462
0 0.47641194661458336 0.029747276833156217 0.026863606770833333 0.015292906482465462
0 0.6286458333333333 0.029747276833156217 0.012858072916666666 0.015292906482465462
0 0.6692830403645833 0.029747276833156217 0.0350830078125 0.015292906482465462
0 0.6572916666666667 0.2667375132837407 0.0125 0.025504782146652496
1 0.5775797526041667 0.36785998937300746 0.13541666666666666 0.04250797024442083
1 0.5775797526041667 0.41886955366631246 0.13541666666666666 0.04250797024442083
1 0.5775838216145833 0.4647731801275239 0.13545735677083334 0.015292906482465462
1 0.5775797526041667 0.6045596439957492 0.13541666666666666 0.04250797024442083
0 0.5775838216145833 0.6492096174282678 0.12451985677083334 0.014910998937300744
1 0.7843424479166666 0.02975557917109458 0.051106770833333336 0.03400637619553666
0 0.23958333333333334 0.19766206163655686 0.09895833333333333 0.2252922422954304
0 0.3534016927083333 0.12114771519659936 0.060221354166666664 0.04250797024442083
0 0.41866861979166664 0.12114771519659936 0.0578125 0.030585812964930924
0 0.5315022786458333 0.10617029755579172 0.08697916666666666 0.020390541976620616
0 0.5066650390625 0.13782711211477153 0.04308268229166667 0.015292906482465462
0 0.5572102864583334 0.13782711211477153 0.041341145833333336 0.015292906482465462
0 0.6483561197916666 0.12114771519659936 0.05458984375 0.03506907545164718
1 0.6829427083333334 0.12380446333687567 0.014583333333333334 0.02975557917109458
1 0.7671712239583334 0.12114771519659936 0.08541666666666667 0.04675876726886291
2 0.7723795572916666 0.121139412858661 0.0625 0.015292906482465462
0 0.2102783203125 0.20318311636556854 0.04034830729166667 0.042923087141339
0 0.24790445963541666 0.20318311636556854 0.03490397135416667 0.042923087141339
0 0.28367919921875 0.20318311636556854 0.0366455078125 0.042923087141339
0 0.31806640625 0.20318311636556854 0.03212890625 0.042923087141339
0 0.35383707682291665 0.20318311636556854 0.039412434895833334 0.042923087141339
0 0.38682454427083335 0.20318311636556854 0.0265625 0.042923087141339
0 0.4175618489583333 0.20318311636556854 0.034912109375 0.042923087141339
0 0.4502156575520833 0.20318311636556854 0.0303955078125 0.042923087141339
0 0.48408203125 0.20318311636556854 0.037337239583333334 0.042923087141339
0 0.5192789713541667 0.20318311636556854 0.033056640625 0.042923087141339
0 0.54468994140625 0.20318311636556854 0.017765299479166666 0.042923087141339
0 0.5651204427083333 0.20318311636556854 0.023095703125 0.042923087141339
0 0.5975341796875 0.20318311636556854 0.041731770833333334 0.042923087141339
0 0.6320353190104167 0.20318311636556854 0.0272705078125 0.042923087141339
0 0.65438232421875 0.20318311636556854 0.017423502604166665 0.042923087141339
0 0.6755126953125 0.20318311636556854 0.024837239583333334 0.042923087141339
0 0.6992472330729167 0.20318311636556854 0.0226318359375 0.042923087141339
0 0.7279581705729167 0.20318311636556854 0.0347900390625 0.042923087141339
0 0.7776204427083333 0.20318311636556854 0.06453450520833333 0.042923087141339
0 0.380859375 0.6325053134962806 0.3815104166666667 0.15047157279489903
0 0.380859375 0.7374966790648246 0.3815104166666667 0.025504782146652496
0 0.24847819010416666 0.9011606668437833 0.116748046875 0.19767866631243358
0 0.3808512369791667 0.9011606668437833 0.116748046875 0.19767866631243358
0 0.513232421875 0.9011606668437833 0.116748046875 0.19767866631243358
0 0.6286458333333333 0.5870251062699257 0.06614583333333333 0.03400637619553666
1 0.5986979166666667 0.8478015409139213 0.0125 0.025504782146652496
1 0.6216145833333333 0.8478015409139213 0.0125 0.025504782146652496
1 0.7984375 0.8478015409139213 0.0125 0.025504782146652496
0 0.6986775716145833 0.9908508235919234 0.2228759765625 0.018298352816153027
0 0.4831013997395833 0.9521785334750266 0.07417805989583333 0.01700318809776833
1 0.7879231770833334 0.9521785334750266 0.06145833333333333 0.03825717321997875
