0 0.5 0.023163522848034006 1.0 0.04632704569606801
0 0.11067708333333333 0.08033342189160468 0.1796875 0.06801275239107332
0 0.5 0.08727417640807651 0.04895833333333333 0.020191285866099893
11 0.72044677734375 0.08032511955366631 0.0597412109375 0.02123738044633369
0 0.7175821940104167 0.08032511955366631 0.05401204427083333 0.02123738044633369
11 0.7769816080729167 0.08032511955366631 0.053328450520833334 0.02123738044633369
0 0.7769816080729167 0.08032511955366631 0.0418701171875 0.02123738044633369
11 0.8354207356770833 0.08032511955366631 0.0635498046875 0.02123738044633369
0 0.8354207356770833 0.08032511955366631 0.05209147135416667 0.02123738044633369
11 0.8811360677083333 0.08032511955366631 0.027880859375 0.02123738044633369
0 0.8811360677083333 0.08032511955366631 0.016422526041666666 0.02123738044633369
11 0.9126424153645833 0.08032511955366631 0.0351318359375 0.02123738044633369
0 0.9155069986979166 0.08032511955366631 0.029402669270833334 0.02123738044633369
1 0.9661458333333334 0.08033342189160468 0.026041666666666668 0.06801275239107332
1 0.9666666666666667 0.15578506907545164 0.017708333333333333 0.036131774707757705
1 0.9666666666666667 0.15578506907545164 0.017708333333333333 0.036131774707757705
13 0.9666666666666667 0.15578506907545164 0.017708333333333333 0.036131774707757705
2 0.9572916666666667 0.15578506907545164 0.036458333333333336 0.036131774707757705
1 0.9666666666666667 0.15578506907545164 0.017708333333333333 0.036131774707757705
13 0.9666666666666667 0.15616697662061638 0.00625 0.012752391073326248
0 0.22044270833333332 0.1515259697130712 0.14192708333333334 0.04717388416578108
0 0.39384765625 0.1515259697130712 0.03453776041666667 0.019576912858661
0 0.44446207682291666 0.1515259697130712 0.045857747395833336 0.019576912858661
0 0.51553955078125 0.1515259697130712 0.0754638671875 0.019576912858661
0 0.5894694010416667 0.1515259697130712 0.0515625 0.019576912858661
0 0.6514607747395833 0.1515259697130712 0.0515869140625 0.019576912858661
0 0.40625 0.5943643730074389 0.5135416666666667 0.8112712539851222
0 0.7152262369791667 0.24080100956429332 0.062744140625 0.019128586609989374
0 0.7641886393229167 0.3290050478214665 0.1606689453125 0.021253985122210415
0 0.7658487955729166 0.4486998538788523 0.1639892578125 0.08964864505844845
0 0.7610595703125 0.591192879914984 0.15441080729166667 0.06685042507970244
0 0.75955810546875 0.7108876859723698 0.15140787760416666 0.04405220510095643
0 0.7529581705729167 0.8191833820403825 0.1382080078125 0.04405220510095643
0 0.7622395833333333 0.9388781880977684 0.15677083333333333 0.06685042507970244
