1 0.18460693359375 0.025504782146652496 0.03588053385416667 0.04250797024442083
0 0.23839111328125 0.025504782146652496 0.04668782552083333 0.01700318809776833
13 0.2192138671875 0.025504782146652496 0.008333333333333333 0.01700318809776833
0 0.2900472005208333 0.025504782146652496 0.03162434895833333 0.01700318809776833
13 0.2784016927083333 0.025504782146652496 0.008333333333333333 0.01700318809776833
0 0.3377604166666667 0.025504782146652496 0.038802083333333334 0.01700318809776833
13 0.32252604166666665 0.025504782146652496 0.008333333333333333 0.01700318809776833
1 0.37799479166666666 0.025504782146652496 0.016666666666666666 0.03400637619553666
2 0.416015625 0.025504782146652496 0.09270833333333334 0.03400637619553666
1 0.17083333333333334 0.08501594048884166 0.025 0.06801275239107332
1 0.17083333333333334 0.07863974495217853 0.008333333333333333 0.0021253985122210413
1 0.17083333333333334 0.08501594048884166 0.008333333333333333 0.0021253985122210413
1 0.17083333333333334 0.09139213602550478 0.008333333333333333 0.0021253985122210413
0 0.20208333333333334 0.08926673751328375 0.0375 0.0765143464399575
0 0.25625406901041664 0.08501594048884166 0.03750813802083333 0.06801275239107332
0 0.29537353515625 0.08501594048884166 0.040730794270833336 0.06801275239107332
0 0.33393961588541665 0.08501594048884166 0.0364013671875 0.06801275239107332
0 0.37672119140625 0.08501594048884166 0.04916178385416667 0.06801275239107332
0 0.42582600911458335 0.08501594048884166 0.0490478515625 0.06801275239107332
0 0.47735595703125 0.08501594048884166 0.05401204427083333 0.06801275239107332
0 0.5198893229166667 0.08501594048884166 0.0310546875 0.06801275239107332
0 0.55374755859375 0.08501594048884166 0.036661783854166664 0.06801275239107332
0 0.5914265950520833 0.08501594048884166 0.0386962890625 0.06801275239107332
0 0.6318888346354167 0.08501594048884166 0.04222819010416667 0.06801275239107332
0 0.6714680989583334 0.08501594048884166 0.03693033854166667 0.06801275239107332
0 0.2578043619791667 0.153028692879915 0.040608723958333336 0.06801275239107332
1 0.7654296875 0.08501594048884166 0.040380859375 0.03400637619553666
1 0.81781005859375 0.08501594048884166 0.031046549479166668 0.03400637619553666
0 0.31982014973958334 0.1636556854410202 0.12046712239583333 0.021253985122210415
0 0.4395833333333333 0.1636556854410202 0.08468424479166667 0.021253985122210415
0 0.5319580078125 0.1636556854410202 0.06569010416666667 0.021253985122210415
0 0.6143025716145833 0.1636556854410202 0.0646240234375 0.021253985122210415
0 0.6823323567708334 0.1636556854410202 0.037060546875 0.021253985122210415
0 0.7604451497395833 0.1636556854410202 0.0847900390625 0.021253985122210415
0 0.3302083333333333 0.39598831030818277 0.32708333333333334 0.3753985122210414
0 0.193310546875 0.5728530154091392 0.05328776041666667 0.023794500531349627
0 0.3302083333333333 0.6227915781083954 0.32708333333333334 0.0612048352816153
0 0.22117919921875 0.7056738177470776 0.10902506510416667 0.05355007970244421
0 0.33020426432291666 0.7056738177470776 0.10902506510416667 0.05355007970244421
0 0.4392293294270833 0.7056738177470776 0.10902506510416667 0.05355007970244421
0 0.5848958333333333 0.2985520722635494 0.15729166666666666 0.1805260361317747
0 0.5168416341145833 0.37798053931987247 0.021183268229166666 0.023794500531349627
0 0.5848958333333333 0.41770722635494156 0.15729166666666666 0.04078108395324123
0 0.7546875 0.2985520722635494 0.15729166666666666 0.1805260361317747
0 0.6951497395833334 0.37798053931987247 0.03821614583333333 0.023794500531349627
0 0.7546875 0.41770722635494156 0.15729166666666666 0.04078108395324123
0 0.5848958333333333 0.5542972901168969 0.15729166666666666 0.1805260361317747
0 0.5328938802083333 0.63372575717322 0.05328776041666667 0.023794500531349627
0 0.5848958333333333 0.6734524442082891 0.15729166666666666 0.04078108395324123
0 0.7546875 0.5542972901168969 0.15729166666666666 0.1805260361317747
0 0.702685546875 0.63372575717322 0.05328776041666667 0.023794500531349627
0 0.7546875 0.6734524442082891 0.15729166666666666 0.04078108395324123
