0 0.43094075520833336 0.1678815754516472 0.08125 0.0486683049946865
0 0.5690592447916667 0.1678815754516472 0.08125 0.0486683049946865
0 0.4025065104166667 0.23695702709883104 0.08125 0.0486683049946865
0 0.5974934895833334 0.23695702709883104 0.08125 0.0486683049946865
0 0.39681803385416664 0.30603247874601486 0.08125 0.0486683049946865
0 0.6031819661458333 0.30603247874601486 0.08125 0.0486683049946865
0 0.4025065104166667 0.37510793039319873 0.08125 0.0486683049946865
0 0.5974934895833334 0.37510793039319873 0.08125 0.0486683049946865
0 0.43094075520833336 0.44418338204038255 0.08125 0.0486683049946865
0 0.5690592447916667 0.44418338204038255 0.08125 0.0486683049946865
5 0.38250325520833334 0.4985886025504782 0.0005208333333333333 0.0010626992561105207
2 0.48541666666666666 0.5224993358129649 0.20530598958333332 0.04675876726886291
5 0.5648274739583333 0.5224993358129649 0.008984375 0.025504782146652496
8 0.584814453125 0.5224993358129649 0.057291666666666664 0.025504782146652496
1 0.6026529947916667 0.5224993358129649 0.029166666666666667 0.04675876726886291
1 0.5 0.5984823326248672 0.986669921875 0.03825717321997875
1 0.49999593098958334 0.5984823326248672 0.15902506510416667 0.03825717321997875
1 0.5029825846354167 0.5979509829968119 0.1249267578125 0.018065887353878853
0 0.12154134114583333 0.6744653294367694 0.015755208333333333 0.018065887353878853
0 0.12763264973958333 0.6997542507970245 0.027937825520833334 0.018065887353878853
0 0.19668782552083333 0.6744653294367694 0.024251302083333332 0.018065887353878853
0 0.19781087239583334 0.6997542507970245 0.026497395833333333 0.018065887353878853
0 0.26313883463541665 0.6744653294367694 0.0153564453125 0.018065887353878853
0 0.26962483723958336 0.6997542507970245 0.028328450520833333 0.018065887353878853
0 0.3384765625 0.6744653294367694 0.024235026041666666 0.018065887353878853
0 0.33498942057291664 0.6997542507970245 0.0172607421875 0.018065887353878853
0 0.4165771484375 0.6744653294367694 0.03863932291666667 0.018065887353878853
0 0.4081949869791667 0.6997542507970245 0.021875 0.018065887353878853
0 0.4780517578125 0.6744653294367694 0.019791666666666666 0.018065887353878853
0 0.48543701171875 0.6997542507970245 0.034562174479166666 0.018065887353878853
0 0.5633219401041667 0.6871097901168969 0.04853515625 0.0433548087141339
0 0.6239664713541667 0.6744653294367694 0.02802734375 0.018065887353878853
0 0.6291056315104167 0.6997542507970245 0.0383056640625 0.018065887353878853
0 0.6978597005208333 0.6744653294367694 0.034016927083333336 0.018065887353878853
0 0.6944539388020833 0.6997542507970245 0.027205403645833334 0.018065887353878853
0 0.7590413411458333 0.6744653294367694 0.014583333333333334 0.018065887353878853
0 0.7663167317708334 0.6997542507970245 0.029134114583333332 0.018065887353878853
0 0.12930908203125 0.7686138416578109 0.031290690104166664 0.018065887353878853
0 0.12963053385416667 0.7939027630180658 0.03193359375 0.018065887353878853
0 0.13740641276041668 0.8191916843783209 0.0474853515625 0.018065887353878853
0 0.13218994140625 0.844480605738576 0.03705240885416667 0.018065887353878853
0 0.14341634114583332 0.8824139877789585 0.05950520833333333 0.0433548087141339
0 0.19283854166666667 0.7686138416578109 0.016552734375 0.018065887353878853
0 0.20482991536458334 0.7939027630180658 0.04053548177083333 0.018065887353878853
0 0.19521891276041667 0.8191916843783209 0.0213134765625 0.018065887353878853
0 0.19723714192708333 0.844480605738576 0.025349934895833332 0.018065887353878853
0 0.199755859375 0.869769527098831 0.030387369791666667 0.018065887353878853
0 0.1950439453125 0.8950584484590861 0.020963541666666665 0.018065887353878853
0 0.26363525390625 0.7686138416578109 0.016349283854166667 0.018065887353878853
0 0.2706095377604167 0.7939027630180658 0.0302978515625 0.018065887353878853
0 0.27247721354166665 0.8191916843783209 0.034033203125 0.018065887353878853
0 0.26873372395833334 0.844480605738576 0.026546223958333334 0.018065887353878853
0 0.2673421223958333 0.869769527098831 0.023763020833333332 0.018065887353878853
0 0.26492513020833336 0.8950584484590861 0.018929036458333333 0.018065887353878853
0 0.3410237630208333 0.7686138416578109 0.029329427083333335 0.018065887353878853
0 0.33309326171875 0.7939027630180658 0.013468424479166666 0.018065887353878853
0 0.34015299479166666 0.8191916843783209 0.027587890625 0.018065887353878853
0 0.35576985677083334 0.844480605738576 0.058821614583333334 0.018065887353878853
0 0.33536376953125 0.869769527098831 0.018009440104166666 0.018065887353878853
0 0.34352213541666665 0.8950584484590861 0.034326171875 0.018065887353878853
0 0.4064127604166667 0.7686138416578109 0.018310546875 0.018065887353878853
0 0.407470703125 0.7939027630180658 0.020426432291666668 0.018065887353878853
0 0.41134847005208336 0.8191916843783209 0.028181966145833334 0.018065887353878853
0 0.41045735677083334 0.844480605738576 0.026399739583333335 0.018065887353878853
0 0.40975341796875 0.869769527098831 0.024991861979166665 0.018065887353878853
0 0.4189982096354167 0.8950584484590861 0.0434814453125 0.018065887353878853
0 0.49339599609375 0.7686138416578109 0.05048014322916667 0.018065887353878853
0 0.49061686197916665 0.8065472236981934 0.044921875 0.0433548087141339
0 0.4891845703125 0.844480605738576 0.04205729166666667 0.018065887353878853
0 0.5048990885416667 0.869769527098831 0.024495442708333332 0.018065887353878853
0 0.48144124348958334 0.8950584484590861 0.026570638020833332 0.018065887353878853
0 0.5542154947916667 0.7686138416578109 0.030322265625 0.018065887353878853
0 0.55889892578125 0.8065472236981934 0.039689127604166666 0.0433548087141339
0 0.5648681640625 0.8571250664187035 0.05162760416666667 0.0433548087141339
0 0.5526285807291667 0.8950584484590861 0.0271484375 0.018065887353878853
0 0.6195760091145833 0.7686138416578109 0.019246419270833332 0.018065887353878853
0 0.6344563802083333 0.7939027630180658 0.04900716145833333 0.018065887353878853
0 0.6280843098958333 0.8191916843783209 0.03626302083333333 0.018065887353878853
0 0.6299560546875 0.844480605738576 0.04000651041666667 0.018065887353878853
0 0.63662109375 0.869769527098831 0.05333658854166667 0.018065887353878853
0 0.7097412109375 0.7812583023379384 0.057779947916666664 0.0433548087141339
0 0.6913330078125 0.8191916843783209 0.020963541666666665 0.018065887353878853
0 0.6887858072916667 0.844480605738576 0.015869140625 0.018065887353878853
0 0.7103474934895834 0.869769527098831 0.05899251302083333 0.018065887353878853
0 0.69136962890625 0.8950584484590861 0.021036783854166668 0.018065887353878853
0 0.76651611328125 0.7686138416578109 0.029532877604166667 0.018065887353878853
0 0.7643310546875 0.7939027630180658 0.025162760416666666 0.018065887353878853
0 0.7607340494791667 0.8191916843783209 0.01796875 0.018065887353878853
0 0.7630900065104167 0.844480605738576 0.0226806640625 0.018065887353878853
0 0.75709228515625 0.869769527098831 0.010685221354166666 0.018065887353878853
0 0.7590413411458333 0.8950584484590861 0.014583333333333334 0.018065887353878853
0 0.13339029947916667 0.9639180393198725 0.039453125 0.018065887353878853
0 0.13512776692708334 0.9892069606801275 0.042928059895833336 0.018065887353878853
0 0.20923665364583333 0.9765625 0.04934895833333333 0.0433548087141339
0 0.275341796875 0.9639180393198725 0.03976236979166667 0.018065887353878853
0 0.272265625 0.990087008501594 0.033610026041666664 0.019825982996811903
0 0.35546875 0.9765625 0.05821940104166667 0.0433548087141339
0 0.4108072916666667 0.9639180393198725 0.027099609375 0.018065887353878853
0 0.4057698567708333 0.9892069606801275 0.017024739583333334 0.018065887353878853
0 0.49517415364583334 0.9639180393198725 0.054036458333333336 0.018065887353878853
0 0.478662109375 0.9892069606801275 0.021012369791666666 0.018065887353878853
0 0.567626953125 0.9765625 0.057145182291666666 0.0433548087141339
0 0.62178955078125 0.9639180393198725 0.023673502604166667 0.018065887353878853
0 0.61795654296875 0.9892069606801275 0.016007486979166666 0.018065887353878853
0 0.6991251627604167 0.9639180393198725 0.0365478515625 0.018065887353878853
0 0.6903727213541667 0.9892069606801275 0.01904296875 0.018065887353878853
0 0.7703125 0.9639180393198725 0.037125651041666666 0.018065887353878853
0 0.77205810546875 0.9892069606801275 0.04061686197916667 0.018065887353878853
0 0.8336954752604167 0.9639180393198725 0.0220947265625 0.018065887353878853
0 0.84156494140625 0.9892069606801275 0.03783365885416667 0.018065887353878853
0 0.18583577473958332 0.772432917109458 0.13280436197916667 0.01700318809776833
0 0.18460286458333333 0.835663522848034 0.13033854166666667 0.01700318809776833
0 0.15172526041666667 0.9758568012752391 0.06458333333333334 0.01700318809776833
0 0.21453450520833334 0.9758568012752391 0.057291666666666664 0.01700318809776833
0 0.4539998372395833 0.7410832890541976 0.20401204427083333 0.08076514346439957
0 0.66563720703125 0.7410832890541976 0.20401204427083333 0.08076514346439957
0 0.8772745768229167 0.7410832890541976 0.20401204427083333 0.08076514346439957
0 0.4539998372395833 0.8367262221041445 0.20401204427083333 0.08076514346439957
0 0.66563720703125 0.8367262221041445 0.20401204427083333 0.08076514346439957
0 0.8772745768229167 0.8367262221041445 0.20401204427083333 0.08076514346439957
0 0.4539998372395833 0.9323691551540914 0.20401204427083333 0.08076514346439957
0 0.66563720703125 0.9323691551540914 0.20401204427083333 0.08076514346439957
0 0.8772745768229167 0.9323691551540914 0.20401204427083333 0.08076514346439957
0 0.4539998372395833 0.9938147582359192 0.20401204427083333 0.01237048352816153
0 0.66563720703125 0.9938147582359192 0.20401204427083333 0.01237048352816153
0 0.8772745768229167 0.9938147582359192 0.20401204427083333 0.01237048352816153
