0 0.0506591796875 0.0021253985122210413 0.101318359375 0.004250797024442083
0 0.234375 0.022848034006376194 0.010416666666666666 0.020191285866099893
0 0.2548583984375 0.022848034006376194 0.010628255208333333 0.020191285866099893
0 0.27687174479166665 0.022848034006376194 0.0134765625 0.020191285866099893
0 0.30096028645833334 0.022848034006376194 0.014778645833333333 0.020191285866099893
0 0.32340087890625 0.022848034006376194 0.0101806640625 0.020191285866099893
1 0.7352213541666667 0.02763018065887354 0.07122395833333334 0.03400637619553666
8 0.25854085286458334 0.0765143464399575 0.08130696614583334 0.04250797024442083
1 0.25854085286458334 0.0765143464399575 0.08130696614583334 0.04250797024442083
8 0.34671223958333336 0.0765143464399575 0.06551106770833333 0.04250797024442083
1 0.34671223958333336 0.0765143464399575 0.06551106770833333 0.04250797024442083
8 0.43359781901041666 0.0765143464399575 0.0787353515625 0.04250797024442083
1 0.43359781901041666 0.0765143464399575 0.0787353515625 0.04250797024442083
8 0.5150594075520833 0.0765143464399575 0.0546630859375 0.04250797024442083
1 0.5150594075520833 0.0765143464399575 0.0546630859375 0.04250797024442083
8 0.61075439453125 0.0765143464399575 0.1072021484375 0.04250797024442083
1 0.61075439453125 0.0765143464399575 0.1072021484375 0.04250797024442083
8 0.70760498046875 0.0765143464399575 0.05697428385416667 0.04250797024442083
1 0.70760498046875 0.0765143464399575 0.05697428385416667 0.04250797024442083
8 0.7664794921875 0.0765143464399575 0.03125 0.04250797024442083
1 0.7664794921875 0.0765143464399575 0.03125 0.04250797024442083
0 0.28958333333333336 0.24176408076514347 0.059895833333333336 0.12221041445270989
0 0.6285319010416667 0.40170031880977686 0.008675130208333333 0.031880977683315624
1 0.4773681640625 0.5063761955366631 0.06638997395833333 0.03400637619553666
1 0.5462117513020833 0.5063761955366631 0.0504638671875 0.03400637619553666
0 0.5078125 0.7359192348565357 0.59375 0.4038257173219979
0 0.5958089192708333 0.9606801275239107 0.11271158854166667 0.020191285866099893
