0 0.1781494140625 0.021253985122210415 0.030257161458333334 0.04250797024442083
0 0.2222412109375 0.021253985122210415 0.045426432291666666 0.04250797024442083
0 0.27110188802083335 0.021253985122210415 0.039794921875 0.04250797024442083
0 0.3264892578125 0.021253985122210415 0.05847981770833333 0.04250797024442083
0 0.36923828125 0.021253985122210415 0.014518229166666667 0.04250797024442083
5 0.4160359700520833 0.021253985122210415 0.0665771484375 0.04250797024442083
0 0.4160359700520833 0.06396951381509033 0.058243815104166666 0.015292906482465462
0 0.4160359700520833 0.09201481137088204 0.058243815104166666 0.015292906482465462
0 0.4160359700520833 0.12006010892667375 0.058243815104166666 0.015292906482465462
0 0.4160359700520833 0.14810540648246545 0.058243815104166666 0.015292906482465462
0 0.4160359700520833 0.17615070403825717 0.058243815104166666 0.015292906482465462
0 0.4160359700520833 0.20419600159404888 0.058243815104166666 0.015292906482465462
0 0.4160359700520833 0.2322412991498406 0.058243815104166666 0.015292906482465462
0 0.21510416666666668 0.09032943676939426 0.10416666666666667 0.04553002125398512
5 0.40603434244791664 0.09032943676939426 0.1724853515625 0.05100956429330499
2 0.40603434244791664 0.09032943676939426 0.1724853515625 0.05100956429330499
1 0.51280517578125 0.09032943676939426 0.04522298177083333 0.05100956429330499
1 0.6403767903645833 0.09032943676939426 0.08382975260416667 0.05100956429330499
1 0.6697916666666667 0.08664186905345045 0.010302098592122395 0.009500533944108661
1 0.6697916666666667 0.09032943676939426 0.0109375 0.018065887353878853
5 0.189892578125 0.1594048884165781 0.028743489583333334 0.04250797024442083
0 0.189892578125 0.1594048884165781 0.028743489583333334 0.019327842720510097
0 0.21848958333333332 0.20658707492029754 0.0734375 0.017850026567481404
0 0.21848958333333332 0.23718949256110522 0.0734375 0.017850026567481404
0 0.21848958333333332 0.26779191020191284 0.0734375 0.017850026567481404
0 0.21848958333333332 0.2983943278427205 0.0734375 0.017850026567481404
0 0.21848958333333332 0.32899674548352814 0.0734375 0.017850026567481404
0 0.21848958333333332 0.3595991631243358 0.0734375 0.017850026567481404
0 0.22119140625 0.1594048884165781 0.0171875 0.04250797024442083
5 0.2522664388020833 0.1594048884165781 0.0282958984375 0.04250797024442083
0 0.2522664388020833 0.1594048884165781 0.0282958984375 0.019327842720510097
5 0.28521728515625 0.1594048884165781 0.020939127604166666 0.04250797024442083
0 0.28521728515625 0.1594048884165781 0.020939127604166666 0.019327842720510097
0 0.31771647135416664 0.20658707492029754 0.0734375 0.017850026567481404
0 0.31771647135416664 0.23718949256110522 0.0734375 0.017850026567481404
0 0.31771647135416664 0.26779191020191284 0.0734375 0.017850026567481404
0 0.31771647135416664 0.2983943278427205 0.0734375 0.017850026567481404
5 0.3165812174479167 0.1594048884165781 0.0251220703125 0.04250797024442083
0 0.3165812174479167 0.1594048884165781 0.0251220703125 0.019327842720510097
5 0.346484375 0.1594048884165781 0.018017578125 0.04250797024442083
0 0.346484375 0.1594048884165781 0.018017578125 0.019327842720510097
0 0.3804443359375 0.20658707492029754 0.0734375 0.017850026567481404
0 0.3804443359375 0.23718949256110522 0.0734375 0.017850026567481404
0 0.3804443359375 0.26779191020191284 0.0734375 0.017850026567481404
0 0.3804443359375 0.2983943278427205 0.0734375 0.017850026567481404
0 0.3804443359375 0.32899674548352814 0.0734375 0.017850026567481404
0 0.3804443359375 0.3595991631243358 0.0734375 0.017850026567481404
0 0.3804443359375 0.39020158076514344 0.0734375 0.017850026567481404
0 0.3804443359375 0.4208039984059511 0.0734375 0.017850026567481404
0 0.3804443359375 0.45140641604675874 0.0734375 0.017850026567481404
0 0.3804443359375 0.4820088336875664 0.0734375 0.017850026567481404
0 0.3804443359375 0.512611251328374 0.0734375 0.017850026567481404
5 0.39999186197916664 0.1594048884165781 0.07233072916666666 0.04250797024442083
0 0.39999186197916664 0.1594048884165781 0.07233072916666666 0.019327842720510097
0 0.40679524739583334 0.20658707492029754 0.0734375 0.017850026567481404
0 0.40679524739583334 0.23718949256110522 0.0734375 0.017850026567481404
0 0.40679524739583334 0.26779191020191284 0.0734375 0.017850026567481404
0 0.40679524739583334 0.2983943278427205 0.0734375 0.017850026567481404
0 0.40679524739583334 0.32899674548352814 0.0734375 0.017850026567481404
0 0.40679524739583334 0.3595991631243358 0.0734375 0.017850026567481404
0 0.40679524739583334 0.39020158076514344 0.0734375 0.017850026567481404
0 0.40679524739583334 0.43865402497343253 0.0734375 0.05355007970244421
0 0.40679524739583334 0.5446997874601488 0.0734375 0.03570005313496281
0 0.40679524739583334 0.5931522316684378 0.0734375 0.03570005313496281
5 0.46582438151041666 0.1594048884165781 0.04266764322916667 0.04250797024442083
0 0.46582438151041666 0.1594048884165781 0.04266764322916667 0.019327842720510097
0 0.48745930989583336 0.20658707492029754 0.0734375 0.017850026567481404
0 0.48745930989583336 0.23718949256110522 0.0734375 0.017850026567481404
0 0.48745930989583336 0.26779191020191284 0.0734375 0.017850026567481404
0 0.48745930989583336 0.2983943278427205 0.0734375 0.017850026567481404
0 0.48745930989583336 0.32899674548352814 0.0734375 0.017850026567481404
5 0.5122273763020834 0.1594048884165781 0.0334716796875 0.04250797024442083
0 0.5122273763020834 0.1594048884165781 0.0334716796875 0.019327842720510097
0 0.5384602864583333 0.20658707492029754 0.0734375 0.017850026567481404
0 0.5384602864583333 0.2461145058448459 0.0734375 0.03570005313496281
0 0.5384602864583333 0.28564193676939426 0.0734375 0.017850026567481404
0 0.5384602864583333 0.31624435441020193 0.0734375 0.017850026567481404
0 0.5384602864583333 0.34684677205100956 0.0734375 0.017850026567481404
0 0.5384602864583333 0.37744918969181723 0.0734375 0.017850026567481404
0 0.5384602864583333 0.40805160733262485 0.0734375 0.017850026567481404
0 0.5384602864583333 0.43865402497343253 0.0734375 0.017850026567481404
0 0.5384602864583333 0.46925644261424015 0.0734375 0.017850026567481404
5 0.5559733072916667 0.1594048884165781 0.037353515625 0.04250797024442083
0 0.5559733072916667 0.1594048884165781 0.037353515625 0.019327842720510097
0 0.5802652994791667 0.20658707492029754 0.0734375 0.017850026567481404
0 0.5802652994791667 0.2461145058448459 0.0734375 0.03570005313496281
0 0.5802652994791667 0.28564193676939426 0.0734375 0.017850026567481404
0 0.5802652994791667 0.31624435441020193 0.0734375 0.017850026567481404
0 0.5802652994791667 0.34684677205100956 0.0734375 0.017850026567481404
0 0.5802652994791667 0.37744918969181723 0.0734375 0.017850026567481404
0 0.5802652994791667 0.40805160733262485 0.0734375 0.017850026567481404
0 0.5802652994791667 0.43865402497343253 0.0734375 0.017850026567481404
0 0.5802652994791667 0.46925644261424015 0.0734375 0.017850026567481404
0 0.5802652994791667 0.5574521785334751 0.0734375 0.03570005313496281
5 0.5929972330729166 0.1594048884165781 0.020027669270833333 0.04250797024442083
0 0.5929972330729166 0.1594048884165781 0.020027669270833333 0.019327842720510097
0 0.6259521484375 0.20658707492029754 0.0734375 0.017850026567481404
0 0.6259521484375 0.23718949256110522 0.0734375 0.017850026567481404
0 0.6259521484375 0.26779191020191284 0.0734375 0.017850026567481404
0 0.6259521484375 0.2983943278427205 0.0734375 0.017850026567481404
0 0.6259521484375 0.32899674548352814 0.0734375 0.017850026567481404
0 0.6259521484375 0.3595991631243358 0.0734375 0.017850026567481404
0 0.6259521484375 0.39020158076514344 0.0734375 0.017850026567481404
0 0.6259521484375 0.4208039984059511 0.0734375 0.017850026567481404
0 0.6259521484375 0.45140641604675874 0.0734375 0.017850026567481404
5 0.6215128580729167 0.1594048884165781 0.0203369140625 0.04250797024442083
0 0.6215128580729167 0.1594048884165781 0.0203369140625 0.019327842720510097
0 0.6543131510416667 0.20658707492029754 0.0734375 0.017850026567481404
0 0.6543131510416667 0.23718949256110522 0.0734375 0.017850026567481404
0 0.6543131510416667 0.26779191020191284 0.0734375 0.017850026567481404
0 0.6543131510416667 0.2983943278427205 0.0734375 0.017850026567481404
0 0.6543131510416667 0.3379217587672689 0.0734375 0.03570005313496281
0 0.6543131510416667 0.37744918969181723 0.0734375 0.017850026567481404
0 0.6543131510416667 0.40805160733262485 0.0734375 0.017850026567481404
0 0.6543131510416667 0.43865402497343253 0.0734375 0.017850026567481404
0 0.6543131510416667 0.46925644261424015 0.0734375 0.017850026567481404
0 0.6543131510416667 0.49985886025504783 0.0734375 0.017850026567481404
0 0.6543131510416667 0.5304612778958555 0.0734375 0.017850026567481404
5 0.6493733723958334 0.1594048884165781 0.018717447916666668 0.04250797024442083
0 0.6493733723958334 0.1594048884165781 0.018717447916666668 0.019327842720510097
0 0.6829833984375 0.20658707492029754 0.0734375 0.017850026567481404
0 0.6829833984375 0.23718949256110522 0.0734375 0.017850026567481404
0 0.6829833984375 0.26779191020191284 0.0734375 0.017850026567481404
0 0.6829833984375 0.2983943278427205 0.0734375 0.017850026567481404
0 0.6829833984375 0.32899674548352814 0.0734375 0.017850026567481404
0 0.6829833984375 0.3595991631243358 0.0734375 0.017850026567481404
5 0.6816935221354167 0.1594048884165781 0.029256184895833332 0.04250797024442083
0 0.6816935221354167 0.1594048884165781 0.029256184895833332 0.019327842720510097
0 0.7100341796875 0.20658707492029754 0.0734375 0.017850026567481404
0 0.7100341796875 0.23718949256110522 0.0734375 0.017850026567481404
0 0.7100341796875 0.26779191020191284 0.0734375 0.017850026567481404
0 0.7100341796875 0.2983943278427205 0.0734375 0.017850026567481404
0 0.7100341796875 0.32899674548352814 0.0734375 0.017850026567481404
0 0.7100341796875 0.3595991631243358 0.0734375 0.017850026567481404
0 0.7100341796875 0.39020158076514344 0.0734375 0.017850026567481404
0 0.7100341796875 0.4208039984059511 0.0734375 0.017850026567481404
5 0.7151936848958333 0.1594048884165781 0.021077473958333332 0.04250797024442083
0 0.7151936848958333 0.1594048884165781 0.021077473958333332 0.019327842720510097
5 0.7580485026041667 0.1594048884165781 0.04796549479166667 0.04250797024442083
0 0.7580485026041667 0.1594048884165781 0.04796549479166667 0.019327842720510097
5 0.80123291015625 0.1594048884165781 0.021736653645833333 0.04250797024442083
0 0.80123291015625 0.1594048884165781 0.021736653645833333 0.019327842720510097
5 0.8427001953125 0.1594048884165781 0.04453125 0.04250797024442083
0 0.8427001953125 0.1594048884165781 0.04453125 0.019327842720510097
5 0.8827392578125 0.1594048884165781 0.018880208333333332 0.04250797024442083
0 0.8827392578125 0.1594048884165781 0.018880208333333332 0.019327842720510097
5 0.9157958984375 0.1594048884165781 0.03056640625 0.04250797024442083
0 0.9157958984375 0.1594048884165781 0.03056640625 0.019327842720510097
1 0.671875 0.1594048884165781 0.020833333333333332 0.04250797024442083
0 0.17604166666666668 0.4980240435706695 0.025 0.05100956429330499
0 0.4875 0.4980240435706695 0.025 0.05100956429330499
0 0.33177083333333335 0.5095642933049946 0.33645833333333336 0.38575982996811903
0 0.33177083333333335 0.7487712539851222 0.33645833333333336 0.143663655685441
0 0.6765625 0.5095642933049946 0.33645833333333336 0.38575982996811903
0 0.6765625 0.7742760361317748 0.33645833333333336 0.194673219978746
0 0.9265625 0.5097635494155154 0.146875 0.38615834218916045
0 0.9265625 0.7746745483528161 0.146875 0.194673219978746
0 0.53992919921875 0.36216458554729014 0.053816731770833334 0.03995085015940489
0 0.5911458333333334 0.3910650239107333 0.15625 0.017850026567481404
0 0.5911458333333334 0.425918238575983 0.15625 0.017850026567481404
0 0.5911458333333334 0.46077145324123275 0.15625 0.017850026567481404
0 0.5911458333333334 0.49562466790648246 0.15625 0.017850026567481404
0 0.5911458333333334 0.5304778825717322 0.15625 0.017850026567481404
0 0.5911458333333334 0.5653310972369819 0.15625 0.017850026567481404
0 0.5911458333333334 0.6001843119022316 0.15625 0.017850026567481404
0 0.5911458333333334 0.6350375265674814 0.15625 0.017850026567481404
0 0.5911458333333334 0.6698907412327312 0.15625 0.017850026567481404
0 0.5911458333333334 0.7047439558979809 0.15625 0.017850026567481404
0 0.5911458333333334 0.7395971705632306 0.15625 0.017850026567481404
0 0.5911458333333334 0.7744503852284803 0.15625 0.017850026567481404
0 0.5911458333333334 0.8274774176408076 0.15625 0.018065887353878853
0 0.44543863932291666 0.9483013416578109 0.059122721354166664 0.017850026567481404
0 0.23211669921875 0.9889246811902231 0.07777506510416667 0.022150637619553666
0 0.3317667643229167 0.9889246811902231 0.07777506510416667 0.022150637619553666
0 0.4314168294270833 0.9889246811902231 0.07777506510416667 0.022150637619553666
0 0.53106689453125 0.9889246811902231 0.07777506510416667 0.022150637619553666
0 0.6307169596354166 0.9889246811902231 0.07777506510416667 0.022150637619553666
0 0.7303670247395834 0.9889246811902231 0.07777506510416667 0.022150637619553666
0 0.83001708984375 0.9889246811902231 0.07777506510416667 0.022150637619553666
