1 0.11666666666666667 0.03506907545164718 0.016666666666666666 0.03400637619553666
6 0.11666666666666667 0.03506907545164718 0.016666666666666666 0.03400637619553666
1 0.11666666666666667 0.03506907545164718 0.016666666666666666 0.03400637619553666
8 0.11666666666666667 0.03506907545164718 0.0005208333333333333 0.0010626992561105207
8 0.16822916666666668 0.06907545164718384 0.12083333333333333 0.03400637619553666
1 0.15244547526041666 0.10683448459086078 0.07259928385416667 0.023379383634431455
0 0.16822916666666668 0.14721705632306056 0.10416666666666667 0.02975557917109458
0 0.16822916666666668 0.17845045164718384 0.10416666666666667 0.02975557917109458
0 0.16822916666666668 0.20968384697130713 0.10416666666666667 0.02975557917109458
0 0.16822916666666668 0.2409172422954304 0.10416666666666667 0.02975557917109458
0 0.16822916666666668 0.27215063761955366 0.10416666666666667 0.02975557917109458
0 0.16822916666666668 0.30338403294367694 0.10416666666666667 0.02975557917109458
0 0.16822916666666668 0.3346174282678002 0.10416666666666667 0.02975557917109458
0 0.19010416666666666 0.03506907545164718 0.115625 0.053134962805526036
1 0.3770833333333333 0.03506907545164718 0.24791666666666667 0.03400637619553666
2 0.35873209635416664 0.03506907545164718 0.21121419270833333 0.03400637619553666
1 0.4824300130208333 0.03506907545164718 0.03722330729166667 0.03400637619553666
0 0.7580647786458333 0.03506907545164718 0.03850911458333333 0.01700318809776833
0 0.8096598307291667 0.03506907545164718 0.05634765625 0.01700318809776833
0 0.8553751627604167 0.03506907545164718 0.026749674479166666 0.01700318809776833
1 0.88125 0.03506907545164718 0.020833333333333332 0.03400637619553666
6 0.88125 0.03506907545164718 0.020833333333333332 0.03400637619553666
1 0.88125 0.03506907545164718 0.016666666666666666 0.03400637619553666
8 0.88125 0.03506907545164718 0.0005208333333333333 0.0010626992561105207
8 0.83125 0.06907545164718384 0.12083333333333333 0.03400637619553666
0 0.8128133138020833 0.1030818278427205 0.06729329427083333 0.03400637619553666
0 0.83125 0.13496280552603612 0.10416666666666667 0.02975557917109458
0 0.83125 0.1647183846971307 0.10416666666666667 0.02975557917109458
0 0.12423095703125 0.11535268331562168 0.025545247395833335 0.039319872476089264
0 0.16114501953125 0.11535268331562168 0.0316162109375 0.039319872476089264
0 0.56396484375 0.11535268331562168 0.014599609375 0.039319872476089264
0 0.6079793294270833 0.11535268331562168 0.0567626953125 0.039319872476089264
0 0.6637451171875 0.11535268331562168 0.038102213541666666 0.039319872476089264
8 0.7190022786458333 0.1137586344314559 0.055745442708333336 0.036131774707757705
6 0.7190022786458333 0.1137586344314559 0.055745442708333336 0.036131774707757705
1 0.7190022786458333 0.11428998405951116 0.055745442708333336 0.03719447396386823
8 0.7130126953125 0.11694673219978746 0.04376627604166667 0.01700318809776833
8 0.6864583333333333 0.1488277098831031 0.12083333333333333 0.03400637619553666
1 0.6706746419270834 0.18658674282678003 0.07259928385416667 0.023379383634431455
0 0.6864583333333333 0.26416378852284805 0.10416666666666667 0.02975557917109458
0 0.6864583333333333 0.29539718384697133 0.10416666666666667 0.02975557917109458
0 0.6864583333333333 0.32663057917109456 0.10416666666666667 0.02975557917109458
0 0.6864583333333333 0.35786397449521784 0.10416666666666667 0.02975557917109458
0 0.6864583333333333 0.3890973698193411 0.10416666666666667 0.02975557917109458
0 0.6864583333333333 0.4203307651434644 0.10416666666666667 0.02975557917109458
0 0.6864583333333333 0.4515641604675877 0.10416666666666667 0.02975557917109458
0 0.6864583333333333 0.48279755579171096 0.10416666666666667 0.02975557917109458
1 0.6864583333333333 0.5140309511158342 0.10416666666666667 0.02975557917109458
0 0.6864583333333333 0.5873571997874601 0.10416666666666667 0.02975557917109458
0 0.6864583333333333 0.6185905951115834 0.10416666666666667 0.02975557917109458
0 0.6864583333333333 0.6498239904357067 0.10416666666666667 0.02975557917109458
0 0.6864583333333333 0.7231502391073327 0.10416666666666667 0.02975557917109458
0 0.6864583333333333 0.754383634431456 0.10416666666666667 0.02975557917109458
0 0.6864583333333333 0.7856170297555791 0.10416666666666667 0.02975557917109458
0 0.6864583333333333 0.8168504250797024 0.10416666666666667 0.02975557917109458
0 0.6864583333333333 0.8480838204038257 0.10416666666666667 0.02975557917109458
0 0.6864583333333333 0.879317215727949 0.10416666666666667 0.02975557917109458
0 0.6864583333333333 0.9105506110520722 0.10416666666666667 0.02975557917109458
0 0.6864583333333333 0.9417840063761955 0.10416666666666667 0.02975557917109458
0 0.6864583333333333 0.9730174017003188 0.10416666666666667 0.02975557917109458
0 0.6864583333333333 0.9946865037194474 0.10416666666666667 0.010626992561105207
1 0.8247395833333333 0.1571134431455898 0.027099609375 0.023379383634431455
7 0.7729166666666667 0.23738044633368757 0.010416666666666666 0.021253985122210415
5 0.8239583333333333 0.23738044633368757 0.1125 0.021253985122210415
7 0.7729166666666667 0.27138682252922425 0.010416666666666666 0.021253985122210415
5 0.8239583333333333 0.27138682252922425 0.1125 0.021253985122210415
7 0.7729166666666667 0.3053931987247609 0.010416666666666666 0.021253985122210415
5 0.8239583333333333 0.3053931987247609 0.1125 0.021253985122210415
7 0.7729166666666667 0.3829702444208289 0.010416666666666666 0.021253985122210415
5 0.8239583333333333 0.3829702444208289 0.1125 0.021253985122210415
7 0.7729166666666667 0.4169766206163656 0.010416666666666666 0.021253985122210415
5 0.8239583333333333 0.4169766206163656 0.1125 0.021253985122210415
7 0.7729166666666667 0.4945536663124336 0.010416666666666666 0.021253985122210415
5 0.8239583333333333 0.4945536663124336 0.1125 0.021253985122210415
7 0.7729166666666667 0.5285600425079703 0.010416666666666666 0.021253985122210415
5 0.8239583333333333 0.5285600425079703 0.1125 0.021253985122210415
7 0.7729166666666667 0.5625664187035069 0.010416666666666666 0.021253985122210415
5 0.8239583333333333 0.5625664187035069 0.1125 0.021253985122210415
0 0.16520589192708332 0.20727616896918172 0.08145345052083333 0.03400637619553666
0 0.17080485026041667 0.26464532412327313 0.06426595052083334 0.01700318809776833
0 0.64205322265625 0.2141671094580234 0.0324462890625 0.01700318809776833
0 0.7077351888020833 0.2141671094580234 0.035685221354166664 0.01700318809776833
0 0.71917724609375 0.25034869819341127 0.029353841145833334 0.01700318809776833
1 0.71917724609375 0.2517767003188098 0.029353841145833334 0.03400637619553666
0 0.6653157552083333 0.25034869819341127 0.078369140625 0.01700318809776833
1 0.6653157552083333 0.2517767003188098 0.078369140625 0.03400637619553666
0 0.5920003255208334 0.25034869819341127 0.06826171875 0.01700318809776833
1 0.5920003255208334 0.2517767003188098 0.06826171875 0.03400637619553666
0 0.540087890625 0.25034869819341127 0.035563151041666664 0.01700318809776833
1 0.540087890625 0.2517767003188098 0.035563151041666664 0.03400637619553666
0 0.4997355143229167 0.25034869819341127 0.0451416015625 0.01700318809776833
1 0.4997355143229167 0.2517767003188098 0.0451416015625 0.03400637619553666
0 0.15814208984375 0.38355140807651433 0.0756591796875 0.028692879914984058
0 0.3850016276041667 0.5036364240170031 0.12395833333333334 0.17109458023379384
0 0.3621744791666667 0.5987480074388948 0.07205403645833333 0.01700318809776833
0 0.37444661458333334 0.6197861317747078 0.09659830729166667 0.01700318809776833
0 0.2745361328125 0.4234026301806589 0.035205078125 0.019128586609989374
0 0.24050699869791667 0.45060108926673753 0.04493001302083333 0.019128586609989374
0 0.28799235026041664 0.45060108926673753 0.0222412109375 0.019128586609989374
0 0.14070231119791668 0.47779954835281613 0.04077962239583333 0.019128586609989374
0 0.18356119791666667 0.47779954835281613 0.040299479166666666 0.019128586609989374
0 0.22826334635416667 0.47779954835281613 0.021305338541666666 0.019128586609989374
0 0.1731201171875 0.5049980074388948 0.044482421875 0.019128586609989374
0 0.22871500651041668 0.5049980074388948 0.0574462890625 0.019128586609989374
0 0.14718831380208333 0.5321964665249734 0.053751627604166664 0.019128586609989374
0 0.20672200520833334 0.5321964665249734 0.04772135416666667 0.019128586609989374
0 0.24931640625 0.5593949256110521 0.06901041666666667 0.019128586609989374
0 0.2064697265625 0.6987911795961743 0.172314453125 0.04632704569606801
0 0.39434407552083334 0.7123904091392136 0.034749348958333336 0.019128586609989374
0 0.14995930989583334 0.7395888682252922 0.05929361979166667 0.019128586609989374
0 0.28915608723958336 0.7395888682252922 0.04956868489583333 0.019128586609989374
0 0.26665852864583334 0.7667873273113709 0.050032552083333334 0.019128586609989374
0 0.3213094075520833 0.7667873273113709 0.0416748046875 0.019128586609989374
0 0.22523193359375 0.8211842454835282 0.029191080729166666 0.019128586609989374
0 0.34198404947916666 0.8211842454835282 0.040299479166666666 0.019128586609989374
0 0.28175455729166665 0.8347834750265675 0.3228841145833333 0.04632704569606801
0 0.2854532877604167 0.8483827045696068 0.05048014322916667 0.019128586609989374
0 0.3625732421875 0.8483827045696068 0.026871744791666666 0.019128586609989374
0 0.127490234375 0.8755811636556854 0.01435546875 0.019128586609989374
0 0.1543212890625 0.8755811636556854 0.030192057291666668 0.019128586609989374
0 0.18863932291666666 0.8755811636556854 0.029182942708333333 0.019128586609989374
0 0.27132975260416664 0.8755811636556854 0.035205078125 0.019128586609989374
0 0.223388671875 0.9197828108395324 0.028255208333333334 0.019128586609989374
0 0.3727945963541667 0.9197828108395324 0.04169921875 0.019128586609989374
0 0.5034261067708333 0.36060374601487777 0.059765625 0.028692879914984058
0 0.5225341796875 0.39832956960680127 0.07132161458333333 0.019128586609989374
0 0.606591796875 0.39832956960680127 0.081982421875 0.019128586609989374
0 0.6054402669270833 0.4119287991498406 0.2371337890625 0.04632704569606801
0 0.5329630533854167 0.4544201647183847 0.09217936197916667 0.019128586609989374
0 0.6121785481770833 0.4969115302869288 0.2506103515625 0.04632704569606801
0 0.61158447265625 0.5394028958554729 0.027335611979166667 0.019128586609989374
0 0.65142822265625 0.5394028958554729 0.0430908203125 0.019128586609989374
0 0.6872233072916667 0.5394028958554729 0.019384765625 0.019128586609989374
0 0.71629638671875 0.5394028958554729 0.0211669921875 0.019128586609989374
0 0.6087076822916667 0.6090927205100957 0.24366861979166668 0.04632704569606801
0 0.6087158203125 0.6651833156216791 0.24368489583333333 0.04632704569606801
0 0.502490234375 0.7212739107332625 0.05789388020833333 0.019128586609989374
0 0.5735148111979167 0.7569739638682252 0.0620849609375 0.019128586609989374
0 0.5664306640625 0.78586609989373 0.04791666666666667 0.019128586609989374
0 0.5781453450520834 0.8147582359192349 0.07134602864583334 0.019128586609989374
0 0.57015380859375 0.8708488310308182 0.05536295572916667 0.019128586609989374
0 0.7067708333333333 0.9611450584484591 0.0625 0.019128586609989374
0 0.57767333984375 0.9303433846971307 0.07040201822916667 0.019128586609989374
