0 0.40403645833333335 0.6896918172157279 0.055517578125 0.01700318809776833
0 0.6095418294270833 0.742826780021254 0.04418131510416667 0.01700318809776833
0 0.5263142903645833 0.7640807651434643 0.048234049479166666 0.01700318809776833
0 0.77047119140625 0.8172157279489904 0.04418131510416667 0.01700318809776833
0 0.41884765625 0.8597236981934112 0.10457356770833333 0.01700318809776833
0 0.3568115234375 0.8809776833156217 0.045393880208333334 0.01700318809776833
0 0.43038330078125 0.8809776833156217 0.04418131510416667 0.01700318809776833
1 0.5 0.9187035069075452 0.6989583333333333 0.03294367693942614
1 0.16686197916666667 0.9187035069075452 0.03268229166666667 0.03294367693942614
1 0.16686197916666667 0.9187035069075452 0.031640625 0.030818278427205102
1 0.16686197916666667 0.9187035069075452 0.031640625 0.030818278427205102
1 0.16686197916666667 0.9187035069075452 0.031640625 0.030818278427205102
1 0.20328369140625 0.9187035069075452 0.034562174479166666 0.03294367693942614
1 0.20328369140625 0.9187035069075452 0.0335205078125 0.030818278427205102
1 0.20328369140625 0.9187035069075452 0.0335205078125 0.030818278427205102
0 0.24058837890625 0.9194341126461212 0.0344482421875 0.01700318809776833
0 0.04136962890625 0.02975557917109458 0.07544759114583334 0.03825717321997875
0 0.04291178385416667 0.031880977683315624 0.06915690104166666 0.053134962805526036
1 0.1072998046875 0.031880977683315624 0.05441080729166667 0.053134962805526036
8 0.212109375 0.02922422954303932 0.13020833333333334 0.03719447396386823
2 0.45614013671875 0.031880977683315624 0.5651448567708334 0.040382571732199786
2 0.7504313151041667 0.031880977683315624 0.0234375 0.04250797024442083
0 0.79351806640625 0.031880977683315624 0.038777669270833336 0.053134962805526036
0 0.8518595377604167 0.031880977683315624 0.0716552734375 0.053134962805526036
0 0.9111043294270833 0.031880977683315624 0.04058430989583333 0.053134962805526036
0 0.9633544921875 0.031880977683315624 0.057666015625 0.053134962805526036
1 0.8519287109375 0.09192348565356004 0.06971028645833334 0.03506907545164718
0 0.8726277669270833 0.12646121147715197 0.028312174479166667 0.012752391073326248
1 0.02288818359375 0.0844845908607864 0.0301513671875 0.04144527098831031
1 0.20208333333333334 0.17375132837407015 0.03567708333333333 0.03294367693942614
1 0.20208333333333334 0.17375132837407015 0.03463541666666667 0.030818278427205102
1 0.20208333333333334 0.17375132837407015 0.03463541666666667 0.030818278427205102
1 0.20208333333333334 0.17375132837407015 0.03463541666666667 0.030818278427205102
1 0.25804036458333335 0.17375132837407015 0.06204427083333333 0.03294367693942614
1 0.25804036458333335 0.17375132837407015 0.06100260416666667 0.030818278427205102
1 0.25804036458333335 0.17375132837407015 0.06100260416666667 0.030818278427205102
1 0.25804036458333335 0.17375132837407015 0.06100260416666667 0.030818278427205102
0 0.06523030598958333 0.08395324123273114 0.051407877604166666 0.02975557917109458
0 0.12231038411458334 0.08395324123273114 0.06275227864583334 0.02975557917109458
0 0.18251953125 0.08395324123273114 0.057666015625 0.02975557917109458
0 0.24110921223958334 0.08395324123273114 0.05951334635416667 0.02975557917109458
0 0.2872517903645833 0.08395324123273114 0.03277180989583333 0.02975557917109458
0 0.3349527994791667 0.08395324123273114 0.06263020833333334 0.02975557917109458
0 0.3854899088541667 0.08395324123273114 0.03844401041666667 0.02975557917109458
0 0.42737223307291666 0.08395324123273114 0.04532063802083333 0.02975557917109458
0 0.48262939453125 0.08395324123273114 0.06519368489583334 0.02975557917109458
0 0.5370808919270833 0.08395324123273114 0.04370930989583333 0.02975557917109458
0 0.5970011393229167 0.08395324123273114 0.07613118489583333 0.02975557917109458
0 0.6650227864583333 0.08395324123273114 0.059912109375 0.02975557917109458
0 0.7190592447916667 0.08395324123273114 0.04816080729166667 0.02975557917109458
0 0.07779134114583333 0.12539851222104145 0.07652994791666666 0.02975557917109458
0 0.15385335286458332 0.12539851222104145 0.07559407552083333 0.02975557917109458
0 0.23559163411458334 0.12539851222104145 0.08788248697916666 0.02975557917109458
0 0.3121256510416667 0.12539851222104145 0.065185546875 0.02975557917109458
0 0.3809611002604167 0.12539851222104145 0.0724853515625 0.02975557917109458
0 0.44392496744791665 0.12539851222104145 0.0534423828125 0.02975557917109458
0 0.5160115559895834 0.12539851222104145 0.09073079427083333 0.02975557917109458
0 0.57593994140625 0.12539851222104145 0.0291259765625 0.02975557917109458
0 0.6257364908854167 0.12539851222104145 0.07046712239583333 0.02975557917109458
0 0.6961954752604167 0.12539851222104145 0.07045084635416667 0.02975557917109458
0 0.06705729166666667 0.16684378320935175 0.05506184895833333 0.02975557917109458
0 0.12617594401041668 0.16684378320935175 0.06317545572916666 0.02975557917109458
0 0.8958333333333334 0.0844845908607864 0.20833333333333334 0.04144527098831031
1 0.5 0.22741764080765142 0.78125 0.24442082890541977
0 0.13125 0.23804463336875664 0.04375 0.26567481402763016
0 0.9453125 0.42401700318809776 0.109375 0.6376195536663124
0 0.0546875 0.42401700318809776 0.109375 0.6376195536663124
0 0.5546875 0.26461211477151964 0.890625 0.3188097768331562
0 0.86875 0.23804463336875664 0.04375 0.26567481402763016
0 0.1685546875 0.5150853480340064 0.07669270833333333 0.10861118490967056
0 0.2533203125 0.5150853480340064 0.07669270833333333 0.10861118490967056
0 0.1685546875 0.6704553002125399 0.07669270833333333 0.10861118490967056
0 0.2533203125 0.6704553002125399 0.07669270833333333 0.10861118490967056
0 0.2109375 0.7869869155154091 0.16145833333333334 0.017949654622741763
0 0.36126302083333334 0.4933249202975558 0.07669270833333333 0.12310706695005313
0 0.44602864583333335 0.4933249202975558 0.07669270833333333 0.12310706695005313
0 0.36126302083333334 0.6631907545164718 0.07669270833333333 0.12310706695005313
0 0.44602864583333335 0.6631907545164718 0.07669270833333333 0.12310706695005313
0 0.4036458333333333 0.7869869155154091 0.16145833333333334 0.017949654622741763
0 0.5963541666666666 0.5931439293304994 0.16145833333333334 0.3227450850159405
0 0.5963541666666666 0.7869869155154091 0.16145833333333334 0.017949654622741763
0 0.7890625 0.6165233129649309 0.18229166666666666 0.3695038522848034
0 0.1685546875 0.9496795297555791 0.07669270833333333 0.10064094048884166
0 0.2533203125 0.9496795297555791 0.07669270833333333 0.10064094048884166
0 0.4036458333333333 0.9641837141339001 0.18229166666666666 0.07163257173219979
0 0.5539713541666667 0.9496795297555791 0.07669270833333333 0.10064094048884166
0 0.6387369791666667 0.9496795297555791 0.07669270833333333 0.10064094048884166
0 0.7890625 0.9496795297555791 0.18229166666666666 0.10064094048884166
