0 0.00026041666666666666 0.0005313496280552603 0.0005208333333333333 0.0010626992561105207
0 0.7018513997395833 0.023379383634431455 0.06713053385416666 0.04675876726886291
0 0.76875 0.023379383634431455 0.04583333333333333 0.04675876726886291
0 0.22864583333333333 0.09829968119022317 0.040625 0.06057385759829968
1 0.29056396484375 0.10255047821466524 0.057169596354166664 0.052072263549415514
1 0.34571940104166665 0.10255047821466524 0.04480794270833333 0.052072263549415514
1 0.40591634114583336 0.10255047821466524 0.06725260416666666 0.052072263549415514
1 0.47234700520833334 0.10255047821466524 0.057275390625 0.052072263549415514
1 0.5432291666666667 0.10255047821466524 0.07615559895833333 0.052072263549415514
1 0.6056640625 0.10255047821466524 0.040380859375 0.052072263549415514
0 0.6414794921875 0.10255047821466524 0.022916666666666665 0.052072263549415514
0 0.7670654296875 0.10255047821466524 0.04920247395833333 0.052072263549415514
0 0.3335978190104167 0.3347336609989373 0.14395345052083333 0.036131774707757705
0 0.25716959635416664 0.4031449256110521 0.068701171875 0.036131774707757705
0 0.35391031901041664 0.4031449256110521 0.11211751302083334 0.036131774707757705
0 0.4373779296875 0.4031449256110521 0.042154947916666664 0.036131774707757705
0 0.25604654947916666 0.4373505579171095 0.04620768229166667 0.036131774707757705
1 0.2620442708333333 0.49865502125398514 0.107421875 0.04994686503719448
0 0.27200927734375 0.8966358926673751 0.0507080078125 0.025504782146652496
0 0.3484130859375 0.8966358926673751 0.09329427083333333 0.025504782146652496
0 0.42109781901041665 0.8966358926673751 0.04326985677083333 0.025504782146652496
