0 0.04595133463541667 0.02975557917109458 0.08461100260416667 0.03825717321997875
0 0.04714762369791667 0.031880977683315624 0.07762858072916666 0.053134962805526036
1 0.11796468098958333 0.031880977683315624 0.058797200520833336 0.053134962805526036
8 0.22106119791666667 0.02922422954303932 0.12239583333333333 0.03719447396386823
2 0.4634033203125 0.031880977683315624 0.553955078125 0.040382571732199786
2 0.752099609375 0.031880977683315624 0.0234375 0.04250797024442083
0 0.7963948567708333 0.031880977683315624 0.04119466145833333 0.053134962805526036
0 0.8594278971354167 0.031880977683315624 0.07862141927083334 0.053134962805526036
0 0.9222981770833333 0.031880977683315624 0.040869140625 0.053134962805526036
0 0.9690226236979167 0.031880977683315624 0.04632975260416667 0.053134962805526036
1 0.8593221028645833 0.09192348565356004 0.07788899739583334 0.03506907545164718
0 0.88243408203125 0.12911795961742828 0.0316650390625 0.011689691817215728
1 0.023152669270833332 0.0844845908607864 0.030680338541666668 0.04144527098831031
1 0.1948974609375 0.1769394261424017 0.037548828125 0.03294367693942614
1 0.1948974609375 0.1769394261424017 0.03650716145833333 0.030818278427205102
1 0.1948974609375 0.1769394261424017 0.03650716145833333 0.030818278427205102
1 0.1948974609375 0.1769394261424017 0.03650716145833333 0.030818278427205102
1 0.2551025390625 0.1769394261424017 0.067919921875 0.03294367693942614
1 0.2551025390625 0.1769394261424017 0.06687825520833333 0.030818278427205102
1 0.2551025390625 0.1769394261424017 0.06687825520833333 0.030818278427205102
1 0.2551025390625 0.1769394261424017 0.06687825520833333 0.030818278427205102
0 0.11118570963541667 0.08395324123273114 0.1422607421875 0.02975557917109458
0 0.21431070963541668 0.08395324123273114 0.0639892578125 0.02975557917109458
0 0.27384033203125 0.08395324123273114 0.055069986979166666 0.02975557917109458
0 0.33499755859375 0.08395324123273114 0.06724446614583333 0.02975557917109458
0 0.39934895833333334 0.08395324123273114 0.06145833333333333 0.02975557917109458
0 0.4612548828125 0.08395324123273114 0.062353515625 0.02975557917109458
0 0.5280069986979167 0.08395324123273114 0.07115071614583333 0.02975557917109458
0 0.6155192057291666 0.08395324123273114 0.10387369791666666 0.02975557917109458
0 0.7033243815104167 0.08395324123273114 0.07173665364583333 0.02975557917109458
0 0.7626871744791667 0.08395324123273114 0.04698893229166667 0.02975557917109458
0 0.8385009765625 0.08395324123273114 0.104638671875 0.02975557917109458
0 0.9155843098958333 0.08395324123273114 0.04952799479166667 0.02975557917109458
0 0.9528767903645833 0.08395324123273114 0.025056966145833335 0.02975557917109458
0 0.07855631510416666 0.12539851222104145 0.077001953125 0.02975557917109458
1 0.5 0.22741764080765142 0.78125 0.24442082890541977
0 0.13125 0.23804463336875664 0.04375 0.26567481402763016
0 0.0546875 0.42401700318809776 0.109375 0.6376195536663124
0 0.5 0.42401700318809776 0.78125 0.6376195536663124
0 0.9453125 0.42401700318809776 0.109375 0.6376195536663124
0 0.86875 0.23804463336875664 0.04375 0.26567481402763016
0 0.6967081705729167 0.39213602550478216 0.19239095052083333 0.01487778958554729
0 0.2109375 0.6802852683315622 0.18229166666666666 0.3695038522848034
0 0.4036458333333333 0.6802852683315622 0.18229166666666666 0.3695038522848034
0 0.5963541666666666 0.6802852683315622 0.18229166666666666 0.3695038522848034
1 0.7890625 0.5452643464399575 0.16145833333333334 0.03294367693942614
1 0.7890625 0.5452643464399575 0.16041666666666668 0.030818278427205102
1 0.7890625 0.5452643464399575 0.16041666666666668 0.030818278427205102
0 0.7890625 0.7481402763018066 0.15625 0.26567481402763016
