0 0.20331217447916666 0.021253985122210415 0.060791015625 0.04250797024442083
0 0.35107014973958334 0.021253985122210415 0.0584716796875 0.04250797024442083
0 0.39871419270833336 0.021253985122210415 0.02431640625 0.04250797024442083
0 0.43475748697916666 0.021253985122210415 0.03527018229166667 0.04250797024442083
0 0.46853841145833336 0.021253985122210415 0.019791666666666666 0.04250797024442083
0 0.48945719401041665 0.021253985122210415 0.0095458984375 0.04250797024442083
0 0.5137125651041666 0.021253985122210415 0.02646484375 0.04250797024442083
0 0.5406697591145834 0.021253985122210415 0.014949544270833334 0.04250797024442083
0 0.5643310546875 0.021253985122210415 0.019873046875 0.04250797024442083
0 0.590087890625 0.021253985122210415 0.019140625 0.04250797024442083
0 0.61263427734375 0.021253985122210415 0.0134521484375 0.04250797024442083
0 0.6371419270833333 0.021253985122210415 0.023063151041666667 0.04250797024442083
0 0.65916748046875 0.021253985122210415 0.008487955729166666 0.04250797024442083
1 0.673828125 0.021253985122210415 0.008333333333333333 0.04250797024442083
0 0.8045572916666667 0.021253985122210415 0.04505208333333333 0.04250797024442083
0 0.21660563151041667 0.09617428267800213 0.0873779296875 0.07120085015940489
0 0.5 0.09617428267800213 0.17760416666666667 0.06801275239107332
0 0.7950276692708333 0.09617428267800213 0.064111328125 0.05526036131774708
1 0.40709228515625 0.16046758767268862 0.0577880859375 0.021253985122210415
0 0.4794392903645833 0.16046758767268862 0.053572591145833334 0.021253985122210415
0 0.5409912109375 0.16046758767268862 0.03619791666666667 0.021253985122210415
1 0.5987752278645834 0.16046758767268862 0.046036783854166666 0.021253985122210415
0 0.5 0.4495217853347503 0.6416666666666667 0.06376195536663125
1 0.7875 0.4495217853347503 0.025 0.05100956429330499
0 0.49375 0.5494155154091392 0.32083333333333336 0.06801275239107332
13 0.8057291666666667 0.5377258235919234 0.0125 0.025504782146652496
5 0.7502604166666667 0.5876726886291179 0.14114583333333333 0.021253985122210415
0 0.7563273111979166 0.6556854410201913 0.10401204427083334 0.06376195536663125
0 0.7563273111979166 0.7630180658873539 0.10401204427083334 0.11689691817215728
0 0.7563273111979166 0.8809776833156217 0.10401204427083334 0.08501594048884166
0 0.7563273111979166 0.9702444208289054 0.10401204427083334 0.05951115834218916
1 0.7502604166666667 0.6131774707757705 0.07177734375 0.03825717321997875
0 0.66640625 0.5148777895855473 0.0005208333333333333 0.0010626992561105207
1 0.28854166666666664 0.5504782146652497 0.016666666666666666 0.03400637619553666
0 0.24348958333333334 0.7481402763018066 0.12864583333333332 0.10201912858660998
0 0.4875 0.9723698193411264 0.975 0.05526036131774708
1 0.9854166666666667 0.9723698193411264 0.020833333333333332 0.04250797024442083
