0 0.0515625 0.04613609192348565 0.08645833333333333 0.03913722104144527
0 0.09609375 0.1969480605738576 0.15364583333333334 0.018065887353878853
0 0.09609375 0.22351554197662063 0.15364583333333334 0.018065887353878853
0 0.09609375 0.25008302337938365 0.15364583333333334 0.018065887353878853
0 0.09609375 0.27665050478214664 0.15364583333333334 0.018065887353878853
0 0.09609375 0.27133700850159403 0.15364583333333334 0.018065887353878853
0 0.09609375 0.2979044899043571 0.15364583333333334 0.018065887353878853
0 0.08854166666666667 0.2920596439957492 0.17708333333333334 0.06801275239107332
0 0.09609375 0.4137387088204038 0.15364583333333334 0.018065887353878853
0 0.09609375 0.44030619022316686 0.15364583333333334 0.018065887353878853
0 0.09609375 0.46687367162592985 0.15364583333333334 0.018065887353878853
0 0.09609375 0.4934411530286929 0.15364583333333334 0.018065887353878853
0 0.09609375 0.520008634431456 0.15364583333333334 0.018065887353878853
0 0.09609375 0.546576115834219 0.15364583333333334 0.018065887353878853
8 0.09609375 0.4881276567481403 0.16197916666666667 0.026567481402763018
0 0.09609375 0.4881276567481403 0.15364583333333334 0.018065887353878853
8 0.09609375 0.5146951381509033 0.16197916666666667 0.026567481402763018
0 0.09609375 0.5146951381509033 0.15364583333333334 0.018065887353878853
8 0.09609375 0.5412626195536663 0.16197916666666667 0.026567481402763018
0 0.09609375 0.5412626195536663 0.15364583333333334 0.018065887353878853
0 0.5449015299479166 0.020191285866099893 0.5036214192708334 0.019128586609989374
1 0.94171142578125 0.022515940488841656 0.08324381510416666 0.044633368756641874
0 0.9523885091145833 0.022507638150903293 0.0618896484375 0.02273180127523911
2 0.39010416666666664 0.09977749734325186 0.3927083333333333 0.04144527098831031
8 0.7859375 0.09977749734325186 0.39479166666666665 0.04144527098831031
8 0.7671875 0.09977749734325186 0.3572916666666667 0.04144527098831031
1 0.7671875 0.09977749734325186 0.3572916666666667 0.04144527098831031
8 0.934619140625 0.09977749734325186 0.013053385416666667 0.011158342189160468
1 0.965625 0.09977749734325186 0.035416666666666666 0.04144527098831031
1 0.226708984375 0.1400521386822529 0.06591796875 0.022100823591923485
0 0.226708984375 0.1400521386822529 0.06591796875 0.022100823591923485
1 0.9607747395833334 0.1400521386822529 0.0451171875 0.022100823591923485
0 0.5649617513020834 0.28287725823591925 0.7101318359375 0.031880977683315624
0 0.92537841796875 0.28234590860786396 0.010701497395833334 0.024442082890541977
0 0.9515625 0.28234590860786396 0.020833333333333332 0.024442082890541977
0 0.23976236979166668 0.386490435706695 0.059733072916666664 0.018065887353878853
2 0.5614908854166667 0.4820337407013815 0.7031901041666667 0.048884165781083955
1 0.9388346354166667 0.4820337407013815 0.0462890625 0.04782146652497343
0 0.80938720703125 0.5548286397449522 0.0465576171875 0.018065887353878853
0 0.2555013020833333 0.5771453241232731 0.0912109375 0.018065887353878853
0 0.2682291666666667 0.8221971307120085 0.12291666666666666 0.019128586609989374
1 0.2682291666666667 0.9817680658873539 0.12291666666666666 0.03646386822529224
1 0.26822509765625 0.9902696599362381 0.04256998697916667 0.01946068012752391
0 0.4283854166666667 0.8221971307120085 0.12291666666666666 0.019128586609989374
1 0.4283854166666667 0.9817680658873539 0.12291666666666666 0.03646386822529224
1 0.42838134765625 0.9902696599362381 0.10785319010416666 0.01946068012752391
0 0.5885416666666666 0.8221971307120085 0.12291666666666666 0.019128586609989374
1 0.5885416666666666 0.9817680658873539 0.12291666666666666 0.03646386822529224
1 0.58853759765625 0.9902696599362381 0.05923665364583333 0.01946068012752391
0 0.7486979166666666 0.8221971307120085 0.12291666666666666 0.019128586609989374
1 0.7486979166666666 0.9817680658873539 0.12291666666666666 0.03646386822529224
1 0.74869384765625 0.9902696599362381 0.05630696614583333 0.01946068012752391
0 0.9078125 0.8221971307120085 0.12083333333333333 0.019128586609989374
1 0.9088541666666666 0.9817680658873539 0.12291666666666666 0.03646386822529224
1 0.90885009765625 0.9902696599362381 0.05923665364583333 0.01946068012752391
2 0.940869140625 0.7429264080765143 0.09944661458333333 0.04250797024442083
1 0.9414021809895833 0.7939359723698194 0.08374837239583334 0.04250797024442083
0 0.9268229166666667 0.9279689160467588 0.030843098958333332 0.010626992561105207
0 0.9407267252604167 0.9390110255047821 0.05987141927083333 0.010626992561105207
1 0.5776041666666667 0.962423618490967 0.010416666666666666 0.021253985122210415
