0 0.25729166666666664 0.03825717321997875 0.075 0.025504782146652496
1 0.536474609375 0.03825717321997875 0.029752604166666665 0.05100956429330499
1 0.568017578125 0.03825717321997875 0.025 0.05100956429330499
0 0.5971842447916667 0.03825717321997875 0.025 0.05100956429330499
0 0.6544637044270833 0.03825717321997875 0.0812255859375 0.05100956429330499
0 0.7197713216145833 0.03825717321997875 0.041056315104166664 0.03825717321997875
0 0.7623372395833333 0.03825717321997875 0.0357421875 0.03825717321997875
0 0.23683268229166668 0.09564293304994687 0.05074869791666667 0.04675876726886291
0 0.29163818359375 0.09564293304994687 0.05469563802083333 0.04675876726886291
0 0.35977783203125 0.09564293304994687 0.0774169921875 0.04675876726886291
0 0.4350341796875 0.09564293304994687 0.06892903645833333 0.04675876726886291
0 0.5003824869791667 0.09564293304994687 0.057600911458333334 0.04675876726886291
0 0.5658732096354167 0.09564293304994687 0.0692138671875 0.04675876726886291
0 0.6391927083333333 0.09564293304994687 0.07325846354166667 0.04675876726886291
2 0.3227945963541667 0.38788522848034007 0.17267252604166666 0.03825717321997875
1 0.46487223307291664 0.38788522848034007 0.05731608072916667 0.03825717321997875
1 0.5310750325520833 0.38788522848034007 0.06249186197916667 0.03825717321997875
1 0.6477986653645833 0.38788522848034007 0.14522298177083334 0.036131774707757705
1 0.755517578125 0.38788522848034007 0.05771484375 0.057385759829968117
6 0.21380208333333334 0.4383634431455898 0.0005208333333333333 0.0010626992561105207
5 0.25618896484375 0.44845908607863977 0.08529459635416667 0.021253985122210415
0 0.25818277994791666 0.7215727948990436 0.07157389322916667 0.03825717321997875
0 0.5590413411458334 0.7321997874601488 0.092041015625 0.03825717321997875
1 0.21458333333333332 0.6875664187035069 0.01875 0.03825717321997875
1 0.7854166666666667 0.6875664187035069 0.01875 0.03825717321997875
0 0.75899658203125 0.8884165781083954 0.0632568359375 0.03825717321997875
0 0.28203125 0.9580233793836345 0.13697916666666668 0.08395324123273114
1 0.33697916666666666 0.9436769394261424 0.01875 0.03825717321997875
0 0.42734375 0.9580233793836345 0.13697916666666668 0.08395324123273114
1 0.4822916666666667 0.9436769394261424 0.01875 0.03825717321997875
0 0.57265625 0.9580233793836345 0.13697916666666668 0.08395324123273114
1 0.6276041666666666 0.9436769394261424 0.01875 0.03825717321997875
0 0.71796875 0.9580233793836345 0.13697916666666668 0.08395324123273114
1 0.7729166666666667 0.9436769394261424 0.01875 0.03825717321997875
0 0.86328125 0.9580233793836345 0.13697916666666668 0.08395324123273114
1 0.9182291666666667 0.9436769394261424 0.01875 0.03825717321997875
0 0.9700520833333334 0.9580233793836345 0.059895833333333336 0.08395324123273114
1 0.6364583333333333 0.3565356004250797 0.01875 0.03825717321997875
0 0.5 0.630712008501594 0.2833333333333333 0.05100956429330499
