0 0.04765625 0.04144527098831031 0.06614583333333333 0.03825717321997875
1 0.13902994791666667 0.04144527098831031 0.08326822916666667 0.044633368756641874
1 0.24886474609375 0.04144527098831031 0.13223470052083333 0.044633368756641874
1 0.8821044921875 0.04144527098831031 0.046044921875 0.04675876726886291
1 0.917626953125 0.04144527098831031 0.025 0.048884165781083955
1 0.9608968098958334 0.04144527098831031 0.04903971354166667 0.04675876726886291
1 0.21044921875 0.09776833156216791 0.0458984375 0.061636556854410204
1 0.28267822265625 0.09776833156216791 0.08189290364583333 0.061636556854410204
1 0.3545328776041667 0.09776833156216791 0.045149739583333334 0.061636556854410204
1 0.3998291015625 0.09776833156216791 0.028776041666666665 0.061636556854410204
1 0.43638916015625 0.09776833156216791 0.027677408854166665 0.061636556854410204
1 0.5089925130208334 0.09776833156216791 0.10086263020833333 0.061636556854410204
2 0.2546875 0.12274176408076515 0.13541666666666666 0.05100956429330499
1 0.27574055989583335 0.12274176408076515 0.087060546875 0.03825717321997875
1 0.29423421223958335 0.12274176408076515 0.0500732421875 0.03825717321997875
1 0.29423421223958335 0.12274176408076515 0.0500732421875 0.03825717321997875
1 0.24966227213541667 0.12274176408076515 0.03490397135416667 0.03825717321997875
1 0.24966227213541667 0.12274176408076515 0.03490397135416667 0.03825717321997875
1 0.7585774739583333 0.09776833156216791 0.10784505208333334 0.061636556854410204
1 0.7109049479166667 0.09776833156216791 0.0125 0.025504782146652496
1 0.7443644205729166 0.23485653560042508 0.13627115885416666 0.02975557917109458
1 0.5 0.32624867162592985 0.625 0.08076514346439957
2 0.4242919921875 0.32624867162592985 0.448583984375 0.02975557917109458
1 0.6898640950520833 0.32624867162592985 0.07006022135416666 0.06376195536663125
1 0.7686971028645834 0.32624867162592985 0.0792724609375 0.06376195536663125
0 0.20396728515625 0.4059511158342189 0.0329345703125 0.021253985122210415
0 0.2508015950520833 0.4059511158342189 0.03573404947916667 0.021253985122210415
0 0.30688069661458334 0.4059511158342189 0.05142415364583333 0.021253985122210415
0 0.397705078125 0.4059511158342189 0.04894205729166667 0.021253985122210415
0 0.4892496744791667 0.4059511158342189 0.053385416666666664 0.021253985122210415
0 0.5478556315104167 0.4059511158342189 0.03882649739583333 0.021253985122210415
1 0.7954060872395833 0.4059511158342189 0.03418782552083333 0.02763018065887354
0 0.39479166666666665 0.6482465462274176 0.41458333333333336 0.31243358129649307
1 0.23708902994791667 0.740701381509033 0.06167805989583333 0.05100956429330499
0 0.28958333333333336 0.9086078639744952 0.20416666666666666 0.18278427205100956
0 0.5 0.9086078639744952 0.20416666666666666 0.18278427205100956
0 0.7104166666666667 0.7460148777895855 0.20416666666666666 0.5079702444208289
1 0.9548095703125 0.9564293304994687 0.06954752604166667 0.053134962805526036
1 0.9548095703125 0.9564293304994687 0.06954752604166667 0.053134962805526036
1 0.9548095703125 0.9564293304994687 0.06954752604166667 0.053134962805526036
1 0.9335774739583333 0.9564293304994687 0.00625 0.021253985122210415
1 0.9621012369791667 0.9564293304994687 0.034130859375 0.02763018065887354
0 0.0918701171875 0.8485653560042508 0.13582356770833334 0.04357066950053135
0 0.11534830729166666 0.861317747077577 0.1140625 0.018065887353878853
1 0.10520833333333333 0.9256110520722636 0.1625 0.05100956429330499
