0 0.19817708333333334 0.06907545164718384 0.09947916666666666 0.053134962805526036
0 0.57818603515625 0.0800345377258236 0.050496419270833336 0.02148645058448459
0 0.6390299479166667 0.0800345377258236 0.05035807291666667 0.02148645058448459
0 0.7173177083333333 0.0800345377258236 0.08538411458333334 0.02148645058448459
0 0.7808634440104166 0.0800345377258236 0.0208740234375 0.02148645058448459
0 0.8266398111979166 0.0800345377258236 0.049845377604166664 0.02148645058448459
0 0.7409993489583333 0.02481568809776833 0.0390625 0.02837739107332625
0 0.78603515625 0.02481568809776833 0.04059244791666667 0.02837739107332625
1 0.8315511067708333 0.019502191817215728 0.040022786458333334 0.039004383634431455
0 0.595703125 0.5198924017003188 0.18430989583333332 0.021253985122210415
0 0.7234090169270834 0.5198924017003188 0.04037272135416667 0.021253985122210415
0 0.6482137044270834 0.5326447927736451 0.2964274088541667 0.04675876726886291
0 0.5687906901041667 0.5453971838469713 0.06585286458333334 0.021253985122210415
0 0.6687093098958333 0.5453971838469713 0.031722005208333334 0.021253985122210415
0 0.5487467447916666 0.5964067481402763 0.029378255208333332 0.021253985122210415
0 0.18421630859375 0.5953772582359192 0.0715576171875 0.03294367693942614
