0 0.10442708333333334 0.12322329968119022 0.0005208333333333333 0.0010626992561105207
0 0.10442708333333334 0.12322329968119022 0.0005208333333333333 0.0010626992561105207
0 0.15870768229166668 0.16998206695005313 0.06324869791666667 0.03294367693942614
0 0.24407958984375 0.16998206695005313 0.0616455078125 0.03294367693942614
0 0.19640706380208334 0.20735919234856537 0.021394856770833335 0.021253985122210415
0 0.24137776692708332 0.20735919234856537 0.0490966796875 0.021253985122210415
0 0.13098958333333333 0.24973432518597238 0.0078125 0.01700318809776833
0 0.16250406901041667 0.24973432518597238 0.051163736979166666 0.01700318809776833
0 0.1980712890625 0.24973432518597238 0.0078125 0.01700318809776833
0 0.23905029296875 0.24973432518597238 0.0741455078125 0.01700318809776833
0 0.2861083984375 0.24973432518597238 0.0078125 0.01700318809776833
0 0.3386433919270833 0.24973432518597238 0.09320475260416666 0.01700318809776833
0 0.89862060546875 0.1885460945802338 0.0324462890625 0.01700318809776833
0 0.9233561197916667 0.1885460945802338 0.012972005208333333 0.01700318809776833
0 0.9523396809895833 0.1885460945802338 0.025528971354166666 0.01700318809776833
0 0.9211018880208334 0.22031083953241232 0.08800455729166666 0.015940488841657812
0 0.6253987630208333 0.387403692879915 0.078125 0.01700318809776833
0 0.48105061848958336 0.3787360520722636 0.023103841145833335 0.01700318809776833
0 0.18750406901041666 0.4025305526036132 0.045792643229166666 0.01700318809776833
0 0.29260660807291666 0.4025305526036132 0.036417643229166664 0.01700318809776833
0 0.39999186197916664 0.4025305526036132 0.028385416666666666 0.01700318809776833
0 0.5612589518229166 0.42632505313496283 0.012361653645833333 0.01700318809776833
0 0.13049723307291666 0.45011955366631246 0.019327799479166668 0.01700318809776833
0 0.5929158528645834 0.45011955366631246 0.033650716145833336 0.01700318809776833
0 0.25296223958333336 0.5051474495217854 0.055126953125 0.01700318809776833
0 0.3719278971354167 0.5051474495217854 0.025545247395833335 0.01700318809776833
0 0.45767008463541664 0.5051474495217854 0.014591471354166666 0.01700318809776833
0 0.6244588216145833 0.5051474495217854 0.023103841145833335 0.01700318809776833
0 0.6528157552083333 0.5051474495217854 0.01865234375 0.01700318809776833
0 0.17373860677083333 0.5289419500531349 0.018245442708333334 0.01700318809776833
0 0.535498046875 0.5289419500531349 0.039713541666666664 0.01700318809776833
0 0.5213460286458333 0.5527364505844846 0.05634765625 0.01700318809776833
0 0.6224894205729167 0.5527364505844846 0.0381103515625 0.01700318809776833
0 0.3065592447916667 0.5765309511158342 0.066650390625 0.01700318809776833
0 0.3925699869791667 0.5765309511158342 0.061604817708333336 0.01700318809776833
0 0.2568277994791667 0.6003254516471839 0.025537109375 0.01700318809776833
0 0.37277018229166664 0.6122227019128587 0.5038736979166667 0.04079768862911796
0 0.47635498046875 0.6241199521785334 0.1219970703125 0.01700318809776833
0 0.5732218424479166 0.6241199521785334 0.06768391927083334 0.01700318809776833
0 0.19055582682291666 0.6717089532412327 0.032430013020833336 0.01700318809776833
0 0.23747965494791667 0.6717089532412327 0.0383056640625 0.01700318809776833
0 0.18752034505208334 0.7267368490967057 0.06688639322916666 0.01700318809776833
0 0.5811197916666667 0.7267368490967057 0.08230794270833333 0.01700318809776833
0 0.6121378580729167 0.8457093517534537 0.0711181640625 0.01700318809776833
0 0.19927571614583334 0.8695038522848034 0.028792317708333334 0.01700318809776833
0 0.21649576822916666 0.9007372476089267 0.029996744791666665 0.01700318809776833
0 0.62222900390625 0.9007372476089267 0.0664794921875 0.01700318809776833
0 0.4428304036458333 0.9245317481402763 0.046614583333333334 0.01700318809776833
0 0.3068603515625 0.948326248671626 0.039713541666666664 0.01700318809776833
0 0.25011800130208334 0.9721207492029755 0.0122314453125 0.01700318809776833
0 0.31379801432291665 0.9721207492029755 0.0218994140625 0.01700318809776833
0 0.3445515950520833 0.9721207492029755 0.019327799479166668 0.01700318809776833
0 0.39273274739583336 0.9721207492029755 0.021891276041666668 0.01700318809776833
0 0.5307942708333333 0.9937068278427205 0.017431640625 0.01258634431455898
0 0.7686116536458333 0.3787360520722636 0.040543619791666666 0.01700318809776833
0 0.8233479817708333 0.3787360520722636 0.017838541666666666 0.01700318809776833
0 0.8331461588541667 0.42186669766206164 0.2727864583333333 0.04079768862911796
0 0.7358805338541666 0.4337639479277364 0.031217447916666665 0.01700318809776833
0 0.8236409505208333 0.4337639479277364 0.012972005208333333 0.01700318809776833
0 0.89417724609375 0.4337639479277364 0.0543212890625 0.01700318809776833
0 0.9385294596354167 0.45755844845908605 0.0368896484375 0.01700318809776833
0 0.8182861328125 0.512586344314559 0.022298177083333332 0.01700318809776833
0 0.8770751953125 0.512586344314559 0.042561848958333336 0.01700318809776833
0 0.8346394856770833 0.5244835945802337 0.27577311197916665 0.04079768862911796
0 0.8604207356770833 0.5363808448459086 0.04986165364583333 0.01700318809776833
0 0.8346354166666666 0.5482780951115834 0.2757649739583333 0.04079768862911796
0 0.8313680013020833 0.6479310573857598 0.06405436197916667 0.01700318809776833
0 0.9130574544270833 0.6479310573857598 0.0352783203125 0.01700318809776833
0 0.7246297200520834 0.6717255579171094 0.032430013020833336 0.01700318809776833
0 0.7734781901041666 0.6717255579171094 0.041748046875 0.01700318809776833
0 0.8071044921875 0.6969978746014878 0.028776041666666665 0.01700318809776833
0 0.8784464518229167 0.6969978746014878 0.08228352864583334 0.01700318809776833
0 0.8419759114583333 0.7088951248671626 0.26712239583333336 0.04079768862911796
0 0.9675252278645833 0.7207923751328374 0.014396158854166667 0.01700318809776833
0 0.8171712239583333 0.7460646918172157 0.057568359375 0.01700318809776833
0 0.8987630208333334 0.7460646918172157 0.04007161458333333 0.01700318809776833
0 0.7469156901041667 0.7698591923485654 0.077001953125 0.01700318809776833
0 0.835693359375 0.8308232598299681 0.2545572916666667 0.04079768862911796
0 0.83740234375 0.8679928267800212 0.03850911458333333 0.01700318809776833
0 0.7216878255208333 0.9527763018065888 0.02958984375 0.01700318809776833
0 0.7891845703125 0.9527763018065888 0.0859375 0.01700318809776833
0 0.7488484700520833 0.9959318544102019 0.05957845052083333 0.008136291179596175
0 0.8987345377604167 0.020191285866099893 0.030574544270833334 0.01487778958554729
0 0.9313924153645833 0.020191285866099893 0.0253662109375 0.01487778958554729
0 0.9607462565104167 0.020191285866099893 0.023966471354166668 0.01487778958554729
0 0.9845418294270833 0.020191285866099893 0.014249674479166667 0.01487778958554729
0 0.12232666015625 0.06376195536663125 0.0602783203125 0.04250797024442083
0 0.17488606770833334 0.06376195536663125 0.044840494791666664 0.04250797024442083
0 0.7003743489583333 0.06376195536663125 0.02490234375 0.04250797024442083
0 0.7462890625 0.06376195536663125 0.06692708333333333 0.04250797024442083
0 0.80029296875 0.06376195536663125 0.04108072916666667 0.04250797024442083
2 0.9083333333333333 0.06626095908607864 0.16666666666666666 0.03050278958554729
1 0.9838541666666667 0.06626095908607864 0.014583333333333334 0.02837739107332625
1 0.9838541666666667 0.06626095908607864 0.014583333333333334 0.02837739107332625
0 0.04583333333333333 0.08501594048884166 0.08333333333333333 0.17003188097768332
0 0.038134765625 0.20594779489904358 0.04794921875 0.01487778958554729
0 0.03725992838541667 0.22667043039319873 0.04619954427083333 0.01487778958554729
0 0.03743896484375 0.24739306588735388 0.0465576171875 0.01487778958554729
0 0.0351806640625 0.26811570138150903 0.042041015625 0.01487778958554729
0 0.023893229166666665 0.2888383368756642 0.019466145833333334 0.01487778958554729
0 0.021284993489583334 0.30956097236981933 0.014249674479166667 0.01487778958554729
0 0.044209798177083336 0.3302836078639745 0.060099283854166664 0.01487778958554729
0 0.0383056640625 0.39223565356004253 0.048291015625 0.01487778958554729
0 0.019026692708333334 0.4129582890541977 0.009733072916666667 0.01487778958554729
0 0.033614095052083334 0.43368092454835283 0.03890787760416667 0.01487778958554729
0 0.039876302083333336 0.454403560042508 0.051432291666666664 0.01487778958554729
0 0.024930826822916665 0.47512619553666313 0.021541341145833334 0.01487778958554729
0 0.030843098958333332 0.5370782412327312 0.033365885416666664 0.01487778958554729
0 0.04056396484375 0.5578008767268863 0.0528076171875 0.01487778958554729
0 0.04246826171875 0.5785235122210415 0.0566162109375 0.01487778958554729
0 0.0351806640625 0.5992461477151966 0.042041015625 0.01487778958554729
0 0.03743896484375 0.6199687832093518 0.0465576171875 0.01487778958554729
0 0.04143473307291667 0.6406914187035069 0.054549153645833334 0.01487778958554729
0 0.03888346354166667 0.6614140541976621 0.04944661458333333 0.01487778958554729
0 0.0400390625 0.6821366896918172 0.0517578125 0.01487778958554729
0 0.04021402994791667 0.7028593251859724 0.052107747395833334 0.01487778958554729
0 0.03205159505208333 0.7648113708820404 0.035782877604166666 0.01487778958554729
0 0.0402099609375 0.7855340063761955 0.052099609375 0.01487778958554729
0 0.04230550130208333 0.8062566418703507 0.056290690104166666 0.01487778958554729
0 0.043680826822916664 0.8682086875664187 0.059041341145833336 0.01487778958554729
0 0.04508056640625 0.8889313230605739 0.0618408203125 0.01487778958554729
0 0.028572591145833333 0.909653958554729 0.028824869791666666 0.01487778958554729
0 0.0280517578125 0.9303765940488842 0.027783203125 0.01487778958554729
0 0.04229736328125 0.9510992295430393 0.0562744140625 0.01487778958554729
0 0.045943196614583334 0.9718218650371945 0.06356608072916667 0.01487778958554729
0 0.030659993489583332 0.9925445005313497 0.032999674479166664 0.01487778958554729
