1 0.5 0.03453772582359192 1.0 0.06907545164718384
8 0.16988932291666667 0.03453772582359192 0.0689453125 0.06907545164718384
8 0.17041015625 0.03506907545164718 0.0595703125 0.031880977683315624
1 0.17041015625 0.03506907545164718 0.0595703125 0.031880977683315624
0 0.2673828125 0.03453772582359192 0.0625 0.06907545164718384
0 0.3304036458333333 0.03453772582359192 0.0625 0.06907545164718384
0 0.3934244791666667 0.03453772582359192 0.0625 0.06907545164718384
0 0.4564453125 0.03453772582359192 0.0625 0.06907545164718384
0 0.5194661458333333 0.03453772582359192 0.0625 0.06907545164718384
0 0.5824869791666667 0.03453772582359192 0.0625 0.06907545164718384
0 0.6455078125 0.03453772582359192 0.0625 0.06907545164718384
0 0.7085286458333333 0.03453772582359192 0.0625 0.06907545164718384
0 0.7715494791666667 0.03453772582359192 0.0625 0.06907545164718384
0 0.8658203125 0.03453772582359192 0.0625 0.06907545164718384
0 0.9600911458333333 0.03453772582359192 0.0625 0.06907545164718384
0 0.9959309895833334 0.03453772582359192 0.008138020833333334 0.06907545164718384
0 0.16302083333333334 0.0924548352816153 0.041666666666666664 0.04675876726886291
1 0.8333333333333334 0.0924548352816153 0.010416666666666666 0.04675876726886291
2 0.8747395833333333 0.0924548352816153 0.024479166666666666 0.04250797024442083
1 0.8716145833333333 0.0924548352816153 0.018229166666666668 0.04250797024442083
0 0.21766764322916668 0.09192348565356004 0.027001953125 0.04569606801275239
0 0.2535481770833333 0.09192348565356004 0.02392578125 0.04569606801275239
0 0.28336995442708335 0.09192348565356004 0.014884440104166667 0.04569606801275239
0 0.3099446614583333 0.09192348565356004 0.017431640625 0.04569606801275239
0 0.3358235677083333 0.09192348565356004 0.013492838541666666 0.04569606801275239
0 0.356689453125 0.09192348565356004 0.007405598958333333 0.04569606801275239
0 0.38167724609375 0.09192348565356004 0.021736653645833333 0.04569606801275239
0 0.42364095052083334 0.09192348565356004 0.041357421875 0.04569606801275239
0 0.8047078450520834 0.09192348565356004 0.0260009765625 0.04569606801275239
0 0.23958333333333334 0.27098831030818277 0.11458333333333333 0.03825717321997875
13 0.19375 0.27098831030818277 0.010416666666666666 0.021253985122210415
0 0.23958333333333334 0.30924548352816156 0.11458333333333333 0.03825717321997875
13 0.19375 0.30924548352816156 0.010416666666666666 0.021253985122210415
0 0.23958333333333334 0.3475026567481403 0.11458333333333333 0.03825717321997875
13 0.19375 0.3475026567481403 0.010416666666666666 0.021253985122210415
0 0.23958333333333334 0.38575982996811903 0.11458333333333333 0.03825717321997875
13 0.19375 0.38575982996811903 0.010416666666666666 0.021253985122210415
0 0.23958333333333334 0.42401700318809776 0.11458333333333333 0.03825717321997875
13 0.19375 0.42401700318809776 0.010416666666666666 0.021253985122210415
0 0.23958333333333334 0.4622741764080765 0.11458333333333333 0.03825717321997875
13 0.19375 0.4622741764080765 0.010416666666666666 0.021253985122210415
0 0.23958333333333334 0.5005313496280552 0.11458333333333333 0.03825717321997875
13 0.19375 0.5005313496280552 0.010416666666666666 0.021253985122210415
1 0.23958333333333334 0.6046758767268863 0.10208333333333333 0.03400637619553666
1 0.23958333333333334 0.6493092454835282 0.10208333333333333 0.03400637619553666
0 0.23958333333333334 0.7555791710945803 0.11458333333333333 0.03400637619553666
13 0.19375 0.7555791710945803 0.010416666666666666 0.01700318809776833
0 0.23958333333333334 0.7917109458023379 0.11458333333333333 0.03825717321997875
13 0.19375 0.7917109458023379 0.010416666666666666 0.021253985122210415
0 0.23958333333333334 0.8299681190223167 0.11458333333333333 0.03825717321997875
13 0.19375 0.8299681190223167 0.010416666666666666 0.021253985122210415
0 0.23958333333333334 0.8682252922422954 0.11458333333333333 0.03825717321997875
13 0.19375 0.8682252922422954 0.010416666666666666 0.021253985122210415
0 0.23958333333333334 0.9064824654622742 0.11458333333333333 0.03825717321997875
13 0.19375 0.9064824654622742 0.010416666666666666 0.021253985122210415
0 0.23958333333333334 0.944739638682253 0.11458333333333333 0.03825717321997875
13 0.19375 0.944739638682253 0.010416666666666666 0.021253985122210415
0 0.4791666666666667 0.42029755579171096 0.34375 0.4303931987247609
0 0.3932291666666667 0.6724727683315622 0.171875 0.07395722635494155
0 0.5651041666666666 0.6724727683315622 0.171875 0.07395722635494155
0 0.3932291666666667 0.7710713336875664 0.171875 0.07395722635494155
0 0.5651041666666666 0.7710713336875664 0.171875 0.07395722635494155
0 0.3932291666666667 0.8696698990435706 0.171875 0.07395722635494155
0 0.5651041666666666 0.8696698990435706 0.171875 0.07395722635494155
0 0.4812418619791667 0.9599827311370882 0.3187662760416667 0.031880977683315624
0 0.46442057291666666 0.9996513018065888 0.3142578125 0.0006973963868225293
0 0.7395833333333334 0.28533475026567484 0.14375 0.04994686503719448
0 0.7395833333333334 0.32678002125398514 0.14375 0.03294367693942614
0 0.7395833333333334 0.35972369819341127 0.14375 0.03294367693942614
0 0.7395833333333334 0.3926673751328374 0.14375 0.03294367693942614
0 0.7395833333333334 0.4256110520722636 0.14375 0.03294367693942614
0 0.7395833333333334 0.4670563230605739 0.14375 0.04994686503719448
0 0.7395833333333334 0.5170031880977684 0.14375 0.04994686503719448
0 0.7395833333333334 0.5584484590860787 0.14375 0.03294367693942614
0 0.7395833333333334 0.5912925079702445 0.14375 0.03274442082890542
