0 0.7315714518229167 0.019659936238044632 0.0076904296875 0.022316684378320937
0 0.27543538411458335 0.06323060573857599 0.020174153645833335 0.026965993623804464
0 0.29801839192708335 0.06323060573857599 0.0209716796875 0.026965993623804464
0 0.32052408854166664 0.06323060573857599 0.02001953125 0.026965993623804464
0 0.34242350260416665 0.06323060573857599 0.019759114583333334 0.026965993623804464
0 0.36354166666666665 0.06323060573857599 0.01845703125 0.026965993623804464
0 0.38406575520833336 0.06323060573857599 0.018570963541666666 0.026965993623804464
0 0.40373128255208335 0.06323060573857599 0.016739908854166666 0.026965993623804464
0 0.42457682291666665 0.06323060573857599 0.020930989583333334 0.026965993623804464
0 0.44729410807291664 0.06323060573857599 0.0204833984375 0.026965993623804464
0 0.46913248697916665 0.06323060573857599 0.019173177083333333 0.026965993623804464
0 0.4899088541666667 0.06323060573857599 0.018359375 0.026965993623804464
0 0.51021728515625 0.06323060573857599 0.0182373046875 0.026965993623804464
0 0.53150634765625 0.06323060573857599 0.020320638020833334 0.026965993623804464
0 0.5543904622395833 0.06323060573857599 0.021427408854166666 0.026965993623804464
0 0.5772542317708333 0.06323060573857599 0.020279947916666666 0.026965993623804464
0 0.5986653645833333 0.06323060573857599 0.018522135416666665 0.026965993623804464
0 0.6196044921875 0.06323060573857599 0.0193359375 0.026965993623804464
0 0.6401936848958333 0.06323060573857599 0.017822265625 0.026965993623804464
0 0.6605143229166667 0.06323060573857599 0.018798828125 0.026965993623804464
0 0.6811482747395833 0.06323060573857599 0.018448893229166666 0.026965993623804464
0 0.7022705078125 0.06323060573857599 0.019775390625 0.026965993623804464
0 0.7244099934895833 0.06323060573857599 0.0204833984375 0.026965993623804464
0 0.39181315104166664 0.42733793836344314 0.052083333333333336 0.10626992561105207
0 0.44590657552083335 0.42733793836344314 0.052083333333333336 0.10626992561105207
0 0.5 0.42733793836344314 0.052083333333333336 0.10626992561105207
0 0.5540934244791667 0.42733793836344314 0.052083333333333336 0.10626992561105207
0 0.6081868489583333 0.42733793836344314 0.052083333333333336 0.10626992561105207
