1 0.5 0.5 1.0 1.0
0 0.05520833333333333 0.02763018065887354 0.11041666666666666 0.05526036131774708
1 0.13710530598958334 0.02763018065887354 0.05337727864583333 0.05526036131774708
1 0.18996988932291667 0.02763018065887354 0.052351888020833334 0.05526036131774708
1 0.24595540364583332 0.02763018065887354 0.059619140625 0.05526036131774708
0 0.3114705403645833 0.02763018065887354 0.0714111328125 0.05526036131774708
0 0.9063273111979167 0.02763018065887354 0.0365478515625 0.05526036131774708
1 0.9623006184895834 0.02763018065887354 0.07539876302083333 0.05526036131774708
8 0.08125 0.5207226354941552 0.1381250063578288 0.9585547290116897
8 0.08125 0.04240170194036016 0.1381250063578288 0.08480340388072032
8 0.08125 0.09293305075764023 0.09562500317891438 0.08671625767706811
8 0.08125 0.08480339982684436 0.09562500317891438 0.001806593600039021
8 0.08125 0.2537194636118906 0.1381250063578288 0.3378321194623406
8 0.08125 0.21036131450397683 0.09562500317891438 0.33783208703133305
8 0.08125 0.21036131450397683 0.09562500317891438 0.33783208703133305
0 0.08125 0.07712539932299622 0.09562500317891438 0.028002123776961842
0 0.08125 0.10512752309995807 0.09562500317891438 0.028002123776961842
0 0.08125 0.1331296549846718 0.09562500317891438 0.02800213999246563
0 0.08125 0.1611317828155096 0.09562500317891438 0.02800211566920995
0 0.08125 0.18913390659247145 0.09562500317891438 0.028002131884713736
0 0.08125 0.21713603036943327 0.09562500317891438 0.02800211566920995
0 0.08125 0.24513815414639512 0.09562500317891438 0.028002131884713736
0 0.08125 0.27314028603110885 0.09562500317891438 0.028002131884713736
0 0.08125 0.3011424179158226 0.09562500317891438 0.028002131884713736
0 0.08125 0.34901700643119854 0.09562500317891438 0.028002131884713736
13 0.10784708658854167 0.3485653560042508 0.006322431564331055 0.014452683938297024
8 0.08125 0.14035600911544815 0.09562500317891438 0.1978214762542757
0 0.08125 0.07712539932299622 0.09562500317891438 0.028002123776961842
0 0.08125 0.12500000405387596 0.09562500317891438 0.028002123776961842
0 0.08125 0.15300212377696185 0.09562500317891438 0.02800211566920995
0 0.08125 0.1810042475539237 0.09562500317891438 0.028002131884713736
0 0.08125 0.20900637943863742 0.09562500317891438 0.028002131884713736
8 0.08125 0.2004250861886457 0.09562500317891438 0.3179596304006708
0 0.08125 0.07712539932299622 0.09562500317891438 0.028002123776961842
0 0.08125 0.10512752309995807 0.09562500317891438 0.028002123776961842
0 0.08125 0.1331296549846718 0.09562500317891438 0.02800213999246563
0 0.08125 0.1611317828155096 0.09562500317891438 0.02800211566920995
0 0.08125 0.18913390659247145 0.09562500317891438 0.028002131884713736
0 0.08125 0.21713603036943327 0.09562500317891438 0.02800211566920995
0 0.08125 0.24513815414639512 0.09562500317891438 0.028002131884713736
0 0.08125 0.27314028603110885 0.09562500317891438 0.028002131884713736
0 0.08125 0.3011424179158226 0.09562500317891438 0.028002131884713736
0 0.08125 0.32914453358503254 0.09562500317891438 0.028002099453706162
1 0.3739990234375 0.5513084484590861 0.347998046875 0.05100956429330499
1 0.3739990234375 0.5513084484590861 0.347998046875 0.05100956429330499
1 0.24082438151041666 0.5513084484590861 0.08164876302083333 0.05100956429330499
