5 0.25113118489583336 0.02283142933049947 0.08914388020833333 0.01700318809776833
0 0.24910481770833334 0.02283142933049947 0.08509114583333334 0.01700318809776833
2 0.3349690755208333 0.022823126992561105 0.07853190104166667 0.030369952178533475
2 0.39451904296875 0.023578639744952178 0.036515299479166666 0.0303865568544102
1 0.7160888671875 0.023205034537725825 0.15467122395833333 0.03113376726886291
0 0.763818359375 0.02319673219978746 0.05921223958333333 0.0303865568544102
0 0.4614339192708333 0.0780585812964931 0.19951171875 0.019128586609989374
0 0.4877522786458333 0.11239705100956429 0.0822265625 0.015940488841657812
0 0.7736002604166666 0.08742361849096705 0.01953125 0.031880977683315624
0 0.7917643229166667 0.1507538522848034 0.015836588541666665 0.03400637619553666
0 0.23220621744791667 0.1507538522848034 0.06045735677083333 0.03400637619553666
0 0.30015462239583335 0.1507538522848034 0.06463216145833334 0.03400637619553666
0 0.36370849609375 0.1507538522848034 0.05166829427083333 0.03400637619553666
0 0.42440592447916664 0.1507538522848034 0.058919270833333336 0.03400637619553666
0 0.48787841796875 0.1507538522848034 0.05721842447916667 0.03400637619553666
0 0.54541015625 0.1507538522848034 0.047037760416666664 0.03400637619553666
0 0.59136962890625 0.1507538522848034 0.034073893229166666 0.03400637619553666
0 0.6401082356770833 0.1507538522848034 0.052596028645833334 0.03400637619553666
0 0.6983357747395833 0.1507538522848034 0.0530517578125 0.03400637619553666
0 0.23869222005208332 0.18794832624867164 0.07342936197916666 0.03400637619553666
0 0.3047892252604167 0.18794832624867164 0.047957356770833334 0.03400637619553666
0 0.34773356119791665 0.18794832624867164 0.0271240234375 0.03400637619553666
0 0.3986124674479167 0.18794832624867164 0.06382649739583333 0.03400637619553666
0 0.4900105794270833 0.18794832624867164 0.10816243489583334 0.03400637619553666
0 0.5790323893229167 0.18794832624867164 0.05907389322916667 0.03400637619553666
0 0.6374918619791666 0.18794832624867164 0.047037760416666664 0.03400637619553666
0 0.3972900390625 0.6380844845908608 0.15517578125 0.019128586609989374
0 0.34937744140625 0.7742926408076515 0.0481689453125 0.019128586609989374
0 0.31121419270833334 0.8933149574920297 0.10050455729166667 0.019128586609989374
0 0.282958984375 0.9188197396386822 0.08707682291666667 0.019128586609989374
1 0.26190592447916666 0.9912908475026567 0.110693359375 0.017418304994686502
0 0.26190592447916666 0.9912908475026567 0.110693359375 0.017418304994686502
0 0.7054117838541667 0.22280154091392135 0.1 0.019128586609989374
0 0.7028361002604167 0.725923219978746 0.1498779296875 0.044633368756641874
0 0.7014567057291666 0.9048718119022316 0.147119140625 0.044633368756641874
