0 0.029947916666666668 0.03772582359192349 0.0390625 0.031880977683315624
1 0.09935709635416666 0.03772582359192349 0.058089192708333334 0.07545164718384698
0 0.07529703776041667 0.19075451647183847 0.07059733072916667 0.024442082890541977
0 0.08301595052083334 0.3108395324123273 0.08603515625 0.024442082890541977
0 0.08083089192708333 0.43092454835281613 0.0816650390625 0.024442082890541977
0 0.28172607421875 0.19075451647183847 0.055948893229166664 0.024442082890541977
0 0.2794189453125 0.3108395324123273 0.05133463541666667 0.024442082890541977
0 0.27880452473958334 0.43092454835281613 0.05010579427083333 0.024442082890541977
0 0.40348714192708335 0.19075451647183847 0.0207275390625 0.024442082890541977
0 0.4128173828125 0.3108395324123273 0.039388020833333336 0.024442082890541977
0 0.7334676106770833 0.19075451647183847 0.06693522135416667 0.024442082890541977
0 0.72869873046875 0.3108395324123273 0.0573974609375 0.024442082890541977
0 0.7383870442708333 0.43092454835281613 0.07677408854166666 0.024442082890541977
1 0.16044921875 0.03772582359192349 0.06409505208333334 0.07545164718384698
0 0.08195393880208333 0.19075451647183847 0.0839111328125 0.024442082890541977
0 0.06523844401041666 0.3108395324123273 0.05048014322916667 0.024442082890541977
0 0.08711751302083333 0.43092454835281613 0.09423828125 0.024442082890541977
0 0.20799967447916667 0.19075451647183847 0.05725911458333333 0.024442082890541977
0 0.21971028645833332 0.3108395324123273 0.08068033854166666 0.024442082890541977
0 0.43261311848958334 0.19075451647183847 0.0727294921875 0.024442082890541977
0 0.4188924153645833 0.3108395324123273 0.0452880859375 0.024442082890541977
0 0.44639485677083335 0.43092454835281613 0.10029296875 0.024442082890541977
0 0.7523193359375 0.19075451647183847 0.104638671875 0.024442082890541977
0 0.72603759765625 0.3108395324123273 0.0520751953125 0.024442082890541977
0 0.7236979166666667 0.43092454835281613 0.04739583333333333 0.024442082890541977
1 0.22642822265625 0.03772582359192349 0.06786295572916666 0.07545164718384698
0 0.06015218098958333 0.19075451647183847 0.0403076171875 0.024442082890541977
0 0.06256917317708334 0.3108395324123273 0.0451416015625 0.024442082890541977
0 0.09192301432291666 0.43092454835281613 0.10384928385416667 0.024442082890541977
0 0.2572265625 0.19075451647183847 0.054459635416666666 0.024442082890541977
0 0.2720255533854167 0.3108395324123273 0.0840576171875 0.024442082890541977
0 0.44683837890625 0.19075451647183847 0.0536865234375 0.024442082890541977
0 0.4790445963541667 0.3108395324123273 0.11809895833333334 0.024442082890541977
0 0.46383870442708336 0.43092454835281613 0.08768717447916667 0.024442082890541977
0 0.825 0.3832442215727949 0.25 0.40942149309245485
0 0.2806599934895833 0.03772582359192349 0.0406005859375 0.07545164718384698
0 0.34240315755208334 0.03772582359192349 0.056844075520833336 0.07545164718384698
0 0.3981404622395833 0.03772582359192349 0.05463053385416667 0.07545164718384698
1 0.8573811848958334 0.03772582359192349 0.011458333333333333 0.023379383634431455
0 0.8920369466145833 0.03772582359192349 0.023478190104166668 0.021253985122210415
0 0.9508463541666666 0.03772582359192349 0.07747395833333333 0.04250797024442083
1 0.4999918619791667 0.7939027630180658 0.11005859375 0.06376195536663125
1 0.49921061197916666 0.7939027630180658 0.06891276041666666 0.031880977683315624
1 0.5438232421875 0.7939027630180658 0.009895833333333333 0.020191285866099893
1 0.8351367314656576 0.21655479374398082 0.1900000254313151 0.38767270808772253
1 0.9739583333333334 0.053134962805526036 0.010416666666666666 0.021253985122210415
1 0.00999755859375 0.8418155552603613 0.0199951171875 0.18363111052072265
