0 0.56456298828125 0.9659936238044633 0.0178955078125 0.019128586609989374
0 0.6097452799479167 0.9659936238044633 0.05118001302083333 0.03825717321997875
1 0.6097452799479167 0.9659936238044633 0.05118001302083333 0.03825717321997875
0 0.190625 0.05951115834218916 0.08958333333333333 0.04250797024442083
0 0.53653564453125 0.05951115834218916 0.057820638020833336 0.05100956429330499
0 0.62052001953125 0.05951115834218916 0.08514811197916666 0.05100956429330499
0 0.718505859375 0.05951115834218916 0.08582356770833334 0.05100956429330499
0 0.8140421549479167 0.05951115834218916 0.0802490234375 0.05100956429330499
0 0.18435465494791667 0.15727948990435706 0.07704264322916667 0.025504782146652496
0 0.26166178385416666 0.15727948990435706 0.07652994791666666 0.025504782146652496
0 0.33032633463541666 0.15727948990435706 0.05975748697916667 0.025504782146652496
0 0.39959716796875 0.15727948990435706 0.0777587890625 0.025504782146652496
0 0.50018310546875 0.15727948990435706 0.12237141927083334 0.025504782146652496
0 0.61912841796875 0.15727948990435706 0.1144775390625 0.025504782146652496
0 0.7433837890625 0.15727948990435706 0.13299153645833334 0.025504782146652496
0 0.27409261067708335 0.5398512221041445 0.13360188802083334 0.05100956429330499
1 0.27409261067708335 0.5398512221041445 0.13360188802083334 0.05100956429330499
0 0.5774576822916667 0.5398512221041445 0.08824869791666666 0.05100956429330499
1 0.5774576822916667 0.5398512221041445 0.08824869791666666 0.05100956429330499
0 0.25761311848958335 0.9351753453772582 0.10064290364583334 0.05100956429330499
1 0.25761311848958335 0.9351753453772582 0.10064290364583334 0.05100956429330499
0 0.5789876302083333 0.8756641870350691 0.09130859375 0.05100956429330499
1 0.5789876302083333 0.8756641870350691 0.09130859375 0.05100956429330499
0 0.59915771484375 0.9351753453772582 0.13164876302083334 0.05100956429330499
1 0.59915771484375 0.9351753453772582 0.13164876302083334 0.05100956429330499
