0 0.2950797478357951 0.015409139213602551 0.09877928098042806 0.030818278427205102
0 0.1953125 0.04675876726886291 0.057291666666666664 0.09351753453772582
1 0.43612874348958336 0.04675876726886291 0.08246256510416666 0.03825717321997875
8 0.44768880208333334 0.3942614240170032 0.1024152119954427 0.583443166345643
11 0.44768880208333334 0.1520191196680829 0.07210273742675781 0.03710946418527082
0 0.44768880208333334 0.1520191196680829 0.07210273742675781 0.03710946418527082
11 0.44768880208333334 0.20046757891631659 0.07210273742675781 0.03710945607751893
0 0.44768880208333334 0.20046757891631659 0.07210273742675781 0.03710945607751893
11 0.44768880208333334 0.2489160422184262 0.07210273742675781 0.037109472293022715
0 0.44768880208333334 0.2489160422184262 0.07210273742675781 0.037109472293022715
11 0.44768880208333334 0.2973644974127839 0.07210273742675781 0.037109472293022715
0 0.44768880208333334 0.2973644974127839 0.07210273742675781 0.037109472293022715
11 0.44768880208333334 0.34581296882264545 0.07210273742675781 0.03710943986201514
0 0.44768880208333334 0.34581296882264545 0.07210273742675781 0.03710943986201514
11 0.44768880208333334 0.3942614240170032 0.07210273742675781 0.03710943986201514
0 0.44768880208333334 0.3942614240170032 0.07210273742675781 0.03710943986201514
11 0.44768880208333334 0.4427098792113609 0.07210273742675781 0.03710943986201514
0 0.44768880208333334 0.4427098792113609 0.07210273742675781 0.03710943986201514
11 0.44768880208333334 0.49115835062122243 0.07210273742675781 0.037109472293022715
0 0.44768880208333334 0.49115835062122243 0.07210273742675781 0.037109472293022715
11 0.44768880208333334 0.5396067896000764 0.07210273742675781 0.03710943986201514
0 0.44768880208333334 0.5396067896000764 0.07210273742675781 0.03710943986201514
11 0.44768880208333334 0.5880552772254417 0.07210273742675781 0.03710943986201514
0 0.44768880208333334 0.5880552772254417 0.07210273742675781 0.03710943986201514
11 0.44768880208333334 0.6365037324197994 0.07210273742675781 0.03710950472403029
0 0.44768880208333334 0.6365037324197994 0.07210273742675781 0.03710950472403029
1 0.5349650065104167 0.04675876726886291 0.08187662760416667 0.03825717321997875
8 0.546826171875 0.1944739557604734 0.1024309794108073 0.19585545992876593
11 0.546826171875 0.14602550056611566 0.0721185048421224 0.03710945607751893
0 0.546826171875 0.14602550056611566 0.0721185048421224 0.03710945607751893
11 0.546826171875 0.1944739638682253 0.0721185048421224 0.03710943986201514
0 0.546826171875 0.1944739638682253 0.0721185048421224 0.03710943986201514
11 0.546826171875 0.2429224352780868 0.0721185048421224 0.037109472293022715
0 0.546826171875 0.2429224352780868 0.0721185048421224 0.037109472293022715
1 0.63060302734375 0.04675876726886291 0.07606608072916667 0.03825717321997875
8 0.6477864583333334 0.24442081268991597 0.10712000528971354 0.2927523703174814
11 0.6477864583333334 0.14752390635507645 0.07680740356445312 0.03710946418527082
0 0.6477864583333334 0.14752390635507645 0.07680740356445312 0.03710946418527082
11 0.6477864583333334 0.19597236560331013 0.07680740356445312 0.03710945607751893
0 0.6477864583333334 0.19597236560331013 0.07680740356445312 0.03710945607751893
11 0.6477864583333334 0.24442083701317166 0.07680740356445312 0.03710945607751893
0 0.6477864583333334 0.24442083701317166 0.07680740356445312 0.03710945607751893
11 0.6477864583333334 0.29286928409977747 0.07680740356445312 0.03710943986201514
0 0.6477864583333334 0.29286928409977747 0.07680740356445312 0.03710943986201514
11 0.6477864583333334 0.341317755509639 0.07680740356445312 0.037109472293022715
0 0.6477864583333334 0.341317755509639 0.07680740356445312 0.037109472293022715
1 0.7144694010416667 0.04675876726886291 0.016666666666666666 0.039319872476089264
2 0.732177734375 0.04675876726886291 0.005208333333333333 0.025504782146652496
1 0.7504069010416666 0.04675876726886291 0.017708333333333333 0.05100956429330499
1 0.7853597005208334 0.04675876726886291 0.095947265625 0.09351753453772582
0 0.7853597005208334 0.04675876726886291 0.095947265625 0.053134962805526036
0 0.5760335286458333 0.13602550478214664 0.08152669270833333 0.025504782146652496
1 0.9854166666666667 0.13602550478214664 0.016666666666666666 0.03400637619553666
1 0.2761474609375 0.7279489904357067 0.105419921875 0.053134962805526036
