1 0.3671875 0.08501594048884166 0.103125 0.02763018065887354
1 0.3223958333333333 0.08501594048884166 0.013541666666666667 0.02763018065887354
1 0.33958333333333335 0.07120085015940489 0.04791666666666667 0.023379383634431455
1 0.3223958333333333 0.09564293304994687 0.013541666666666667 0.02763018065887354
1 0.33958333333333335 0.09564293304994687 0.013541666666666667 0.02763018065887354
1 0.3567708333333333 0.09564293304994687 0.013541666666666667 0.02763018065887354
1 0.39479166666666665 0.07120085015940489 0.04791666666666667 0.023379383634431455
1 0.3776041666666667 0.09564293304994687 0.013541666666666667 0.02763018065887354
1 0.39479166666666665 0.09564293304994687 0.013541666666666667 0.02763018065887354
1 0.4119791666666667 0.09564293304994687 0.013541666666666667 0.02763018065887354
2 0.35989583333333336 0.08501594048884166 0.10104166666666667 0.04675876726886291
1 0.2916666666666667 0.16837141339001063 0.041666666666666664 0.02975557917109458
1 0.3026041666666667 0.16837141339001063 0.013541666666666667 0.02763018065887354
1 0.2828125 0.16837141339001063 0.013541666666666667 0.02763018065887354
1 0.8479166666666667 0.0818278427205101 0.30416666666666664 0.06588735387885228
1 0.7124104817708333 0.06588735387885228 0.033154296875 0.03400637619553666
1 0.7208658854166666 0.06588735387885228 0.050065104166666666 0.03400637619553666
