0 0.17552083333333332 0.09776833156216791 0.18229166666666666 0.04250797024442083
0 0.17552083333333332 0.09776833156216791 0.18229166666666666 0.04250797024442083
0 0.17552083333333332 0.09776833156216791 0.18229166666666666 0.04250797024442083
0 0.12682291666666667 0.03719447396386823 0.0328125 0.03825717321997875
1 0.8984375 0.03719447396386823 0.020833333333333332 0.04250797024442083
1 0.8602498372395834 0.03719447396386823 0.0399169921875 0.03144925611052072
0 0.7945109049479167 0.03719447396386823 0.06551920572916667 0.018696865037194473
0 0.7148193359375 0.03719447396386823 0.06990559895833333 0.018696865037194473
0 0.24456787109375 0.03718617162592986 0.0411865234375 0.016355605738575984
0 0.28640950520833336 0.03718617162592986 0.026871744791666666 0.016355605738575984
0 0.337646484375 0.03718617162592986 0.059977213541666664 0.016355605738575984
1 0.1546875 0.03719447396386823 0.020833333333333332 0.04250797024442083
1 0.6876790364583333 0.03719447396386823 0.020833333333333332 0.04250797024442083
1 0.8698933919270834 0.09648977151965994 0.07792154947916667 0.03144925611052072
0 0.16405436197916667 0.14196997874601489 0.15935872395833334 0.04250797024442083
0 0.5 0.4905353347502657 0.8333333333333334 0.7438894792773645
0 0.4568074544270833 0.6847436238044633 0.4917399088541667 0.11540249734325186
0 0.2786458333333333 0.8498771253985122 0.08333333333333333 0.09564293304994687
0 0.41015625 0.8309311902231669 0.1640625 0.05775106269925611
0 0.5494791666666666 0.8498771253985122 0.08333333333333333 0.09564293304994687
0 0.6809895833333334 0.8449538390010627 0.1640625 0.08579636025504782
