1 0.018229166666666668 0.9628055260361318 0.022916666666666665 0.04675876726886291
1 0.018229166666666668 0.9628055260361318 0.022916666666666665 0.04675876726886291
0 0.00026041666666666666 0.0005313496280552603 0.0005208333333333333 0.0010626992561105207
0 0.23333333333333334 0.045513416578108395 0.052083333333333336 0.021253985122210415
8 0.42451171875 0.04782146652497343 0.2604166666666667 0.0492826780021254
11 0.32122395833333334 0.060142136025504785 0.05384114583333333 0.0739240170031881
0 0.3170572916666667 0.04782146652497343 0.0455078125 0.0492826780021254
11 0.42604166666666665 0.29577909139213604 0.45625 0.22848034006376194
0 0.3067708333333333 0.20970045164718384 0.20104166666666667 0.0563230605738576
0 0.5453125 0.20970045164718384 0.20104166666666667 0.0563230605738576
0 0.3067708333333333 0.2894028958554729 0.20104166666666667 0.077577045696068
0 0.5453125 0.2894028958554729 0.20104166666666667 0.077577045696068
0 0.3067708333333333 0.36910534006376194 0.20104166666666667 0.0563230605738576
11 0.42604166666666665 0.5587971572794899 0.45625 0.1594048884165781
0 0.3067708333333333 0.5178832359192349 0.20104166666666667 0.077577045696068
0 0.5453125 0.5178832359192349 0.20104166666666667 0.077577045696068
0 0.3067708333333333 0.5975856801275239 0.20104166666666667 0.0563230605738576
0 0.5453125 0.5975856801275239 0.20104166666666667 0.0563230605738576
0 0.7267578125 0.24585713336875664 0.078515625 0.12863642401700318
0 0.8045572916666667 0.24585713336875664 0.07708333333333334 0.12863642401700318
0 0.72723388671875 0.33993092454835283 0.0794677734375 0.025504782146652496
0 0.73145751953125 0.4617096174282678 0.0879150390625 0.01700318809776833
0 0.7158243815104167 0.49103347502656747 0.05664876302083333 0.01700318809776833
11 0.37655843098958336 0.060142136025504785 0.05682779947916667 0.0739240170031881
0 0.37239176432291665 0.04782146652497343 0.04849446614583333 0.0492826780021254
11 0.42604166666666665 0.2984358395324123 0.45625 0.23379383634431455
0 0.3046875 0.1985421094580234 0.20520833333333333 0.03400637619553666
0 0.5432291666666667 0.1985421094580234 0.20520833333333333 0.03400637619553666
0 0.3046875 0.2453008767268863 0.20520833333333333 0.03400637619553666
0 0.5432291666666667 0.2453008767268863 0.20520833333333333 0.03400637619553666
0 0.3046875 0.2920596439957492 0.20520833333333333 0.03400637619553666
0 0.5432291666666667 0.2920596439957492 0.20520833333333333 0.03400637619553666
0 0.3046875 0.3388184112646121 0.20520833333333333 0.03400637619553666
0 0.5432291666666667 0.3388184112646121 0.20520833333333333 0.03400637619553666
0 0.3046875 0.385577178533475 0.20520833333333333 0.03400637619553666
0 0.5432291666666667 0.385577178533475 0.20520833333333333 0.03400637619553666
0 0.3046875 0.5014113974495218 0.20520833333333333 0.03400637619553666
0 0.3046875 0.5481701647183846 0.20520833333333333 0.03400637619553666
0 0.3046875 0.5949289319872476 0.20520833333333333 0.03400637619553666
0 0.5432291666666667 0.5014113974495218 0.20520833333333333 0.03400637619553666
0 0.5432291666666667 0.5481701647183846 0.20520833333333333 0.03400637619553666
0 0.5432291666666667 0.5949289319872476 0.20520833333333333 0.03400637619553666
0 0.8208292643229167 0.2006675079702444 0.2583251953125 0.03825717321997875
0 0.8208292643229167 0.2559278692879915 0.2583251953125 0.03825717321997875
0 0.8208292643229167 0.3111882306057386 0.2583251953125 0.03825717321997875
0 0.8208292643229167 0.36644859192348567 0.2583251953125 0.03825717321997875
0 0.8208292643229167 0.42170895324123275 0.2583251953125 0.03825717321997875
0 0.8208292643229167 0.4769693145589798 0.2583251953125 0.03825717321997875
11 0.4271728515625 0.04782146652497343 0.04440104166666667 0.0492826780021254
0 0.42300618489583336 0.04782146652497343 0.03606770833333333 0.0492826780021254
11 0.47992350260416666 0.060142136025504785 0.06110026041666667 0.0739240170031881
0 0.4757568359375 0.04782146652497343 0.05276692708333333 0.0492826780021254
0 0.3046875 0.20970045164718384 0.20520833333333333 0.0563230605738576
0 0.3046875 0.2787759032943677 0.20520833333333333 0.0563230605738576
0 0.5432291666666667 0.20970045164718384 0.20520833333333333 0.0563230605738576
11 0.42604166666666665 0.4355240435706695 0.45625 0.09351753453772582
0 0.3046875 0.4057684643995749 0.20520833333333333 0.03400637619553666
0 0.5432291666666667 0.4057684643995749 0.20520833333333333 0.03400637619553666
0 0.3046875 0.45252723166843783 0.20520833333333333 0.03400637619553666
0 0.78125 0.3780303533475027 0.1875 0.3929828639744952
11 0.6148966471354167 0.04782146652497343 0.04424641927083333 0.036131774707757705
0 0.6148966471354167 0.04782146652497343 0.04424641927083333 0.036131774707757705
1 0.6787434895833333 0.04782146652497343 0.070947265625 0.040382571732199786
0 0.6787434895833333 0.04782146652497343 0.070947265625 0.040382571732199786
1 0.7565877278645833 0.04782146652497343 0.0722412109375 0.040382571732199786
0 0.7565877278645833 0.04782146652497343 0.0722412109375 0.040382571732199786
0 0.45453287760416666 0.40478878852284805 0.08557942708333334 0.0669500531349628
0 0.54669189453125 0.4061171625929862 0.08311360677083333 0.0696068012752391
5 0.5 0.7057485387885228 0.4666666666666667 0.09351753453772582
2 0.49583333333333335 0.7216890276301806 0.4583333333333333 0.061636556854410204
1 0.3323893229166667 0.814143862911796 0.1314453125 0.05951115834218916
8 0.975 0.9723698193411264 0.04479166666666667 0.044633368756641874
8 0.975 0.9723698193411264 0.04479166666666667 0.044633368756641874
0 0.9751912434895833 0.9723698193411264 0.0444091796875 0.040382571732199786
0 0.9453125 0.8055260361317748 0.09166666666666666 0.03400637619553666
0 0.9453125 0.8437832093517534 0.09166666666666666 0.03400637619553666
0 0.9453125 0.8820403825717322 0.09166666666666666 0.03400637619553666
0 0.9453125 0.9202975557917109 0.09166666666666666 0.03400637619553666
0 0.34702962239583335 0.9718384697130712 0.042985026041666666 0.020191285866099893
1 0.8832600911458334 0.9473963868225292 0.06640625 0.044633368756641874
1 0.9482340494791667 0.9473963868225292 0.046875 0.044633368756641874
1 0.9856250127156575 0.9077444208289054 0.022916666666666665 0.031880977683315624
