0 0.21432291666666667 0.021253985122210415 0.07864583333333333 0.021253985122210415
0 0.5350301106770833 0.022374800743889478 0.07836100260416666 0.044749601487778956
13 0.5000162760416667 0.022366498405951115 0.008333333333333333 0.017567747077577047
0 0.60430908203125 0.022374800743889478 0.0435302734375 0.044749601487778956
0 0.6484456380208333 0.022374800743889478 0.028076171875 0.044749601487778956
1 0.6881306966145834 0.022374800743889478 0.034627278645833336 0.044749601487778956
0 0.6922932942708333 0.0644095377258236 0.008333333333333333 0.04782146652497343
0 0.6922932942708333 0.11223100425079703 0.008333333333333333 0.04782146652497343
0 0.6922932942708333 0.16005247077577045 0.008333333333333333 0.04782146652497343
1 0.7394083658854167 0.022374800743889478 0.05126139322916667 0.044749601487778956
11 0.7435709635416666 0.0644095377258236 0.008333333333333333 0.04782146652497343
0 0.7435709635416666 0.11223100425079703 0.008333333333333333 0.04782146652497343
0 0.7435709635416666 0.15261357598299682 0.008333333333333333 0.03294367693942614
1 0.7866861979166667 0.022374800743889478 0.026627604166666666 0.044749601487778956
0 0.7908528645833334 0.056970642933049945 0.008333333333333333 0.03294367693942614
0 0.7908528645833334 0.08991431987247608 0.008333333333333333 0.03294367693942614
0 0.7908528645833334 0.13029689160467586 0.008333333333333333 0.04782146652497343
0 0.7908528645833334 0.1781183581296493 0.008333333333333333 0.04782146652497343
0 0.7908528645833334 0.22593982465462273 0.008333333333333333 0.04782146652497343
0 0.7908528645833334 0.26632239638682254 0.008333333333333333 0.03294367693942614
0 0.7908528645833334 0.3067049681190223 0.008333333333333333 0.04782146652497343
0 0.7908528645833334 0.3470875398512221 0.008333333333333333 0.03294367693942614
0 0.7908528645833334 0.3800312167906483 0.008333333333333333 0.03294367693942614
0 0.7908528645833334 0.42041378852284805 0.008333333333333333 0.04782146652497343
1 0.8145833333333333 0.022374800743889478 0.0125 0.044749601487778956
1 0.8145833333333333 0.022366498405951115 0.0125 0.039319872476089264
0 0.858544921875 0.4177570403825717 0.03375651041666667 0.07013815090329437
0 0.8513956705729167 0.4921459883103082 0.0194580078125 0.07013815090329437
0 0.85059814453125 0.5665349362380446 0.017862955729166668 0.07013815090329437
0 0.8512369791666666 0.640923884165781 0.019140625 0.07013815090329437
0 0.8485026041666667 0.7153128320935175 0.013671875 0.07013815090329437
0 0.8557861328125 0.789701780021254 0.028238932291666668 0.07013815090329437
0 0.850537109375 0.8640907279489904 0.017740885416666668 0.07013815090329437
0 0.8531901041666666 0.9384796758767269 0.023046875 0.07013815090329437
0 0.8537882486979167 0.9888997741764081 0.0242431640625 0.022200451647183848
0 0.20766194661458334 0.07450518065887354 0.056990559895833334 0.05100956429330499
0 0.28225504557291664 0.07450518065887354 0.07552897135416667 0.05100956429330499
0 0.3501708984375 0.07450518065887354 0.04363606770833333 0.05100956429330499
0 0.4152018229166667 0.07450518065887354 0.06975911458333334 0.05100956429330499
0 0.475390625 0.07450518065887354 0.033951822916666666 0.05100956429330499
0 0.51934814453125 0.07450518065887354 0.03729654947916667 0.05100956429330499
0 0.5578450520833333 0.07450518065887354 0.023030598958333332 0.05100956429330499
0 0.6004231770833334 0.07450518065887354 0.045458984375 0.05100956429330499
1 0.8119791666666667 0.07344248140276302 0.026041666666666668 0.053134962805526036
0 0.4533935546875 0.12764014346439959 0.038492838541666664 0.021253985122210415
1 0.18375651041666666 0.3609026301806589 0.017513020833333334 0.03400637619553666
1 0.26286214192708335 0.47886224760892665 0.09486490885416667 0.06376195536663125
1 0.26286214192708335 0.47886224760892665 0.0906982421875 0.05526036131774708
1 0.26286214192708335 0.47886224760892665 0.0719482421875 0.05100956429330499
1 0.26286214192708335 0.47886224760892665 0.0719482421875 0.021253985122210415
1 0.8389404296875 0.42826780021253985 0.07542317708333333 0.06376195536663125
1 0.8389404296875 0.42826780021253985 0.07125651041666667 0.05526036131774708
1 0.8389404296875 0.42826780021253985 0.052506510416666666 0.05100956429330499
1 0.8389404296875 0.42826780021253985 0.052506510416666666 0.021253985122210415
1 0.8162353515625 0.3609026301806589 0.017513020833333334 0.03400637619553666
1 0.4583333333333333 0.5973532146652497 0.015625 0.031880977683315624
1 0.4583333333333333 0.5973532146652497 0.007291666666666667 0.01487778958554729
1 0.4822916666666667 0.5973532146652497 0.015625 0.031880977683315624
1 0.4822916666666667 0.5973532146652497 0.007291666666666667 0.01487778958554729
1 0.50625 0.5973532146652497 0.015625 0.031880977683315624
1 0.50625 0.5973532146652497 0.007291666666666667 0.01487778958554729
1 0.5359375 0.5973532146652497 0.035416666666666666 0.061636556854410204
0 0.2625 0.848092122741764 0.22291666666666668 0.30381575451647186
1 0.19441324869791668 0.9857116764080766 0.06903483072916666 0.028576647183846973
1 0.19441324869791668 0.9857116764080766 0.06903483072916666 0.028576647183846973
1 0.19441324869791668 0.986774375664187 0.05028483072916667 0.02645124867162593
1 0.19441324869791668 0.9942132704569607 0.05028483072916667 0.01157345908607864
0 0.49375 0.848092122741764 0.22291666666666668 0.30381575451647186
0 0.725 0.848092122741764 0.22291666666666668 0.30381575451647186
1 0.6487263997395833 0.9974013682252922 0.0526611328125 0.005197263549415515
1 0.6487263997395833 0.9974013682252922 0.0526611328125 0.005197263549415515
1 0.6487263997395833 0.9984640674814028 0.0339111328125 0.003071865037194474
1 0.9734375 0.8862911795961743 0.028125 0.057385759829968117
0 0.4871012369791667 0.2519593517534538 0.34816080729166665 0.040382571732199786
1 0.5 0.49850557917109456 0.384375 0.044633368756641874
1 0.6673055013020833 0.49850557917109456 0.0445556640625 0.03400637619553666
1 0.62320556640625 0.49850557917109456 0.0332275390625 0.03400637619553666
1 0.35284830729166666 0.13612513283740701 0.08486328125 0.02975557917109458
