0 0.16875 0.3985122210414453 0.08333333333333333 0.08501594048884166
0 0.24049886067708334 0.39744952178533477 0.0393310546875 0.02975557917109458
0 0.30705159505208335 0.3985122210414453 0.0593994140625 0.026036131774707757
0 0.3887410481770833 0.3985122210414453 0.0696044921875 0.026036131774707757
0 0.47010904947916665 0.39744952178533477 0.058756510416666664 0.02975557917109458
0 0.8607462565104167 0.3969181721572795 0.0243408203125 0.026036131774707757
5 0.06828206380208333 0.41009398246546225 0.024894205729166667 0.025288921360255047
2 0.09791666666666667 0.40913921360255046 0.017708333333333333 0.04250797024442083
1 0.1171875 0.40913921360255046 0.020833333333333332 0.04250797024442083
0 0.1139404296875 0.5174183049946866 0.027327473958333334 0.06778028692879914
0 0.2612833658854167 0.48788688894792775 0.20590006510416667 0.025288921360255047
0 0.5156209309895833 0.48788688894792775 0.20590006510416667 0.025288921360255047
0 0.76995849609375 0.48788688894792775 0.20590006510416667 0.025288921360255047
0 0.5953125 0.8321765409139213 0.17395833333333333 0.06518995749202976
0 0.5953125 0.998057252922423 0.17395833333333333 0.0038854941551540916
0 0.7541666666666667 0.9217919766206164 0.08033854166666667 0.04250797024442083
1 0.975 0.8733395324123273 0.016666666666666666 0.03400637619553666
