0 0.07213541666666666 0.13229775504782146 0.12135416666666667 0.1391969978746015
0 0.07213541666666666 0.23324588204038257 0.12135416666666667 0.05419766206163656
0 0.21223958333333334 0.13229775504782146 0.12135416666666667 0.1391969978746015
0 0.21223958333333334 0.22421293836344314 0.12135416666666667 0.036131774707757705
0 0.35234375 0.13229775504782146 0.12135416666666667 0.1391969978746015
0 0.35234375 0.22421293836344314 0.12135416666666667 0.036131774707757705
0 0.49244791666666665 0.13229775504782146 0.12135416666666667 0.1391969978746015
0 0.49244791666666665 0.23324588204038257 0.12135416666666667 0.05419766206163656
0 0.6325520833333333 0.13229775504782146 0.12135416666666667 0.1391969978746015
0 0.6325520833333333 0.22421293836344314 0.12135416666666667 0.036131774707757705
0 0.77265625 0.13229775504782146 0.12135416666666667 0.1391969978746015
0 0.77265625 0.22421293836344314 0.12135416666666667 0.036131774707757705
0 0.9127604166666666 0.13229775504782146 0.12135416666666667 0.1391969978746015
0 0.9127604166666666 0.22421293836344314 0.12135416666666667 0.036131774707757705
0 0.99609375 0.13229775504782146 0.0078125 0.1391969978746015
0 0.99609375 0.23324588204038257 0.0078125 0.05419766206163656
1 0.016666666666666666 0.34643995749202977 0.0125 0.025504782146652496
1 0.5 0.34643995749202977 0.0875 0.022316684378320937
1 0.5 0.34643995749202977 0.0875 0.022316684378320937
1 0.902392578125 0.34643995749202977 0.011458333333333333 0.02763018065887354
1 0.902392578125 0.3443145589798087 0.011458333333333333 0.023379383634431455
0 0.9265706380208333 0.34643995749202977 0.020231119791666665 0.01487778958554729
1 0.9673014322916667 0.34643995749202977 0.04456380208333333 0.036131774707757705
0 0.3251871744791667 0.3953241232731137 0.057666015625 0.015940488841657812
0 0.37668050130208336 0.3953241232731137 0.021248372395833333 0.015940488841657812
0 0.4153035481770833 0.3953241232731137 0.03192545572916667 0.015940488841657812
0 0.4729817708333333 0.3953241232731137 0.05935872395833333 0.015940488841657812
0 0.52215576171875 0.3953241232731137 0.0149169921875 0.015940488841657812
0 0.5606363932291667 0.3953241232731137 0.03797200520833333 0.015940488841657812
0 0.6046346028645834 0.3953241232731137 0.0259521484375 0.015940488841657812
0 0.6481689453125 0.3953241232731137 0.03704427083333333 0.015940488841657812
0 0.6911661783854167 0.3953241232731137 0.0248779296875 0.015940488841657812
1 0.9732014973958333 0.39585547290116896 0.032763671875 0.01381509032943677
0 0.49999593098958334 0.4718384697130712 0.5608805338541667 0.04250797024442083
0 0.5 0.6046758767268863 0.5202311197916667 0.1806588735387885
0 0.5 0.79596174282678 0.5158203125 0.1594048884165781
0 0.49999593098958334 0.9287991498405951 0.5490966796875 0.06376195536663125
0 0.8072916666666666 0.9691817215727949 0.014583333333333334 0.03400637619553666
