1 0.07522786458333333 0.04833621147715197 0.06712239583333333 0.05270324123273114
2 0.16920572916666668 0.04833621147715197 0.10416666666666667 0.03400637619553666
0 0.4999918619791667 0.04584551009564293 0.03125 0.057684643995749206
1 0.7652994791666666 0.047240302869287994 0.09327799479166667 0.05270324123273114
1 0.850537109375 0.047240302869287994 0.077197265625 0.05270324123273114
0 0.92060546875 0.04778825717321998 0.062939453125 0.05379914984059511
2 0.029166666666666667 0.12994819341126462 0.008333333333333333 0.04250797024442083
1 0.041666666666666664 0.12994819341126462 0.008333333333333333 0.01700318809776833
1 0.11156412760416666 0.46462373804463336 0.114794921875 0.048967189160467585
1 0.11087646484375 0.7118922688629118 0.11341959635416667 0.033142933049946866
1 0.16269938151041666 0.7182684643995749 0.013822174072265625 0.02820252308049947
1 0.31955159505208336 0.7118922688629118 0.0849365234375 0.033142933049946866
1 0.3571695963541667 0.7182684643995749 0.013718605041503906 0.02799120263516206
1 0.5281778971354166 0.7118922688629118 0.056355794270833336 0.033142933049946866
1 0.5515787760416667 0.7182684643995749 0.013511403401692709 0.027568561744487248
1 0.9338541666666667 0.7027430924548352 0.026041666666666668 0.053134962805526036
1 0.9703125 0.7027430924548352 0.026041666666666668 0.053134962805526036
1 0.7802083333333333 0.8893796493092455 0.11458333333333333 0.023811105207226353
1 0.8327067057291667 0.8893796493092455 0.01355743408203125 0.027662481942414986
0 0.32916666666666666 0.9907179861849097 0.3333333333333333 0.018564027630180658
0 0.5895833333333333 0.9907179861849097 0.17083333333333334 0.018564027630180658
0 0.75625 0.9907179861849097 0.1625 0.018564027630180658
