1 0.5 0.29914984059511157 0.2 0.14240170031880978
1 0.5 0.24601487778958556 0.18645833333333334 0.025504782146652496
1 0.5 0.29914984059511157 0.18645833333333334 0.025504782146652496
1 0.5 0.3522848034006376 0.18645833333333334 0.025504782146652496
1 0.5 0.7412327311370882 0.2 0.036131774707757705
1 0.5 0.7412327311370882 0.18645833333333334 0.025504782146652496
1 0.9786376953125 0.026567481402763018 0.017708333333333333 0.036131774707757705
1 0.9212158203125 0.08076514346439957 0.044270833333333336 0.036131774707757705
1 0.96959228515625 0.08076514346439957 0.0358154296875 0.036131774707757705
1 0.19114583333333332 0.35812964930924546 0.057291666666666664 0.044633368756641874
1 0.2484375 0.35812964930924546 0.057291666666666664 0.044633368756641874
0 0.14569498697916666 0.9776833156216791 0.045914713541666666 0.019128586609989374
1 0.7374430338541667 0.936769394261424 0.06510416666666667 0.04209285334750266
1 0.8025472005208333 0.9378320935175345 0.06510416666666667 0.044218251859723695
1 0.9833333333333333 0.9373007438894793 0.022916666666666665 0.04675876726886291
