0 0.12897135416666666 0.05951115834218916 0.19127604166666667 0.05100956429330499
0 0.4057413736979167 0.05781748140276302 0.05620930989583333 0.033142933049946866
0 0.4942138671875 0.05781748140276302 0.07073567708333334 0.033142933049946866
8 0.5716227213541667 0.05951115834218916 0.03408203125 0.03653028692879915
1 0.5716227213541667 0.05951115834218916 0.03408203125 0.03653028692879915
8 0.6389078776041667 0.05951115834218916 0.05048828125 0.03653028692879915
1 0.6389078776041667 0.05951115834218916 0.05048828125 0.03653028692879915
1 0.8877522786458333 0.05951115834218916 0.1578125 0.04250797024442083
1 0.9455851236979167 0.05951115834218916 0.04214680989583333 0.04250797024442083
2 0.48808186848958335 0.48224960148777896 0.23617350260416667 0.07013815090329437
1 0.6215738932291667 0.48224960148777896 0.028531901041666665 0.061636556854410204
0 0.28152669270833336 0.8549415515409139 0.058821614583333334 0.020191285866099893
1 0.17291666666666666 0.9128586609989373 0.2875 0.05526036131774708
1 0.06781412760416666 0.9128586609989373 0.077294921875 0.05100956429330499
1 0.21156412760416668 0.9128586609989373 0.210205078125 0.05526036131774708
1 0.16341145833333334 0.9128586609989373 0.09661458333333334 0.05526036131774708
1 0.268359375 0.9128586609989373 0.09661458333333334 0.05526036131774708
