0 0.05078125 0.031880977683315624 0.0859375 0.06376195536663125
0 0.16280517578125 0.031880977683315624 0.0494384765625 0.06376195536663125
0 0.20772705078125 0.031880977683315624 0.029988606770833332 0.06376195536663125
0 0.11774088541666666 0.031880977683315624 0.028190104166666667 0.06376195536663125
2 0.98125 0.031880977683315624 0.010416666666666666 0.03719447396386823
1 0.9880208333333333 0.031880977683315624 0.023958333333333335 0.06376195536663125
0 0.826171875 0.031880977683315624 0.03435872395833333 0.06376195536663125
1 0.8678792317708334 0.03134962805526036 0.049055989583333334 0.03506907545164718
0 0.94776611328125 0.031880977683315624 0.05655110677083333 0.06376195536663125
1 0.010416666666666666 0.4442082890541977 0.020833333333333332 0.04250797024442083
0 0.23749186197916666 0.6381509032943677 0.07706705729166667 0.03506907545164718
1 0.3189615885416667 0.8108395324123273 0.015625 0.031880977683315624
2 0.239013671875 0.7943676939426142 0.0005208333333333333 0.0010626992561105207
0 0.61640625 0.8119022316684378 0.024479166666666666 0.031880977683315624
0 0.18834635416666667 0.8799149840595112 0.008333333333333333 0.01700318809776833
0 0.22792154947916668 0.8809776833156217 0.066455078125 0.01487778958554729
0 0.31402587890625 0.9154821997874601 0.2634684244791667 0.028692879914984058
0 0.6348958333333333 0.8777895855472901 0.020833333333333332 0.04250797024442083
0 0.6348958333333333 0.9202975557917109 0.020833333333333332 0.04250797024442083
