0 0.14451090494791666 0.04250797024442083 0.10152180989583333 0.03732731137088204
0 0.23185628255208332 0.048884165781083955 0.039835611979166664 0.025504782146652496
0 0.2653605143229167 0.048884165781083955 0.0271728515625 0.025504782146652496
0 0.31460367838541664 0.048884165781083955 0.0713134765625 0.025504782146652496
0 0.363916015625 0.048884165781083955 0.027311197916666665 0.025504782146652496
0 0.3963216145833333 0.048884165781083955 0.0375 0.025504782146652496
1 0.43133544921875 0.048884165781083955 0.03252766927083333 0.025504782146652496
2 0.8218587239583334 0.04250797024442083 0.1171875 0.044135228480340065
1 0.8933512369791666 0.04250797024442083 0.025797526041666668 0.044135228480340065
0 0.421875 0.37832923751328373 0.45208333333333334 0.5186138416578109
0 0.734375 0.21147715196599362 0.13958333333333334 0.07438894792773645
0 0.734375 0.3198724760892667 0.13958333333333334 0.07438894792773645
0 0.734375 0.44155154091392135 0.13958333333333334 0.10095642933049948
0 0.696875 0.6121313761955367 0.015625 0.031880977683315624
0 0.7302083333333333 0.6121313761955367 0.015625 0.031880977683315624
0 0.7635416666666667 0.6121313761955367 0.015625 0.031880977683315624
0 0.265625 0.79596174282678 0.13958333333333334 0.2486384165781084
0 0.421875 0.8147084218916046 0.13958333333333334 0.2861317747077577
0 0.578125 0.81067348565356 0.13958333333333334 0.27806190223166843
0 0.734375 0.81067348565356 0.13958333333333334 0.27806190223166843
