1 0.010416666666666666 0.021253985122210415 0.020833333333333332 0.04250797024442083
0 0.06276041666666667 0.021245682784272052 0.08385416666666666 0.02293105738575983
0 0.11749674479166666 0.021253985122210415 0.025618489583333334 0.021253985122210415
0 0.14564615885416668 0.021253985122210415 0.030680338541666668 0.021253985122210415
0 0.18009440104166666 0.021253985122210415 0.03821614583333333 0.021253985122210415
0 0.21570231119791666 0.021253985122210415 0.032999674479166664 0.021253985122210415
0 0.24370930989583334 0.021253985122210415 0.023014322916666666 0.021253985122210415
0 0.2767130533854167 0.021253985122210415 0.0429931640625 0.021253985122210415
0 0.31688232421875 0.021253985122210415 0.03734537760416667 0.021253985122210415
0 0.36508382161458336 0.021253985122210415 0.0590576171875 0.021253985122210415
0 0.4195760091145833 0.021253985122210415 0.0499267578125 0.021253985122210415
0 0.46386311848958334 0.021253985122210415 0.0386474609375 0.021253985122210415
0 0.5057698567708333 0.021253985122210415 0.045166015625 0.021253985122210415
1 0.53486328125 0.021253985122210415 0.013020833333333334 0.04250797024442083
1 0.8955647786458333 0.021253985122210415 0.08595377604166667 0.04250797024442083
1 0.8955647786458333 0.021253985122210415 0.08595377604166667 0.04250797024442083
1 0.9588541666666667 0.021253985122210415 0.040625 0.03719447396386823
1 0.9895833333333334 0.021253985122210415 0.020833333333333332 0.04250797024442083
0 0.38888753255208336 0.3766604675876727 0.42881673177083335 0.5832890541976621
0 0.38193359375 0.5361317747077577 0.39407552083333336 0.0818278427205101
0 0.21349283854166667 0.6259298618490967 0.05719401041666667 0.01700318809776833
0 0.6379069010416667 0.09776833156216791 0.03797200520833333 0.019128586609989374
0 0.7171590169270833 0.13974495217853347 0.19647623697916666 0.05419766206163656
0 0.6493204752604167 0.19128586609989373 0.06079915364583333 0.01700318809776833
0 0.6314208984375 0.25823591923485656 0.025 0.019128586609989374
0 0.7097005208333333 0.3002125398512221 0.18155924479166666 0.05419766206163656
0 0.6466837565104167 0.3517534537725824 0.055525716145833334 0.01700318809776833
0 0.6270263671875 0.41870350690754515 0.0162109375 0.019128586609989374
0 0.7119140625 0.46068012752391074 0.185986328125 0.05419766206163656
0 0.6458699544270833 0.512221041445271 0.05389811197916667 0.01700318809776833
0 0.6314208984375 0.5791710945802337 0.025 0.019128586609989374
0 0.7213134765625 0.6211477151965994 0.20478515625 0.05419766206163656
0 0.6444580078125 0.6726886291179596 0.05107421875 0.01700318809776833
0 0.20703125 0.922422954303932 0.0328125 0.10626992561105207
0 0.3260498046875 0.8947927736450585 0.18439127604166666 0.048884165781083955
0 0.2669677734375 0.944739638682253 0.06622721354166666 0.019128586609989374
0 0.6675984700520833 0.8947927736450585 0.19300944010416668 0.048884165781083955
0 0.6074422200520834 0.944739638682253 0.07269694010416666 0.019128586609989374
0 0.79296875 0.922422954303932 0.0328125 0.10626992561105207
