0 0.03177083333333333 0.03400637619553666 0.03854166666666667 0.05951115834218916
0 0.10155436197916666 0.03400637619553666 0.094775390625 0.05951115834218916
0 0.20900065104166668 0.03400637619553666 0.0888671875 0.06801275239107332
0 0.28846842447916665 0.03400637619553666 0.070068359375 0.06801275239107332
0 0.3506062825520833 0.03400637619553666 0.05420735677083333 0.06801275239107332
0 0.39465738932291666 0.03400637619553666 0.033894856770833336 0.06801275239107332
0 0.9165568033854167 0.0334750265674814 0.053751627604166664 0.04782146652497343
0 0.96937255859375 0.0334750265674814 0.0518798828125 0.04782146652497343
0 0.6160481770833334 0.09776833156216791 0.029427083333333333 0.01700318809776833
1 0.49998779296875 0.7906482465462275 0.07533365885416667 0.048884165781083955
