1 0.9244791666666666 0.0325451647183847 0.020833333333333332 0.04250797024442083
0 0.9643229166666667 0.031880977683315624 0.044270833333333336 0.04250797024442083
4 0.51015625 0.4250797024442083 0.27447916666666666 0.048884165781083955
2 0.4597900390625 0.5005313496280552 0.066357421875 0.03825717321997875
2 0.5362711588541667 0.5005313496280552 0.07421875 0.03825717321997875
0 0.0277587890625 0.975557917109458 0.034684244791666666 0.048884165781083955
0 0.07095133463541667 0.975557917109458 0.05170084635416667 0.048884165781083955
0 0.1194091796875 0.975557917109458 0.04521484375 0.048884165781083955
0 0.18022054036458332 0.975557917109458 0.07640787760416666 0.048884165781083955
0 0.8923583984375 0.975557917109458 0.039534505208333334 0.048884165781083955
0 0.9298665364583333 0.975557917109458 0.035481770833333336 0.048884165781083955
1 0.9685953776041667 0.975557917109458 0.041975911458333334 0.048884165781083955
