0 0.3257080078125 0.021253985122210415 0.076416015625 0.023379383634431455
0 0.40419921875 0.021253985122210415 0.08056640625 0.023379383634431455
0 0.45712890625 0.021253985122210415 0.02529296875 0.023379383634431455
0 0.49569498697916664 0.021253985122210415 0.051839192708333336 0.023379383634431455
0 0.5480021158854167 0.021253985122210415 0.052775065104166664 0.023379383634431455
8 0.5861124674479167 0.019659936238044632 0.021883138020833335 0.023379383634431455
1 0.6555989583333334 0.018597236981934114 0.07161458333333333 0.03719447396386823
1 0.7020833333333333 0.018597236981934114 0.021354166666666667 0.03719447396386823
1 0.7239583333333334 0.018597236981934114 0.022395833333333334 0.03719447396386823
2 0.42406819661458334 0.09298618490967056 0.3637613932291667 0.04782146652497343
1 0.63841552734375 0.09351753453772582 0.06128743489583333 0.04675876726886291
1 0.7199178059895833 0.09032943676939426 0.07578938802083333 0.025504782146652496
5 0.25257975260416665 0.07756874335812965 0.011409505208333334 0.026318411264612113
0 0.49947916666666664 0.077577045696068 0.17604166666666668 0.06376195536663125
1 0.728466796875 0.077577045696068 0.04931640625 0.02975557917109458
0 0.27364908854166664 0.13868225292242295 0.049267578125 0.04144527098831031
0 0.3320068359375 0.13868225292242295 0.06744791666666666 0.04144527098831031
0 0.38723551432291664 0.13868225292242295 0.043009440104166664 0.04144527098831031
0 0.42855631510416664 0.13868225292242295 0.039632161458333336 0.04144527098831031
0 0.47113444010416666 0.13868225292242295 0.04552408854166667 0.04144527098831031
0 0.5171712239583334 0.13868225292242295 0.046549479166666664 0.04144527098831031
0 0.564404296875 0.13868225292242295 0.04791666666666667 0.04144527098831031
0 0.61112060546875 0.13868225292242295 0.045515950520833334 0.04144527098831031
0 0.65067138671875 0.13868225292242295 0.033585611979166666 0.04144527098831031
0 0.6889933268229167 0.13868225292242295 0.04305826822916667 0.04144527098831031
0 0.73074951171875 0.13868225292242295 0.0404541015625 0.04144527098831031
0 0.42147623697916664 0.18862911795961743 0.26251627604166666 0.0563230605738576
0 0.6877848307291666 0.18862911795961743 0.2701009114583333 0.0563230605738576
1 0.7403645833333333 0.18809776833156217 0.013020833333333334 0.03294367693942614
1 0.7403645833333333 0.18809776833156217 0.013020833333333334 0.03294367693942614
0 0.33385009765625 0.6471838469713072 0.15103352864583333 0.19128586609989373
0 0.5025919596354167 0.9558813761955367 0.15103352864583333 0.08823724760892668
0 0.6713338216145833 0.7685640276301806 0.15103352864583333 0.11052072263549416
