0 0.04114583333333333 0.03187267534537726 0.057291666666666664 0.03166511689691817
2 0.23649495442708332 0.031880977683315624 0.23653157552083334 0.05100956429330499
8 0.48682861328125 0.031880977683315624 0.2422607421875 0.048884165781083955
5 0.3719482421875 0.030818278427205102 0.0125 0.025504782146652496
2 0.49307861328125 0.031880977683315624 0.2297607421875 0.048884165781083955
1 0.617333984375 0.031880977683315624 0.01875 0.03825717321997875
0 0.66474609375 0.031880977683315624 0.05419921875 0.04250797024442083
0 0.7272786458333333 0.031880977683315624 0.06253255208333333 0.04250797024442083
8 0.794921875 0.031880977683315624 0.06442057291666667 0.04250797024442083
8 0.794921875 0.031880977683315624 0.06442057291666667 0.04675876726886291
0 0.8642008463541667 0.031880977683315624 0.06580403645833334 0.04250797024442083
0 0.9193155924479167 0.031880977683315624 0.036092122395833336 0.04250797024442083
0 0.96451416015625 0.031880977683315624 0.0459716796875 0.04250797024442083
0 0.5 0.29277364505844844 0.6625 0.4218916046758767
0 0.915625 0.29277364505844844 0.16875 0.4218916046758767
1 0.18541666666666667 0.28852284803400635 0.022916666666666665 0.04675876726886291
1 0.8145833333333333 0.28852284803400635 0.022916666666666665 0.04675876726886291
0 0.19713541666666667 0.630712008501594 0.05677083333333333 0.16046758767268862
0 0.28359375 0.630712008501594 0.05677083333333333 0.16046758767268862
0 0.3703125 0.630712008501594 0.057291666666666664 0.16046758767268862
0 0.45703125 0.630712008501594 0.05677083333333333 0.16046758767268862
0 0.5434895833333333 0.630712008501594 0.05677083333333333 0.16046758767268862
0 0.6299479166666667 0.630712008501594 0.05677083333333333 0.16046758767268862
0 0.71640625 0.630712008501594 0.05677083333333333 0.16046758767268862
0 0.8028645833333333 0.630712008501594 0.05677083333333333 0.16046758767268862
8 0.3360514322916667 0.7906482465462275 0.15625 0.05526036131774708
5 0.2704264322916667 0.7906482465462275 0.025 0.05100956429330499
2 0.34646809895833336 0.7906482465462275 0.13333333333333333 0.05100956429330499
1 0.18132731119791667 0.8730074388947928 0.008487955729166666 0.04782146652497343
1 0.21421712239583332 0.8719447396386822 0.023958333333333335 0.04569606801275239
1 0.25361735026041665 0.8719447396386822 0.0215087890625 0.04569606801275239
1 0.29082845052083334 0.8719447396386822 0.019580078125 0.04569606801275239
1 0.33965657552083334 0.8719447396386822 0.04474283854166667 0.04569606801275239
1 0.39608561197916664 0.8719447396386822 0.03478190104166667 0.04569606801275239
1 0.48362630208333335 0.8719447396386822 0.10696614583333333 0.04569606801275239
1 0.5764119466145833 0.8719447396386822 0.045271809895833334 0.04569606801275239
1 0.6230305989583333 0.8719447396386822 0.014632161458333333 0.04569606801275239
1 0.6569417317708334 0.8719447396386822 0.019856770833333332 0.04569606801275239
1 0.7041544596354167 0.8719447396386822 0.0412353515625 0.04569606801275239
1 0.7695556640625 0.8719447396386822 0.056233723958333336 0.04569606801275239
1 0.7854166666666667 0.9867162592986185 0.022916666666666665 0.026567481402763018
1 0.8125 0.9867162592986185 0.022916666666666665 0.026567481402763018
