1 0.01875 0.03400637619553666 0.025 0.05100956429330499
0 0.07604166666666666 0.036131774707757705 0.08541666666666667 0.025504782146652496
1 0.8989583333333333 0.03400637619553666 0.025 0.05100956429330499
1 0.9229166666666667 0.03400637619553666 0.020833333333333332 0.04250797024442083
0 0.9645833333333333 0.03400637619553666 0.05 0.03825717321997875
1 0.18799641927083333 0.10414452709883103 0.04265950520833333 0.03825717321997875
1 0.24009195963541666 0.10414452709883103 0.0531982421875 0.03825717321997875
1 0.30482177734375 0.10414452709883103 0.06792805989583334 0.03825717321997875
1 0.37286376953125 0.10414452709883103 0.05982259114583333 0.03825717321997875
1 0.20253499348958334 0.16578108395324123 0.0634033203125 0.05100956429330499
1 0.2507853190104167 0.16578108395324123 0.033097330729166666 0.05100956429330499
1 0.28504638671875 0.16578108395324123 0.0354248046875 0.05100956429330499
1 0.3184407552083333 0.16578108395324123 0.03136393229166667 0.05100956429330499
1 0.3507893880208333 0.16578108395324123 0.020833333333333332 0.04250797024442083
1 0.5 0.16578108395324123 0.020833333333333332 0.04250797024442083
1 0.53321533203125 0.16578108395324123 0.033097330729166666 0.05100956429330499
1 0.5674763997395833 0.16578108395324123 0.0354248046875 0.05100956429330499
1 0.6002685546875 0.16578108395324123 0.030159505208333333 0.05100956429330499
1 0.6320149739583333 0.16578108395324123 0.020833333333333332 0.04250797024442083
4 0.3229166666666667 0.22210414452709884 0.2947916666666667 0.03400637619553666
1 0.18177083333333333 0.34112646121147716 0.025 0.05100956429330499
1 0.4783854166666667 0.34112646121147716 0.0171875 0.028692879914984058
1 0.8144816080729167 0.3831030818278427 0.037703450520833334 0.01381509032943677
0 0.46510416666666665 0.5185972369819342 0.0375 0.10414452709883103
0 0.5348958333333333 0.5185972369819342 0.0375 0.10414452709883103
