0 0.22890625 0.02975557917109458 0.059895833333333336 0.03400637619553666
0 0.3797200520833333 0.02975557917109458 0.04339192708333333 0.020191285866099893
0 0.43688557942708334 0.02975557917109458 0.03760579427083333 0.020191285866099893
0 0.4791341145833333 0.02975557917109458 0.013557942708333333 0.020191285866099893
0 0.52210693359375 0.02975557917109458 0.03905436197916667 0.020191285866099893
0 0.5675944010416667 0.02975557917109458 0.018587239583333335 0.020191285866099893
0 0.6267293294270834 0.02975557917109458 0.06634928385416666 0.020191285866099893
0 0.71536865234375 0.02975557917109458 0.07759602864583333 0.020191285866099893
0 0.7854166666666667 0.02975557917109458 0.008333333333333333 0.01700318809776833
0 0.19660237630208333 0.09776833156216791 0.0390380859375 0.040382571732199786
0 0.24999186197916667 0.09776833156216791 0.050520833333333334 0.040382571732199786
0 0.3026814778645833 0.09776833156216791 0.037638346354166664 0.040382571732199786
0 0.34964599609375 0.09776833156216791 0.03907063802083333 0.040382571732199786
0 0.3987630208333333 0.09776833156216791 0.041943359375 0.040382571732199786
0 0.44788004557291666 0.09776833156216791 0.03907063802083333 0.040382571732199786
0 0.50030517578125 0.09776833156216791 0.0485595703125 0.040382571732199786
0 0.54503173828125 0.09776833156216791 0.023673502604166667 0.040382571732199786
0 0.5791219075520834 0.09776833156216791 0.027286783854166666 0.040382571732199786
0 0.6209879557291667 0.09776833156216791 0.039225260416666664 0.040382571732199786
0 0.66832275390625 0.09776833156216791 0.038224283854166666 0.040382571732199786
0 0.7181070963541667 0.09776833156216791 0.04412434895833333 0.040382571732199786
0 0.76685791015625 0.09776833156216791 0.0361572265625 0.040382571732199786
0 0.8082194010416667 0.09776833156216791 0.029345703125 0.040382571732199786
0 0.18996988932291667 0.16046758767268862 0.025773111979166666 0.040382571732199786
0 0.80404052734375 0.16046758767268862 0.03775227864583333 0.040382571732199786
0 0.33229166666666665 0.49309245483528164 0.159375 0.0765143464399575
0 0.5 0.49309245483528164 0.159375 0.0765143464399575
0 0.6677083333333333 0.49309245483528164 0.159375 0.0765143464399575
0 0.8354166666666667 0.49309245483528164 0.159375 0.0765143464399575
0 0.96171875 0.49309245483528164 0.0765625 0.0765143464399575
1 0.175 0.675345377258236 0.0125 0.20085015940488843
0 0.23125 0.6737513283740701 0.0625 0.19766206163655686
0 0.2984375 0.6737513283740701 0.0625 0.19766206163655686
0 0.365625 0.6737513283740701 0.0625 0.19766206163655686
0 0.4328125 0.6737513283740701 0.0625 0.19766206163655686
0 0.5 0.6737513283740701 0.0625 0.19766206163655686
0 0.5671875 0.6737513283740701 0.0625 0.19766206163655686
0 0.634375 0.6737513283740701 0.0625 0.19766206163655686
0 0.7015625 0.6737513283740701 0.0625 0.19766206163655686
0 0.76875 0.6737513283740701 0.0625 0.19766206163655686
0 0.8359375 0.6737513283740701 0.0625 0.19766206163655686
0 0.903125 0.6737513283740701 0.0625 0.19766206163655686
0 0.96953125 0.6737513283740701 0.0609375 0.19766206163655686
1 0.825 0.675345377258236 0.0125 0.20085015940488843
0 0.4109375 0.9091392136025505 0.16979166666666667 0.18172157279489903
1 0.5145833333333333 0.9655951115834219 0.020833333333333332 0.024442082890541977
1 0.5354166666666667 0.9655951115834219 0.020833333333333332 0.024442082890541977
1 0.6510416666666666 0.9687832093517534 0.020833333333333332 0.024442082890541977
1 0.646875 0.8310308182784272 0.016666666666666666 0.025504782146652496
0 0.5346028645833333 0.9962805526036131 0.060872395833333336 0.007438894792773645
