8 0.5 0.031880977683315624 1.0 0.06376195536663125
0 0.21880696614583334 0.031880977683315624 0.10323893229166667 0.06376195536663125
1 0.3093505859375 0.031880977683315624 0.05284830729166667 0.06376195536663125
1 0.36397705078125 0.031880977683315624 0.03140462239583333 0.06376195536663125
1 0.4093831380208333 0.031880977683315624 0.034407552083333334 0.06376195536663125
1 0.45155436197916665 0.031880977683315624 0.024934895833333335 0.06376195536663125
1 0.49344482421875 0.031880977683315624 0.03384602864583333 0.06376195536663125
1 0.53651123046875 0.031880977683315624 0.027286783854166666 0.06376195536663125
1 0.5804036458333334 0.031880977683315624 0.035498046875 0.06376195536663125
1 0.623876953125 0.031880977683315624 0.026448567708333332 0.06376195536663125
1 0.6833902994791666 0.031880977683315624 0.067578125 0.06376195536663125
0 0.7700520833333333 0.031880977683315624 0.049479166666666664 0.019128586609989374
8 0.7157389322916666 0.09564293304994687 0.19143880208333333 0.06376195536663125
0 0.7177083333333333 0.09829968119022317 0.010416666666666666 0.019128586609989374
0 0.7385416666666667 0.09853214665249735 0.010416666666666666 0.019128586609989374
0 0.759375 0.09829968119022317 0.010416666666666666 0.019128586609989374
1 0.790625 0.09404888416578108 0.041666666666666664 0.06376195536663125
1 0.8263020833333333 0.031880977683315624 0.0296875 0.040382571732199786
1 0.9875 0.025504782146652496 0.016666666666666666 0.03400637619553666
2 0.490625 0.49309245483528164 0.48125 0.0765143464399575
1 0.7416666666666667 0.49309245483528164 0.016666666666666666 0.03400637619553666
1 0.7416666666666667 0.4946865037194474 0.016666666666666666 0.03719447396386823
0 0.33155924479166665 0.6727550478214666 0.26728515625 0.3635759829968119
0 0.32366943359375 0.8965196599362381 0.2515055338541667 0.07332624867162593
0 0.25730794270833335 0.9820005313496281 0.11878255208333334 0.03599893730074389
0 0.39950358072916664 0.9820005313496281 0.12547200520833332 0.03599893730074389
0 0.56593017578125 0.5996446599362381 0.1597900390625 0.21735520722635493
0 0.56307373046875 0.7550810308182784 0.1540771484375 0.08076514346439957
0 0.5611979166666666 0.8597569075451648 0.15032552083333334 0.0669500531349628
0 0.5586100260416667 0.9585879383634431 0.14514973958333333 0.0669500531349628
0 0.7371419270833334 0.8047290116896918 0.1201171875 0.06482465462274177
0 0.7330485026041667 0.9226886291179596 0.11193033854166666 0.04357066950053135
