0 0.06953125 0.04569606801275239 0.1140625 0.048884165781083955
11 0.33871256510416664 0.044633368756641874 0.048811848958333334 0.08926673751328375
0 0.33871256510416664 0.044633368756641874 0.039957682291666664 0.08926673751328375
11 0.38873291015625 0.044633368756641874 0.0465087890625 0.08926673751328375
0 0.38873291015625 0.044633368756641874 0.03765462239583333 0.08926673751328375
0 0.4392578125 0.044633368756641874 0.040966796875 0.08926673751328375
0 0.5040730794270833 0.044633368756641874 0.0662353515625 0.08926673751328375
0 0.5728963216145834 0.044633368756641874 0.04898274739583333 0.08926673751328375
0 0.6196370442708333 0.044633368756641874 0.0220703125 0.08926673751328375
0 0.65548095703125 0.044633368756641874 0.027189127604166665 0.08926673751328375
0 0.7005533854166667 0.044633368756641874 0.04052734375 0.08926673751328375
0 0.74700927734375 0.044633368756641874 0.0299560546875 0.08926673751328375
1 0.978125 0.044633368756641874 0.04375 0.08926673751328375
0 0.978125 0.044633368756641874 0.04375 0.08926673751328375
0 0.21121012369791667 0.044633368756641874 0.027579752604166667 0.08926673751328375
5 0.11979166666666667 0.19361882306057385 0.203125 0.027215063761955368
2 0.11979166666666667 0.2561105207226355 0.203125 0.08926673751328375
0 0.06124267578125 0.38640741232731135 0.07352701822916667 0.019128586609989374
0 0.05337320963541667 0.4128088469713071 0.0577880859375 0.019128586609989374
0 0.04855143229166667 0.43921028161530284 0.04814453125 0.019128586609989374
0 0.03579915364583333 0.4656117162592986 0.022639973958333334 0.019128586609989374
0 0.055582682291666664 0.4920131509032944 0.06220703125 0.019128586609989374
0 0.046858723958333334 0.5184145855472901 0.044759114583333336 0.019128586609989374
0 0.05105387369791667 0.6071001594048884 0.0531494140625 0.019128586609989374
0 0.3181884765625 0.1312433581296493 0.08429361979166666 0.020191285866099893
0 0.5979166666666667 0.5858378719447397 0.6802083333333333 0.781366232731137
0 0.31135660807291665 0.9988874867162593 0.07583821614583333 0.0022250265674814028
0 0.04244791666666667 0.8207110122210415 0.0640625 0.09406548884165782
0 0.1171875 0.9285749867162593 0.21354166666666666 0.01824853878852285
0 0.017232259114583332 0.950451647183847 0.013631184895833334 0.01700318809776833
0 0.036279296875 0.950451647183847 0.014046223958333333 0.01700318809776833
0 0.05932210286458333 0.950451647183847 0.021622721354166666 0.01700318809776833
0 0.08636881510416666 0.950451647183847 0.022054036458333332 0.01700318809776833
0 0.1154541015625 0.950451647183847 0.025699869791666666 0.01700318809776833
0 0.14637451171875 0.950451647183847 0.025724283854166665 0.01700318809776833
0 0.022005208333333335 0.9729509829968119 0.023177083333333334 0.01700318809776833
0 0.05867919921875 0.9729509829968119 0.039754231770833336 0.01700318809776833
0 0.11167399088541667 0.9729509829968119 0.05581868489583333 0.01700318809776833
0 0.14914143880208333 0.9729509829968119 0.008146158854166667 0.01700318809776833
0 0.16078287760416668 0.9729509829968119 0.004166666666666667 0.01700318809776833
0 0.1743408203125 0.9729509829968119 0.011979166666666667 0.01700318809776833
0 0.1905029296875 0.9729509829968119 0.009375 0.01700318809776833
