0 0.14407145182291667 0.053134962805526036 0.2414794921875 0.10626992561105207
1 0.9693684895833333 0.053134962805526036 0.03125 0.10626992561105207
0 0.9410359700520833 0.053134962805526036 0.014998372395833333 0.10626992561105207
1 0.8929117838541667 0.053134962805526036 0.08125 0.10626992561105207
0 0.8585367838541667 0.053134962805526036 0.0125 0.025504782146652496
0 0.8788492838541667 0.053134962805526036 0.0125 0.025504782146652496
0 0.8991617838541667 0.053134962805526036 0.0125 0.025504782146652496
0 0.9194742838541666 0.053134962805526036 0.0125 0.025504782146652496
1 0.81744384765625 0.053134962805526036 0.054060872395833334 0.02975557917109458
11 0.21276448567708334 0.12964930924548354 0.05052897135416667 0.04675876726886291
0 0.21276448567708334 0.12964930924548354 0.05052897135416667 0.04675876726886291
11 0.2710978190104167 0.12964930924548354 0.0661376953125 0.04675876726886291
0 0.2710978190104167 0.12964930924548354 0.0661376953125 0.04675876726886291
11 0.3210978190104167 0.12964930924548354 0.0338623046875 0.04675876726886291
0 0.3210978190104167 0.12964930924548354 0.0338623046875 0.04675876726886291
11 0.3596435546875 0.12964930924548354 0.043229166666666666 0.04675876726886291
0 0.3596435546875 0.12964930924548354 0.043229166666666666 0.04675876726886291
11 0.4125162760416667 0.12964930924548354 0.06251627604166667 0.04675876726886291
0 0.4125162760416667 0.12964930924548354 0.06251627604166667 0.04675876726886291
11 0.4719156901041667 0.12964930924548354 0.05628255208333333 0.04675876726886291
0 0.4719156901041667 0.12964930924548354 0.05628255208333333 0.04675876726886291
11 0.52271728515625 0.12964930924548354 0.04532063802083333 0.04675876726886291
0 0.52271728515625 0.12964930924548354 0.04532063802083333 0.04675876726886291
11 0.56907958984375 0.12964930924548354 0.047403971354166664 0.04675876726886291
11 0.7486979166666666 0.12964930924548354 0.0578125 0.04675876726886291
0 0.7486979166666666 0.12964930924548354 0.0578125 0.04675876726886291
11 0.7950520833333333 0.12964930924548354 0.034895833333333334 0.04675876726886291
0 0.7950520833333333 0.12964930924548354 0.034895833333333334 0.04675876726886291
0 0.30377604166666666 0.48724760892667374 0.06842447916666666 0.03294367693942614
0 0.38331705729166665 0.48724760892667374 0.04482421875 0.03294367693942614
0 0.45244140625 0.48724760892667374 0.047591145833333334 0.03294367693942614
0 0.5320597330729167 0.48724760892667374 0.06581217447916667 0.03294367693942614
0 0.6244222005208333 0.48724760892667374 0.07307942708333333 0.03294367693942614
0 0.7002644856770833 0.48724760892667374 0.03277180989583333 0.03294367693942614
0 0.7657511393229167 0.48724760892667374 0.0523681640625 0.03294367693942614
0 0.3993733723958333 0.8352816153028693 0.3612467447916667 0.3294367693942614
0 0.6444091796875 0.6976620616365569 0.06630859375 0.05419766206163656
0 0.7514973958333333 0.7851188894792773 0.042496744791666666 0.0867096174282678
0 0.678564453125 0.7911795961742827 0.09295247395833334 0.09883103081827843
0 0.678564453125 0.8538788522848034 0.09295247395833334 0.026567481402763018
0 0.7514973958333333 0.9574920297555791 0.042496744791666666 0.08501594048884166
0 0.678564453125 0.9574920297555791 0.09295247395833334 0.08501594048884166
