1 0.17008463541666666 0.02975557917109458 0.05162760416666667 0.048884165781083955
1 0.7682902018229166 0.02975557917109458 0.05477701822916667 0.03357465462274176
1 0.82440185546875 0.02975557917109458 0.04702962239583333 0.04526434643995749
5 0.3296875 0.06323060573857599 0.0005208333333333333 0.0010626992561105207
2 0.5 0.08501594048884166 0.34010416666666665 0.04250797024442083
1 0.6580729166666667 0.08501594048884166 0.023958333333333335 0.04250797024442083
0 0.20802408854166668 0.1410152098831031 0.06512044270833334 0.02698259829968119
0 0.2855916341145833 0.1410152098831031 0.06670735677083334 0.02698259829968119
0 0.3632568359375 0.1410152098831031 0.06531575520833334 0.02698259829968119
0 0.43667399088541664 0.1410152098831031 0.058211263020833334 0.02698259829968119
0 0.4997802734375 0.1410152098831031 0.044694010416666666 0.02698259829968119
0 0.5664591471354167 0.1410152098831031 0.0653564453125 0.02698259829968119
0 0.6479410807291667 0.1410152098831031 0.07430013020833333 0.02698259829968119
0 0.7233235677083333 0.1410152098831031 0.05315755208333333 0.02698259829968119
0 0.7742879231770833 0.1410152098831031 0.0254638671875 0.02698259829968119
0 0.8116048177083334 0.1410152098831031 0.025862630208333334 0.02698259829968119
1 0.1753662109375 0.1410069075451647 0.016666666666666666 0.03400637619553666
1 0.8246337890625 0.1410069075451647 0.016666666666666666 0.03400637619553666
0 0.5 0.21295496811902231 0.59375 0.10626992561105207
0 0.24532063802083334 0.2953141604675877 0.06355794270833333 0.018065887353878853
0 0.277880859375 0.3360122210414453 0.12867838541666668 0.03825717321997875
0 0.5385701497395833 0.38371745483528164 0.06031087239583333 0.020191285866099893
0 0.3983357747395833 0.41940920563230605 0.3695882161458333 0.043985786397449524
0 0.25753173828125 0.4551009564293305 0.08798014322916667 0.020191285866099893
1 0.40277506510416666 0.7309876461211477 0.045206705729166664 0.08475026567481403
0 0.3038818359375 0.9693975823591924 0.18068033854166668 0.019128586609989374
0 0.6911783854166667 0.3301673751328374 0.14625651041666668 0.028692879914984058
0 0.643310546875 0.4343949256110521 0.050520833333333334 0.01700318809776833
0 0.7022542317708333 0.7646785334750266 0.168408203125 0.020822263549415517
0 0.68670654296875 0.7952809511158342 0.07012532552083334 0.01700318809776833
0 0.7175130208333333 0.8161032146652497 0.05126953125 0.01700318809776833
0 0.6608805338541667 0.8785700053134963 0.031005859375 0.01700318809776833
0 0.6630452473958334 0.8993922688629118 0.089990234375 0.01700318809776833
0 0.7022542317708333 0.9839598831030818 0.168408203125 0.020822263549415517
