0 0.16638997395833333 0.05353347502656748 0.020279947916666666 0.039319872476089264
0 0.20797119140625 0.05353347502656748 0.037882486979166664 0.039319872476089264
0 0.25033365885416664 0.05353347502656748 0.013509114583333334 0.039319872476089264
0 0.2805908203125 0.05353347502656748 0.022005208333333335 0.039319872476089264
0 0.5 0.039851222104144525 0.07486979166666667 0.021253985122210415
0 0.8385416666666666 0.039851222104144525 0.010416666666666666 0.030818278427205102
0 0.16192220052083334 0.09564293304994687 0.011344401041666667 0.05844845908607864
0 0.18837890625 0.09564293304994687 0.016569010416666665 0.05844845908607864
0 0.22051595052083334 0.09564293304994687 0.022705078125 0.05844845908607864
0 0.254541015625 0.09564293304994687 0.020345052083333332 0.05844845908607864
0 0.29530436197916665 0.09564293304994687 0.036181640625 0.05844845908607864
0 0.3443522135416667 0.09564293304994687 0.0369140625 0.05844845908607864
0 0.39546305338541665 0.09564293304994687 0.0403076171875 0.05844845908607864
0 0.436572265625 0.09564293304994687 0.016910807291666666 0.05844845908607864
0 0.46669108072916665 0.09564293304994687 0.018326822916666666 0.05844845908607864
0 0.5025227864583334 0.09564293304994687 0.028336588541666666 0.05844845908607864
0 0.4114583333333333 0.3166511689691817 0.5104166666666666 0.3123671625929862
0 0.234375 0.8398312964930924 0.15625 0.29778825717322
0 0.4114583333333333 0.8398312964930924 0.15625 0.29778825717322
0 0.765625 0.4213104410201913 0.15625 0.0673817747077577
0 0.765625 0.525994620085016 0.15625 0.08885162061636556
0 0.765625 0.6306787991498406 0.15625 0.0673817747077577
0 0.765625 0.7246280552603613 0.15625 0.0673817747077577
0 0.765625 0.8616664452709883 0.15625 0.0673817747077577
0 0.765625 0.9825152763018066 0.15625 0.03496944739638682
