0 0.0230712890625 0.031880977683315624 0.024267578125 0.02763018065887354
0 0.0517333984375 0.031880977683315624 0.022639973958333334 0.02763018065887354
0 0.8673868815104167 0.031880977683315624 0.017683919270833334 0.025504782146652496
0 0.8951456705729167 0.031880977683315624 0.022208658854166667 0.025504782146652496
1 0.9244791666666666 0.0325451647183847 0.020833333333333332 0.04250797024442083
0 0.9643229166666667 0.031880977683315624 0.044270833333333336 0.04250797024442083
4 0.48828125 0.4250797024442083 0.23072916666666668 0.048884165781083955
1 0.6161458333333333 0.42401700318809776 0.020833333333333332 0.04675876726886291
1 0.6369791666666667 0.42401700318809776 0.020833333333333332 0.04675876726886291
2 0.4597900390625 0.5005313496280552 0.066357421875 0.03825717321997875
2 0.5362711588541667 0.5005313496280552 0.07421875 0.03825717321997875
0 0.49206949869791666 0.5563230605738576 0.03472493489583333 0.015940488841657812
0 0.5362223307291667 0.5563230605738576 0.0498046875 0.015940488841657812
0 0.5719441731770833 0.5563230605738576 0.017862955729166668 0.015940488841657812
0 0.03626708984375 0.975557917109458 0.05170084635416667 0.048884165781083955
0 0.08472493489583334 0.975557917109458 0.04521484375 0.048884165781083955
0 0.14553629557291667 0.975557917109458 0.07640787760416666 0.048884165781083955
0 0.8923583984375 0.975557917109458 0.039534505208333334 0.048884165781083955
0 0.9298665364583333 0.975557917109458 0.035481770833333336 0.048884165781083955
1 0.9685953776041667 0.975557917109458 0.041975911458333334 0.048884165781083955
