0 0.19114583333333332 0.028692879914984058 0.052083333333333336 0.057385759829968117
0 0.2393798828125 0.028692879914984058 0.025634765625 0.019128586609989374
0 0.27524007161458336 0.028692879914984058 0.022696940104166667 0.019128586609989374
0 0.31217854817708335 0.028692879914984058 0.027791341145833332 0.019128586609989374
0 0.3521321614583333 0.028692879914984058 0.028727213541666668 0.019128586609989374
0 0.3923136393229167 0.028692879914984058 0.0282470703125 0.019128586609989374
0 0.43079833984375 0.028692879914984058 0.025333658854166666 0.019128586609989374
0 0.7905598958333333 0.028692879914984058 0.021370442708333333 0.057385759829968117
0 0.8154988606770833 0.028692879914984058 0.025252278645833334 0.057385759829968117
2 0.7168538411458333 0.0281615302869288 0.11458333333333333 0.03506907545164718
1 0.6678426106770833 0.02751394792773645 0.0144775390625 0.03506907545164718
1 0.572607421875 0.027993491048133843 0.0390625 0.03506907545164718
1 0.6223225911458333 0.027993491048133843 0.0390625 0.03506907545164718
1 0.7872639973958333 0.4372343251859724 0.014583333333333334 0.02975557917109458
1 0.8057291666666667 0.4372343251859724 0.014583333333333334 0.02975557917109458
0 0.21347249348958333 0.4377656748140276 0.040486653645833336 0.015940488841657812
0 0.2626220703125 0.4377656748140276 0.0390625 0.015940488841657812
0 0.30625813802083335 0.4377656748140276 0.029459635416666668 0.015940488841657812
0 0.34373372395833335 0.4377656748140276 0.026741536458333333 0.015940488841657812
0 0.37901204427083335 0.4377656748140276 0.025065104166666668 0.015940488841657812
0 0.29742838541666666 0.5169367693942615 0.19798177083333332 0.02975557917109458
0 0.23973795572916667 0.6351620616365569 0.08260091145833333 0.019128586609989374
0 0.32127278645833335 0.5953772582359192 0.06484375 0.019128586609989374
0 0.3100830078125 0.6429994686503719 0.042464192708333334 0.019128586609989374
0 0.20998942057291667 0.8176474495217854 0.023103841145833335 0.015940488841657812
0 0.5258097330729167 0.5169367693942615 0.2042236328125 0.02975557917109458
0 0.4352498372395833 0.8620815621679064 0.023103841145833335 0.015940488841657812
0 0.60120849609375 0.9178732731137088 0.057999674479166666 0.025504782146652496
0 0.24091796875 0.9470975026567482 0.07975260416666667 0.015940488841657812
0 0.29150390625 0.9779157810839533 0.18092447916666668 0.015940488841657812
0 0.7291666666666666 0.6090595111583422 0.146875 0.025504782146652496
0 0.7291666666666666 0.6393464399574921 0.146875 0.025504782146652496
0 0.7291666666666666 0.6696333687566419 0.146875 0.025504782146652496
0 0.7291666666666666 0.6999202975557917 0.146875 0.025504782146652496
0 0.7291666666666666 0.7302072263549415 0.146875 0.025504782146652496
0 0.7291666666666666 0.7604941551540914 0.146875 0.025504782146652496
0 0.7291666666666666 0.7907810839532412 0.146875 0.025504782146652496
8 0.7291666666666666 0.8234590860786397 0.146875 0.03028692879914984
0 0.7291666666666666 0.821068012752391 0.146875 0.025504782146652496
0 0.7330729166666666 0.8513549415515409 0.1390625 0.025504782146652496
0 0.7330729166666666 0.8513549415515409 0.1390625 0.025504782146652496
0 0.7369791666666666 0.8816418703506907 0.13125 0.025504782146652496
0 0.7369791666666666 0.8816418703506907 0.13125 0.025504782146652496
0 0.7369791666666666 0.8816418703506907 0.13125 0.025504782146652496
0 0.7369791666666666 0.8816418703506907 0.13125 0.025504782146652496
0 0.7369791666666666 0.8816418703506907 0.13125 0.025504782146652496
0 0.7369791666666666 0.8816418703506907 0.13125 0.025504782146652496
0 0.7369791666666666 0.8816418703506907 0.13125 0.025504782146652496
0 0.7369791666666666 0.8816418703506907 0.13125 0.025504782146652496
0 0.7369791666666666 0.8816418703506907 0.13125 0.025504782146652496
0 0.7369791666666666 0.8816418703506907 0.13125 0.025504782146652496
0 0.7369791666666666 0.8816418703506907 0.13125 0.025504782146652496
0 0.7369791666666666 0.8816418703506907 0.13125 0.025504782146652496
0 0.7330729166666666 0.8513549415515409 0.1390625 0.025504782146652496
0 0.7369791666666666 0.8816418703506907 0.13125 0.025504782146652496
0 0.7369791666666666 0.8816418703506907 0.13125 0.025504782146652496
0 0.7369791666666666 0.8816418703506907 0.13125 0.025504782146652496
0 0.7369791666666666 0.8816418703506907 0.13125 0.025504782146652496
0 0.7369791666666666 0.8816418703506907 0.13125 0.025504782146652496
0 0.7369791666666666 0.8816418703506907 0.13125 0.025504782146652496
0 0.7369791666666666 0.8816418703506907 0.13125 0.025504782146652496
0 0.7369791666666666 0.8816418703506907 0.13125 0.025504782146652496
0 0.7369791666666666 0.8816418703506907 0.13125 0.025504782146652496
0 0.7369791666666666 0.8816418703506907 0.13125 0.025504782146652496
0 0.7369791666666666 0.8816418703506907 0.13125 0.025504782146652496
0 0.7369791666666666 0.8816418703506907 0.13125 0.025504782146652496
0 0.7369791666666666 0.8816418703506907 0.13125 0.025504782146652496
0 0.7369791666666666 0.8816418703506907 0.13125 0.025504782146652496
0 0.7369791666666666 0.8816418703506907 0.13125 0.025504782146652496
0 0.7369791666666666 0.8816418703506907 0.13125 0.025504782146652496
0 0.7369791666666666 0.8816418703506907 0.13125 0.025504782146652496
0 0.7369791666666666 0.8816418703506907 0.13125 0.025504782146652496
0 0.7330729166666666 0.8513549415515409 0.1390625 0.025504782146652496
0 0.7369791666666666 0.8816418703506907 0.13125 0.025504782146652496
0 0.7369791666666666 0.8816418703506907 0.13125 0.025504782146652496
0 0.7369791666666666 0.8816418703506907 0.13125 0.025504782146652496
0 0.7369791666666666 0.8816418703506907 0.13125 0.025504782146652496
0 0.7369791666666666 0.8816418703506907 0.13125 0.025504782146652496
0 0.7369791666666666 0.8816418703506907 0.13125 0.025504782146652496
0 0.7369791666666666 0.8816418703506907 0.13125 0.025504782146652496
0 0.7369791666666666 0.8816418703506907 0.13125 0.025504782146652496
0 0.7369791666666666 0.8816418703506907 0.13125 0.025504782146652496
0 0.7369791666666666 0.8816418703506907 0.13125 0.025504782146652496
0 0.7369791666666666 0.8816418703506907 0.13125 0.025504782146652496
0 0.7369791666666666 0.8816418703506907 0.13125 0.025504782146652496
0 0.7330729166666666 0.8513549415515409 0.1390625 0.025504782146652496
0 0.7369791666666666 0.8816418703506907 0.13125 0.025504782146652496
0 0.7369791666666666 0.8816418703506907 0.13125 0.025504782146652496
0 0.7369791666666666 0.8816418703506907 0.13125 0.025504782146652496
0 0.7369791666666666 0.8816418703506907 0.13125 0.025504782146652496
0 0.7369791666666666 0.8816418703506907 0.13125 0.025504782146652496
0 0.7369791666666666 0.8816418703506907 0.13125 0.025504782146652496
0 0.7369791666666666 0.8816418703506907 0.13125 0.025504782146652496
0 0.7369791666666666 0.8816418703506907 0.13125 0.025504782146652496
0 0.7369791666666666 0.8816418703506907 0.13125 0.025504782146652496
0 0.7369791666666666 0.8816418703506907 0.13125 0.025504782146652496
0 0.7369791666666666 0.8816418703506907 0.13125 0.025504782146652496
0 0.7369791666666666 0.8816418703506907 0.13125 0.025504782146652496
0 0.7369791666666666 0.8816418703506907 0.13125 0.025504782146652496
0 0.7369791666666666 0.8816418703506907 0.13125 0.025504782146652496
0 0.7330729166666666 0.8513549415515409 0.1390625 0.025504782146652496
0 0.7369791666666666 0.8816418703506907 0.13125 0.025504782146652496
0 0.7369791666666666 0.8816418703506907 0.13125 0.025504782146652496
0 0.7369791666666666 0.8816418703506907 0.13125 0.025504782146652496
0 0.7369791666666666 0.8816418703506907 0.13125 0.025504782146652496
0 0.7369791666666666 0.8816418703506907 0.13125 0.025504782146652496
0 0.7369791666666666 0.8816418703506907 0.13125 0.025504782146652496
0 0.7369791666666666 0.8816418703506907 0.13125 0.025504782146652496
0 0.7369791666666666 0.8816418703506907 0.13125 0.025504782146652496
0 0.7369791666666666 0.8816418703506907 0.13125 0.025504782146652496
0 0.7369791666666666 0.8816418703506907 0.13125 0.025504782146652496
0 0.7369791666666666 0.8816418703506907 0.13125 0.025504782146652496
0 0.7369791666666666 0.8816418703506907 0.13125 0.025504782146652496
0 0.7369791666666666 0.8816418703506907 0.13125 0.025504782146652496
0 0.7369791666666666 0.8816418703506907 0.13125 0.025504782146652496
8 0.7291666666666666 0.8537460148777896 0.146875 0.03028692879914984
0 0.7291666666666666 0.8513549415515409 0.146875 0.025504782146652496
0 0.7330729166666666 0.8816418703506907 0.1390625 0.025504782146652496
0 0.7369791666666666 0.9119287991498406 0.13125 0.025504782146652496
0 0.7369791666666666 0.9119287991498406 0.13125 0.025504782146652496
0 0.7369791666666666 0.9119287991498406 0.13125 0.025504782146652496
0 0.7369791666666666 0.9119287991498406 0.13125 0.025504782146652496
0 0.7369791666666666 0.9119287991498406 0.13125 0.025504782146652496
0 0.7369791666666666 0.9119287991498406 0.13125 0.025504782146652496
0 0.7369791666666666 0.9119287991498406 0.13125 0.025504782146652496
0 0.7369791666666666 0.9119287991498406 0.13125 0.025504782146652496
0 0.7369791666666666 0.9119287991498406 0.13125 0.025504782146652496
0 0.7369791666666666 0.9119287991498406 0.13125 0.025504782146652496
0 0.7369791666666666 0.9119287991498406 0.13125 0.025504782146652496
0 0.7369791666666666 0.9119287991498406 0.13125 0.025504782146652496
0 0.7369791666666666 0.9119287991498406 0.13125 0.025504782146652496
0 0.7330729166666666 0.8816418703506907 0.1390625 0.025504782146652496
0 0.7369791666666666 0.9119287991498406 0.13125 0.025504782146652496
0 0.7369791666666666 0.9119287991498406 0.13125 0.025504782146652496
0 0.7369791666666666 0.9119287991498406 0.13125 0.025504782146652496
0 0.7369791666666666 0.9119287991498406 0.13125 0.025504782146652496
0 0.7369791666666666 0.9119287991498406 0.13125 0.025504782146652496
0 0.7330729166666666 0.8816418703506907 0.1390625 0.025504782146652496
0 0.7369791666666666 0.9119287991498406 0.13125 0.025504782146652496
0 0.7369791666666666 0.9119287991498406 0.13125 0.025504782146652496
0 0.7369791666666666 0.9119287991498406 0.13125 0.025504782146652496
0 0.7369791666666666 0.9119287991498406 0.13125 0.025504782146652496
0 0.7369791666666666 0.9119287991498406 0.13125 0.025504782146652496
0 0.7369791666666666 0.9119287991498406 0.13125 0.025504782146652496
0 0.7369791666666666 0.9119287991498406 0.13125 0.025504782146652496
0 0.7369791666666666 0.9119287991498406 0.13125 0.025504782146652496
0 0.7369791666666666 0.9119287991498406 0.13125 0.025504782146652496
0 0.7369791666666666 0.9119287991498406 0.13125 0.025504782146652496
0 0.7330729166666666 0.8816418703506907 0.1390625 0.025504782146652496
0 0.7330729166666666 0.8816418703506907 0.1390625 0.025504782146652496
0 0.7330729166666666 0.8816418703506907 0.1390625 0.025504782146652496
0 0.7330729166666666 0.8816418703506907 0.1390625 0.025504782146652496
