0 0.21905924479166666 0.04994686503719448 0.07561848958333334 0.025504782146652496
2 0.43572591145833334 0.04994686503719448 0.33271484375 0.036131774707757705
1 0.7668294270833333 0.04994686503719448 0.10384114583333333 0.09776833156216791
1 0.73736572265625 0.04994686503719448 0.04491373697916667 0.04675876726886291
1 0.7934529622395833 0.04994686503719448 0.05059407552083333 0.04675876726886291
8 0.5 0.09936238044633369 0.9989583333333333 0.0010626992561105207
8 0.5 0.12114771519659936 0.9989583333333333 0.04250797024442083
0 0.018326822916666666 0.1206163655685441 0.019986979166666665 0.021253985122210415
8 0.5 0.1636556854410202 0.9989583333333333 0.04250797024442083
0 0.020751953125 0.16312433581296493 0.024837239583333334 0.021253985122210415
1 0.5 0.206163655685441 0.9989583333333333 0.04250797024442083
1 0.020906575520833335 0.20563230605738575 0.025146484375 0.021253985122210415
1 0.030875651041666667 0.2035069075451647 0.005208333333333333 0.01700318809776833
8 0.5 0.4399574920297556 0.9989583333333333 0.4250797024442083
8 0.5 0.24867162592986186 0.9989583333333333 0.04250797024442083
0 0.018037923177083335 0.2481402763018066 0.0194091796875 0.021253985122210415
8 0.5 0.2911795961742827 0.9989583333333333 0.04250797024442083
0 0.017525227864583333 0.2906482465462274 0.0183837890625 0.021253985122210415
8 0.5 0.3336875664187035 0.9989583333333333 0.04250797024442083
0 0.01561279296875 0.3331562167906483 0.014558919270833333 0.021253985122210415
8 0.5 0.37619553666312433 0.9989583333333333 0.04250797024442083
0 0.01968994140625 0.3756641870350691 0.022713216145833333 0.021253985122210415
8 0.5 0.41870350690754515 0.9989583333333333 0.04250797024442083
0 0.018575032552083332 0.4181721572794899 0.0204833984375 0.021253985122210415
8 0.5 0.461211477151966 0.9989583333333333 0.04250797024442083
0 0.020109049479166665 0.46068012752391074 0.023551432291666667 0.021253985122210415
8 0.5 0.5037194473963869 0.9989583333333333 0.04250797024442083
0 0.0239013671875 0.5031880977683315 0.031136067708333333 0.021253985122210415
8 0.5 0.5462274176408076 0.9989583333333333 0.04250797024442083
0 0.0333740234375 0.5456960680127524 0.05008138020833333 0.021253985122210415
8 0.011458333333333333 0.5456960680127524 0.00625 0.021253985122210415
8 0.5 0.5887353878852285 0.9989583333333333 0.04250797024442083
0 0.032059733072916666 0.5882040382571733 0.04745279947916667 0.021253985122210415
8 0.011458333333333333 0.5882040382571733 0.00625 0.021253985122210415
1 0.5 0.6312433581296493 0.9989583333333333 0.04250797024442083
1 0.01907958984375 0.630712008501594 0.021492513020833333 0.021253985122210415
1 0.0272216796875 0.628586609989373 0.005208333333333333 0.01700318809776833
1 0.21061604817708332 0.3521685706695005 0.058732096354166666 0.05526036131774708
0 0.7860880533854167 0.6811902231668437 0.06532389322916667 0.021253985122210415
0 0.22269287109375 0.7842720510095643 0.0485107421875 0.03400637619553666
0 0.20625 0.8859756907545164 0.015625 0.01700318809776833
0 0.21770833333333334 0.8859756907545164 0.015625 0.01700318809776833
0 0.22916666666666666 0.8859756907545164 0.015625 0.01700318809776833
0 0.240625 0.8859756907545164 0.015625 0.01700318809776833
0 0.2520833333333333 0.8859756907545164 0.015625 0.01700318809776833
0 0.2635416666666667 0.8859756907545164 0.015625 0.01700318809776833
0 0.275 0.8859756907545164 0.015625 0.01700318809776833
0 0.5 0.7906482465462275 0.184375 0.02975557917109458
0 0.709375 0.7906482465462275 0.184375 0.02975557917109458
0 0.5 0.8374070138150903 0.184375 0.02975557917109458
0 0.709375 0.8374070138150903 0.184375 0.02975557917109458
0 0.5 0.8841657810839533 0.184375 0.02975557917109458
0 0.709375 0.8841657810839533 0.184375 0.02975557917109458
0 0.5 0.9309245483528161 0.184375 0.02975557917109458
0 0.709375 0.9309245483528161 0.184375 0.02975557917109458
