0 0.0453125 0.03400637619553666 0.078125 0.05100956429330499
0 0.10589599609375 0.07438894792773645 0.0742919921875 0.04675876726886291
11 0.122998046875 0.03400637619553666 0.03557942708333333 0.06801275239107332
0 0.122998046875 0.03400637619553666 0.03557942708333333 0.048884165781083955
11 0.19220784505208333 0.03400637619553666 0.10284016927083334 0.06801275239107332
0 0.19220784505208333 0.03400637619553666 0.10284016927083334 0.048884165781083955
11 0.2719523111979167 0.03400637619553666 0.05664876302083333 0.06801275239107332
1 0.2719523111979167 0.03400637619553666 0.05664876302083333 0.048884165781083955
13 0.28986002604166666 0.03506907545164718 0.008333333333333333 0.024442082890541977
11 0.2926717122395833 0.08926673751328375 0.0970458984375 0.048884165781083955
0 0.2926717122395833 0.08926673751328375 0.08871256510416667 0.048884165781083955
11 0.2926717122395833 0.14452709883103082 0.0970458984375 0.048884165781083955
0 0.2926717122395833 0.14452709883103082 0.08871256510416667 0.048884165781083955
11 0.2926717122395833 0.1997874601487779 0.0970458984375 0.048884165781083955
0 0.2926717122395833 0.1997874601487779 0.08871256510416667 0.048884165781083955
11 0.2926717122395833 0.255047821466525 0.0970458984375 0.048884165781083955
0 0.2926717122395833 0.255047821466525 0.08871256510416667 0.048884165781083955
11 0.2926717122395833 0.310308182784272 0.0970458984375 0.048884165781083955
0 0.2926717122395833 0.310308182784272 0.08871256510416667 0.048884165781083955
11 0.2926717122395833 0.3655685441020191 0.0970458984375 0.048884165781083955
0 0.2926717122395833 0.3655685441020191 0.08871256510416667 0.048884165781083955
11 0.2926717122395833 0.4208289054197662 0.0970458984375 0.048884165781083955
0 0.2926717122395833 0.4208289054197662 0.08871256510416667 0.048884165781083955
11 0.2926717122395833 0.4760892667375133 0.0970458984375 0.048884165781083955
0 0.2926717122395833 0.4760892667375133 0.08871256510416667 0.048884165781083955
11 0.31895751953125 0.03400637619553666 0.03736165364583333 0.06801275239107332
0 0.31895751953125 0.03400637619553666 0.03736165364583333 0.048884165781083955
11 0.36475016276041666 0.03400637619553666 0.0542236328125 0.06801275239107332
1 0.36475016276041666 0.03400637619553666 0.0542236328125 0.048884165781083955
13 0.3814453125 0.03506907545164718 0.008333333333333333 0.024442082890541977
11 0.3937174479166667 0.08926673751328375 0.11111653645833333 0.048884165781083955
0 0.3937174479166667 0.08926673751328375 0.102783203125 0.048884165781083955
11 0.3937174479166667 0.14452709883103082 0.11111653645833333 0.048884165781083955
0 0.3937174479166667 0.14452709883103082 0.102783203125 0.048884165781083955
13 0.3861328125 0.14452709883103082 0.008333333333333333 0.024442082890541977
1 0.9513834635416667 0.09776833156216791 0.05556640625 0.05100956429330499
0 0.9513834635416667 0.09776833156216791 0.05556640625 0.05100956429330499
13 0.9632975260416666 0.09776833156216791 0.03173828125 0.025504782146652496
13 0.975 0.09776833156216791 0.008333333333333333 0.01700318809776833
0 0.3690266927083333 0.02975557917109458 0.053125 0.04250797024442083
0 0.4177490234375 0.02975557917109458 0.042236328125 0.04250797024442083
0 0.45887451171875 0.02975557917109458 0.03793131510416667 0.04250797024442083
0 0.4974161783854167 0.02975557917109458 0.037068684895833336 0.04250797024442083
0 0.5474039713541666 0.02975557917109458 0.06082356770833333 0.04250797024442083
1 0.62027587890625 0.02975557917109458 0.07450358072916667 0.04250797024442083
1 0.5986490885416667 0.02975557917109458 0.010416666666666666 0.021253985122210415
1 0.49999593098958334 0.4920297555791711 0.13311360677083334 0.06801275239107332
1 0.45635579427083334 0.4920297555791711 0.0125 0.025504782146652496
0 0.5 0.59192348565356 0.09571940104166667 0.025504782146652496
0 0.5554443359375 0.6397449521785334 0.070947265625 0.019128586609989374
0 0.5 0.6588735387885228 0.149609375 0.019128586609989374
1 0.9625 0.2263549415515409 0.075 0.18703506907545164
1 0.9864583333333333 0.1636556854410202 0.0125 0.021253985122210415
1 0.9864583333333333 0.1636556854410202 0.0125 0.021253985122210415
