0 0.49999593098958334 0.04652630180658873 0.31778157552083336 0.07541843783209352
0 0.5 0.13974495217853347 0.25 0.028692879914984058
0 0.9770833333333333 0.1401932784272051 0.0125 0.025504782146652496
0 0.20176188151041666 0.19925611052072265 0.0211669921875 0.025504782146652496
0 0.24700520833333334 0.19925611052072265 0.03134765625 0.025504782146652496
0 0.3093790690104167 0.19925611052072265 0.05542805989583333 0.025504782146652496
0 0.37762044270833334 0.19925611052072265 0.04308268229166667 0.025504782146652496
0 0.44686686197916664 0.19925611052072265 0.05743815104166667 0.025504782146652496
0 0.50499267578125 0.19925611052072265 0.020841471354166665 0.025504782146652496
0 0.5719156901041667 0.19925611052072265 0.07503255208333333 0.025504782146652496
0 0.64207763671875 0.19925611052072265 0.0273193359375 0.025504782146652496
0 0.6997395833333333 0.19925611052072265 0.050032552083333334 0.025504782146652496
0 0.7583333333333333 0.19925611052072265 0.029182942708333333 0.025504782146652496
0 0.38055419921875 0.5000830233793836 0.45694173177083336 0.4666910201912859
0 0.7388834635416667 0.34096041445270986 0.21805013020833333 0.11477151965993623
0 0.6563761393229167 0.4217255579171095 0.05303548177083333 0.019128586609989374
0 0.2611083984375 0.8879682518597237 0.21805013020833333 0.2240634962805526
0 0.49999593098958334 0.8879682518597237 0.21805826822916666 0.2240634962805526
0 0.7388834635416667 0.8879682518597237 0.21805013020833333 0.2240634962805526
