0 0.29739583333333336 0.07279489904357067 0.09166666666666666 0.018065887353878853
0 0.37271321614583336 0.03852284803400638 0.03396809895833333 0.07704569606801276
0 0.419287109375 0.03852284803400638 0.0591796875 0.07704569606801276
0 0.4669596354166667 0.036131774707757705 0.03616536458333333 0.07226354941551541
0 0.5076171875 0.036131774707757705 0.045149739583333334 0.07226354941551541
1 0.64486083984375 0.01753453772582359 0.057267252604166666 0.022316684378320937
1 0.64486083984375 0.019128586609989374 0.057267252604166666 0.025504782146652496
0 0.68536376953125 0.019128586609989374 0.0173095703125 0.01487778958554729
0 0.184375 0.2017136025504782 0.109375 0.11649840595111584
0 0.14525960286458334 0.3194739638682253 0.031144205729166666 0.01700318809776833
0 0.14715576171875 0.3386025504782147 0.0349365234375 0.01700318809776833
0 0.13656005859375 0.35773113708820403 0.0137451171875 0.01700318809776833
0 0.1458251953125 0.42043039319872477 0.032275390625 0.01700318809776833
0 0.15021565755208333 0.4395589798087141 0.041056315104166664 0.01700318809776833
0 0.1447509765625 0.4586875664187035 0.030126953125 0.01700318809776833
0 0.14185384114583333 0.4778161530286929 0.024332682291666668 0.01700318809776833
0 0.14309895833333333 0.49694473963868224 0.026822916666666665 0.01700318809776833
0 0.15808512369791666 0.5160733262486716 0.05679524739583333 0.01700318809776833
0 0.15084228515625 0.535201912858661 0.0423095703125 0.01700318809776833
0 0.14762369791666666 0.5979011689691818 0.035872395833333334 0.01700318809776833
0 0.14825032552083334 0.6170297555791711 0.037125651041666666 0.01700318809776833
0 0.139453125 0.6361583421891605 0.01953125 0.01700318809776833
0 0.14525146484375 0.6552869287991498 0.0311279296875 0.01700318809776833
0 0.13955078125 0.6744155154091392 0.0197265625 0.01700318809776833
0 0.13705647786458333 0.6935441020191286 0.014737955729166667 0.01700318809776833
0 0.1620849609375 0.7126726886291179 0.064794921875 0.01700318809776833
0 0.13979085286458334 0.7318012752391073 0.020206705729166666 0.01700318809776833
0 0.13594156901041668 0.7509298618490967 0.012508138020833334 0.01700318809776833
0 0.14566243489583333 0.7700584484590861 0.03194986979166667 0.01700318809776833
0 0.13944498697916666 0.7891870350690755 0.019514973958333334 0.01700318809776833
0 0.14246419270833333 0.8083156216790648 0.025553385416666668 0.01700318809776833
0 0.276953125 0.1620616365568544 0.03411458333333333 0.015940488841657812
0 0.3398681640625 0.1620616365568544 0.059814453125 0.015940488841657812
0 0.40322672526041664 0.1620616365568544 0.03500162760416667 0.015940488841657812
0 0.4564290364583333 0.1620616365568544 0.056168619791666666 0.03719447396386823
0 0.5016927083333333 0.1620616365568544 0.03435872395833333 0.03719447396386823
0 0.535107421875 0.1620616365568544 0.032470703125 0.03719447396386823
2 0.68203125 0.16259298618490967 0.08072916666666667 0.02763018065887354
0 0.49635416666666665 0.4404888416578108 0.4895833333333333 0.3751328374070138
0 0.49635416666666665 0.4404888416578108 0.4895833333333333 0.3751328374070138
0 0.49635416666666665 0.4404888416578108 0.4895833333333333 0.3751328374070138
0 0.615234375 0.6094580233793836 0.06901041666666667 0.015940488841657812
0 0.49635416666666665 0.4404888416578108 0.4895833333333333 0.3751328374070138
0 0.49635416666666665 0.4404888416578108 0.4895833333333333 0.3751328374070138
0 0.49635416666666665 0.4404888416578108 0.4895833333333333 0.3751328374070138
0 0.61536865234375 0.6094580233793836 0.06927897135416666 0.015940488841657812
0 0.49635416666666665 0.4404888416578108 0.4895833333333333 0.3751328374070138
0 0.49635416666666665 0.4404888416578108 0.4895833333333333 0.3751328374070138
0 0.49635416666666665 0.4404888416578108 0.4895833333333333 0.3751328374070138
0 0.49635416666666665 0.4404888416578108 0.4895833333333333 0.3751328374070138
0 0.49635416666666665 0.4404888416578108 0.4895833333333333 0.3751328374070138
0 0.61536865234375 0.6094580233793836 0.06927897135416666 0.015940488841657812
0 0.49635416666666665 0.4404888416578108 0.4895833333333333 0.3751328374070138
0 0.615234375 0.6094580233793836 0.06901041666666667 0.015940488841657812
0 0.49635416666666665 0.7895855472901169 0.4895833333333333 0.1594048884165781
1 0.7091878255208334 0.9234856535600425 0.063916015625 0.025504782146652496
0 0.33125 0.9729011689691818 0.159375 0.05419766206163656
0 0.49635416666666665 0.9729011689691818 0.159375 0.05419766206163656
0 0.6614583333333334 0.9729011689691818 0.159375 0.05419766206163656
0 0.33125 0.9729011689691818 0.159375 0.05419766206163656
0 0.49635416666666665 0.9729011689691818 0.159375 0.05419766206163656
0 0.6614583333333334 0.9729011689691818 0.159375 0.05419766206163656
0 0.33125 0.9729011689691818 0.159375 0.05419766206163656
0 0.49635416666666665 0.9729011689691818 0.159375 0.05419766206163656
0 0.6614583333333334 0.9729011689691818 0.159375 0.05419766206163656
0 0.33125 0.9729011689691818 0.159375 0.05419766206163656
0 0.49635416666666665 0.9729011689691818 0.159375 0.05419766206163656
0 0.6614583333333334 0.9729011689691818 0.159375 0.05419766206163656
