0 0.06432291666666666 0.010095642933049946 0.013020833333333334 0.020191285866099893
0 0.06432291666666666 0.010095642933049946 0.013020833333333334 0.020191285866099893
1 0.1921875 0.3108395324123273 0.017708333333333333 0.03506907545164718
0 0.4249267578125 0.30924548352816156 0.021500651041666666 0.025504782146652496
0 0.4648234049479167 0.30924548352816156 0.05829264322916667 0.025504782146652496
0 0.510791015625 0.30924548352816156 0.033642578125 0.025504782146652496
0 0.5460856119791667 0.30924548352816156 0.036946614583333336 0.025504782146652496
0 0.5751871744791667 0.30924548352816156 0.021256510416666666 0.025504782146652496
0 0.7923421223958333 0.30871413390010627 0.03302408854166667 0.030818278427205102
0 0.2088623046875 0.3804463336875664 0.042724609375 0.021253985122210415
0 0.5 0.3687566418703507 0.2526041666666667 0.06801275239107332
0 0.27273763020833336 0.4357066950053135 0.016259765625 0.01487778958554729
1 0.2829508463541667 0.43351487778958553 0.004166666666666667 0.01700318809776833
0 0.30814208984375 0.4357066950053135 0.0212158203125 0.01487778958554729
1 0.32083333333333336 0.43351487778958553 0.004166666666666667 0.01700318809776833
0 0.35107014973958334 0.4357066950053135 0.03130696614583333 0.01487778958554729
1 0.36880696614583336 0.43351487778958553 0.004166666666666667 0.01700318809776833
0 0.3912556966145833 0.4357066950053135 0.015730794270833334 0.01487778958554729
1 0.4012044270833333 0.43351487778958553 0.004166666666666667 0.01700318809776833
0 0.43034261067708335 0.4357066950053135 0.029109700520833334 0.01487778958554729
1 0.4469807942708333 0.43351487778958553 0.004166666666666667 0.01700318809776833
0 0.47516276041666666 0.4357066950053135 0.027197265625 0.01487778958554729
1 0.4908447265625 0.43351487778958553 0.004166666666666667 0.01700318809776833
0 0.5246907552083333 0.4357066950053135 0.020817057291666666 0.01487778958554729
1 0.5371826171875 0.43351487778958553 0.004166666666666667 0.01700318809776833
0 0.5642740885416667 0.4357066950053135 0.025016276041666667 0.01487778958554729
1 0.5788655598958333 0.43351487778958553 0.004166666666666667 0.01700318809776833
0 0.60770263671875 0.4357066950053135 0.028507486979166666 0.01487778958554729
1 0.6240397135416667 0.43351487778958553 0.004166666666666667 0.01700318809776833
0 0.6566446940104167 0.4357066950053135 0.03604329427083333 0.01487778958554729
1 0.6767496744791667 0.43351487778958553 0.004166666666666667 0.01700318809776833
0 0.711279296875 0.4357066950053135 0.039892578125 0.01487778958554729
1 0.7333089192708333 0.43351487778958553 0.004166666666666667 0.01700318809776833
0 0.5 0.5828905419766206 0.625 0.1944739638682253
0 0.26334228515625 0.8216740834218916 0.1516845703125 0.18745018597236981
0 0.26334228515625 0.9752341259298618 0.1516845703125 0.049531748140276305
0 0.4839396158854167 0.8639744952178533 0.2718017578125 0.2720510095642933
0 0.7247639973958333 0.8575982996811902 0.17547200520833334 0.2592986184909671
0 0.7247639973958333 0.997874601487779 0.17547200520833334 0.004250797024442083
