1 0.05056966145833333 0.0010626992561105207 0.09072265625 0.0021253985122210413
0 0.024739583333333332 0.07226354941551541 0.026041666666666668 0.057385759829968117
1 0.07373453776041666 0.07226354941551541 0.0438232421875 0.06801275239107332
0 0.29375 0.1275239107332625 0.09375 0.13602550478214664
0 0.396875 0.1275239107332625 0.09375 0.13602550478214664
0 0.5 0.1275239107332625 0.09375 0.13602550478214664
0 0.603125 0.1275239107332625 0.09375 0.13602550478214664
0 0.70625 0.1275239107332625 0.09375 0.13602550478214664
0 0.40885823567708335 0.22163921360255048 0.08477376302083334 0.026700318809776833
0 0.4814982096354167 0.22163921360255048 0.0396728515625 0.026700318809776833
0 0.5434488932291667 0.22163921360255048 0.06339518229166667 0.026700318809776833
0 0.60433349609375 0.22163921360255048 0.03754069010416667 0.026700318809776833
1 0.12901204427083332 0.07226354941551541 0.029231770833333334 0.06801275239107332
0 0.29375 0.1275239107332625 0.09375 0.13602550478214664
0 0.396875 0.1275239107332625 0.09375 0.13602550478214664
0 0.5 0.1275239107332625 0.09375 0.13602550478214664
0 0.603125 0.1275239107332625 0.09375 0.13602550478214664
0 0.70625 0.1275239107332625 0.09375 0.13602550478214664
1 0.17716471354166666 0.07226354941551541 0.029573567708333335 0.06801275239107332
0 0.3453125 0.1275239107332625 0.09375 0.13602550478214664
0 0.4484375 0.1275239107332625 0.09375 0.13602550478214664
0 0.5515625 0.1275239107332625 0.09375 0.13602550478214664
0 0.6546875 0.1275239107332625 0.09375 0.13602550478214664
1 0.235302734375 0.07226354941551541 0.04920247395833333 0.06801275239107332
0 0.4484375 0.1275239107332625 0.09375 0.13602550478214664
0 0.5515625 0.1275239107332625 0.09375 0.13602550478214664
0 0.44346516927083335 0.22163921360255048 0.09191080729166666 0.026700318809776833
0 0.5459513346354167 0.22163921360255048 0.09222819010416666 0.026700318809776833
1 0.31104736328125 0.07226354941551541 0.06478678385416667 0.06801275239107332
0 0.29375 0.1275239107332625 0.09375 0.13602550478214664
0 0.396875 0.1275239107332625 0.09375 0.13602550478214664
0 0.5 0.1275239107332625 0.09375 0.13602550478214664
0 0.603125 0.1275239107332625 0.09375 0.13602550478214664
0 0.70625 0.1275239107332625 0.09375 0.13602550478214664
0 0.25976155598958334 0.22163921360255048 0.13685709635416668 0.026700318809776833
0 0.41865234375 0.22163921360255048 0.16009114583333334 0.026700318809776833
0 0.5753214518229167 0.22163921360255048 0.13241373697916667 0.026700318809776833
0 0.72509765625 0.22163921360255048 0.14630533854166666 0.026700318809776833
1 0.38095296223958336 0.07226354941551541 0.0375244140625 0.06801275239107332
0 0.5 0.1275239107332625 0.09375 0.13602550478214664
0 0.3462727864583333 0.22163921360255048 0.054638671875 0.026700318809776833
0 0.4099202473958333 0.22163921360255048 0.05182291666666667 0.026700318809776833
0 0.47467041015625 0.22163921360255048 0.056844075520833336 0.026700318809776833
0 0.5462687174479167 0.22163921360255048 0.06551920572916667 0.026700318809776833
0 0.6300333658854167 0.22163921360255048 0.0811767578125 0.026700318809776833
1 0.4366373697916667 0.07226354941551541 0.03634440104166667 0.06801275239107332
0 0.4484375 0.1275239107332625 0.09375 0.13602550478214664
0 0.5515625 0.1275239107332625 0.09375 0.13602550478214664
0 0.3735148111979167 0.22163921360255048 0.06997884114583333 0.026700318809776833
0 0.45992838541666664 0.22163921360255048 0.08201497395833333 0.026700318809776833
0 0.5448567708333333 0.22163921360255048 0.06700846354166666 0.026700318809776833
0 0.6199178059895833 0.22163921360255048 0.0622802734375 0.026700318809776833
1 0.4977823893229167 0.07226354941551541 0.048445638020833334 0.06801275239107332
0 0.4484375 0.1275239107332625 0.09375 0.13602550478214664
0 0.5515625 0.1275239107332625 0.09375 0.13602550478214664
0 0.32764078776041666 0.22163921360255048 0.04857584635416667 0.026700318809776833
0 0.38056640625 0.22163921360255048 0.03644205729166667 0.026700318809776833
0 0.4476521809895833 0.22163921360255048 0.07689615885416666 0.026700318809776833
0 0.5182413736979167 0.22163921360255048 0.04344889322916667 0.026700318809776833
0 0.5780476888020833 0.22163921360255048 0.05533040364583333 0.026700318809776833
0 0.6511759440104167 0.22163921360255048 0.0700927734375 0.026700318809776833
1 0.8791097005208334 0.07226354941551541 0.046875 0.031880977683315624
1 0.95062255859375 0.07226354941551541 0.0753173828125 0.04543039319872476
0 0.5 0.48884165781083955 1.0 0.7651434643995749
1 0.25439860026041666 0.7826780021253985 0.3257242838541667 0.06269925611052073
1 0.13620198567708333 0.7826780021253985 0.0893310546875 0.06269925611052073
1 0.13620198567708333 0.7826780021253985 0.0846435546875 0.053134962805526036
1 0.13483072916666666 0.9596174282678002 0.08426106770833333 0.08076514346439957
1 0.226123046875 0.9596174282678002 0.08426106770833333 0.08076514346439957
1 0.31741536458333336 0.9596174282678002 0.08426106770833333 0.08076514346439957
1 0.40870768229166665 0.9596174282678002 0.08426106770833333 0.08076514346439957
1 0.5 0.9596174282678002 0.08426106770833333 0.08076514346439957
1 0.5912923177083333 0.9596174282678002 0.08426106770833333 0.08076514346439957
1 0.6825846354166667 0.9596174282678002 0.08426106770833333 0.08076514346439957
1 0.773876953125 0.9596174282678002 0.08426106770833333 0.08076514346439957
1 0.8651692708333333 0.9596174282678002 0.08426106770833333 0.08076514346439957
0 0.11848958333333333 0.16524973432518597 0.14322916666666666 0.33049946865037194
0 0.27109375 0.16524973432518597 0.14322916666666666 0.33049946865037194
0 0.4236979166666667 0.16524973432518597 0.14322916666666666 0.33049946865037194
0 0.5763020833333333 0.16524973432518597 0.14322916666666666 0.33049946865037194
0 0.72890625 0.16524973432518597 0.14322916666666666 0.33049946865037194
0 0.8815104166666666 0.16524973432518597 0.14322916666666666 0.33049946865037194
0 0.11848958333333333 0.5340063761955367 0.14322916666666666 0.33049946865037194
0 0.27109375 0.5340063761955367 0.14322916666666666 0.33049946865037194
0 0.4236979166666667 0.5340063761955367 0.14322916666666666 0.33049946865037194
0 0.5763020833333333 0.5340063761955367 0.14322916666666666 0.33049946865037194
0 0.72890625 0.5340063761955367 0.14322916666666666 0.33049946865037194
0 0.8815104166666666 0.5340063761955367 0.14322916666666666 0.33049946865037194
