0 0.20729166666666668 0.039851222104144525 0.06041666666666667 0.02763018065887354
0 0.27702229817708335 0.039842919766206165 0.06446126302083334 0.037775637619553666
0 0.2755208333333333 0.13532810839532414 0.096875 0.0474893730074389
0 0.2755208333333333 0.18388018065887354 0.096875 0.0474893730074389
0 0.2755208333333333 0.23243225292242295 0.096875 0.0474893730074389
0 0.2755208333333333 0.2809843251859724 0.096875 0.0474893730074389
0 0.2755208333333333 0.3295363974495218 0.096875 0.0474893730074389
0 0.2755208333333333 0.3780884697130712 0.096875 0.0474893730074389
0 0.2755208333333333 0.4266405419766206 0.096875 0.0474893730074389
0 0.3963541666666667 0.13532810839532414 0.096875 0.0474893730074389
0 0.3963541666666667 0.18388018065887354 0.096875 0.0474893730074389
0 0.3963541666666667 0.23243225292242295 0.096875 0.0474893730074389
0 0.3963541666666667 0.2809843251859724 0.096875 0.0474893730074389
0 0.3963541666666667 0.3295363974495218 0.096875 0.0474893730074389
0 0.3963541666666667 0.3780884697130712 0.096875 0.0474893730074389
0 0.3963541666666667 0.4266405419766206 0.096875 0.0474893730074389
0 0.5171875 0.13532810839532414 0.096875 0.0474893730074389
0 0.5171875 0.18388018065887354 0.096875 0.0474893730074389
0 0.5171875 0.23243225292242295 0.096875 0.0474893730074389
0 0.5171875 0.2809843251859724 0.096875 0.0474893730074389
0 0.5171875 0.3295363974495218 0.096875 0.0474893730074389
0 0.5171875 0.3780884697130712 0.096875 0.0474893730074389
0 0.5171875 0.4266405419766206 0.096875 0.0474893730074389
0 0.6380208333333334 0.13532810839532414 0.096875 0.0474893730074389
0 0.6380208333333334 0.18388018065887354 0.096875 0.0474893730074389
0 0.6380208333333334 0.23243225292242295 0.096875 0.0474893730074389
0 0.6380208333333334 0.2809843251859724 0.096875 0.0474893730074389
0 0.6380208333333334 0.3295363974495218 0.096875 0.0474893730074389
0 0.6380208333333334 0.3780884697130712 0.096875 0.0474893730074389
0 0.6380208333333334 0.4266405419766206 0.096875 0.0474893730074389
0 0.367578125 0.039851222104144525 0.09998372395833334 0.058548087141339
0 0.3540445963541667 0.13532810839532414 0.10833333333333334 0.0474893730074389
0 0.3540445963541667 0.18388018065887354 0.10833333333333334 0.0474893730074389
0 0.3540445963541667 0.23243225292242295 0.10833333333333334 0.0474893730074389
0 0.3540445963541667 0.2809843251859724 0.10833333333333334 0.0474893730074389
0 0.45471598307291666 0.039851222104144525 0.05762532552083333 0.058548087141339
0 0.4631429036458333 0.13532810839532414 0.10989583333333333 0.0474893730074389
0 0.4631429036458333 0.18388018065887354 0.10989583333333333 0.0474893730074389
0 0.4631429036458333 0.23243225292242295 0.10989583333333333 0.0474893730074389
0 0.4631429036458333 0.2809843251859724 0.10989583333333333 0.0474893730074389
0 0.4631429036458333 0.340528692879915 0.10989583333333333 0.0694739638682253
0 0.4631429036458333 0.4000730605738576 0.10989583333333333 0.0474893730074389
0 0.4631429036458333 0.448625132837407 0.10989583333333333 0.0474893730074389
0 0.4631429036458333 0.4971772051009564 0.10989583333333333 0.0474893730074389
0 0.5969970703125 0.13532810839532414 0.10989583333333333 0.0474893730074389
0 0.5969970703125 0.18388018065887354 0.10989583333333333 0.0474893730074389
0 0.5969970703125 0.23243225292242295 0.10989583333333333 0.0474893730074389
0 0.5969970703125 0.2809843251859724 0.10989583333333333 0.0474893730074389
0 0.5969970703125 0.3295363974495218 0.10989583333333333 0.0474893730074389
0 0.5969970703125 0.3780884697130712 0.10989583333333333 0.0474893730074389
0 0.5969970703125 0.4266405419766206 0.10989583333333333 0.0474893730074389
0 0.5969970703125 0.47519261424017 0.10989583333333333 0.0474893730074389
0 0.5316691080729167 0.039851222104144525 0.0796142578125 0.058548087141339
0 0.6102783203125 0.039851222104144525 0.0609375 0.058548087141339
0 0.6687744140625 0.039842919766206165 0.039388020833333336 0.037775637619553666
0 0.6855387369791667 0.13532810839532414 0.10833333333333334 0.0474893730074389
0 0.6855387369791667 0.18388018065887354 0.10833333333333334 0.0474893730074389
0 0.6855387369791667 0.23243225292242295 0.10833333333333334 0.0474893730074389
0 0.6855387369791667 0.2809843251859724 0.10833333333333334 0.0474893730074389
0 0.6855387369791667 0.3295363974495218 0.10833333333333334 0.0474893730074389
0 0.6855387369791667 0.3780884697130712 0.10833333333333334 0.0474893730074389
0 0.6855387369791667 0.4266405419766206 0.10833333333333334 0.0474893730074389
0 0.6855387369791667 0.47519261424017 0.10833333333333334 0.0474893730074389
1 0.7405843098958333 0.039851222104144525 0.06569010416666667 0.036131774707757705
0 0.7903605143229167 0.039851222104144525 0.0182373046875 0.04154489904357067
1 0.8151041666666666 0.039851222104144525 0.015625 0.039319872476089264
8 0.6667154947916667 0.039319872476089264 0.17833658854166667 0.048884165781083955
2 0.6667154947916667 0.038788522848034 0.17833658854166667 0.04782146652497343
1 0.7774210611979167 0.039319872476089264 0.03890787760416667 0.040382571732199786
0 0.5 0.3710895988310308 0.6458333333333334 0.3808614505844846
0 0.28125 0.6503387353878852 0.20833333333333334 0.11387486716259299
0 0.5 0.6503387353878852 0.20833333333333334 0.11387486716259299
0 0.71875 0.6503387353878852 0.20833333333333334 0.11387486716259299
0 0.8052001953125 0.975076381509033 0.03543294270833333 0.02410998937300744
