1 0.19558919270833333 0.026567481402763018 0.04742838541666667 0.01700318809776833
1 0.24348551432291668 0.026567481402763018 0.0483642578125 0.01700318809776833
1 0.29561767578125 0.026567481402763018 0.05590006510416667 0.021253985122210415
0 0.5 0.026567481402763018 0.033951822916666666 0.012752391073326248
0 0.7173990885416667 0.026567481402763018 0.05408528645833333 0.012752391073326248
0 0.7587646484375 0.026567481402763018 0.028645833333333332 0.012752391073326248
2 0.490625 0.08926673751328375 0.6270833333333333 0.05100956429330499
1 0.796875 0.08926673751328375 0.009375 0.019128586609989374
1 0.81875 0.08926673751328375 0.01875 0.03825717321997875
0 0.5671671549479167 0.09287825451647184 0.4416259765625 0.062483395324123274
0 0.5 0.3198724760892667 0.19947916666666668 0.08289054197662062
2 0.5859375 0.38257173219978746 0.052083333333333336 0.03506907545164718
0 0.6078125 0.38306987247608926 0.016666666666666666 0.036065356004250794
0 0.352783203125 0.4904357066950053 0.054036458333333336 0.018065887353878853
0 0.40567626953125 0.4904357066950053 0.027791341145833332 0.018065887353878853
0 0.44414876302083334 0.4904357066950053 0.0251953125 0.018065887353878853
0 0.4795166015625 0.4904357066950053 0.02158203125 0.018065887353878853
0 0.52757568359375 0.4904357066950053 0.050577799479166664 0.018065887353878853
0 0.5916829427083333 0.4904357066950053 0.05367838541666667 0.018065887353878853
0 0.6515869140625 0.4904357066950053 0.04217122395833333 0.018065887353878853
0 0.234375 0.8841657810839533 0.09895833333333333 0.05100956429330499
0 0.234375 0.9373007438894793 0.09895833333333333 0.05526036131774708
0 0.3333333333333333 0.8841657810839533 0.09895833333333333 0.05100956429330499
0 0.3333333333333333 0.9373007438894793 0.09895833333333333 0.05526036131774708
0 0.4322916666666667 0.8841657810839533 0.09895833333333333 0.05100956429330499
0 0.4322916666666667 0.9373007438894793 0.09895833333333333 0.05526036131774708
0 0.53125 0.8841657810839533 0.09895833333333333 0.05100956429330499
0 0.53125 0.9373007438894793 0.09895833333333333 0.05526036131774708
0 0.6302083333333334 0.8841657810839533 0.09895833333333333 0.05100956429330499
0 0.4598185221354167 0.3256841126461211 0.05077311197916667 0.019128586609989374
1 0.37469889322916666 0.37244287991498404 0.141064453125 0.019128586609989374
1 0.37469889322916666 0.37244287991498404 0.141064453125 0.023379383634431455
1 0.6386474609375 0.4819009032943677 0.11437174479166666 0.05100956429330499
1 0.33924560546875 0.4819009032943677 0.07015787760416667 0.05100956429330499
0 0.53712158203125 0.5637287460148778 0.04340006510416667 0.02763018065887354
0 0.5720052083333333 0.6014545696068013 0.04150390625 0.015940488841657812
1 0.4854736328125 0.6401102550478215 0.030338541666666666 0.015940488841657812
1 0.4854736328125 0.640741232731137 0.030338541666666666 0.019327842720510097
1 0.400830078125 0.7174216259298618 0.11461588541666666 0.015940488841657812
1 0.400830078125 0.7180526036131775 0.11461588541666666 0.019327842720510097
0 0.33655192057291666 0.7560773113708821 0.04125162760416667 0.015940488841657812
