0 0.5 0.04250797024442083 0.090625 0.044633368756641874
13 0.5 0.04410201912858661 0.090625 0.04144527098831031
1 0.19303385416666666 0.042491365568544104 0.048567708333333334 0.04675876726886291
0 0.244140625 0.04207624867162593 0.021272786458333335 0.021253985122210415
0 0.3027750651041667 0.3587689293304995 0.11770833333333333 0.0433548087141339
1 0.3027750651041667 0.3587689293304995 0.06770833333333333 0.0433548087141339
0 0.73719482421875 0.04250797024442083 0.06473795572916667 0.04675876726886291
1 0.69951171875 0.35902630180658873 0.12760416666666666 0.03400637619553666
1 0.69951171875 0.35902630180658873 0.03177083333333333 0.03400637619553666
2 0.810302734375 0.04250797024442083 0.04293619791666667 0.05100956429330499
0 0.17987060546875 0.10839532412327312 0.0222412109375 0.044633368756641874
0 0.24456380208333334 0.10839532412327312 0.042154947916666664 0.044633368756641874
0 0.31451416015625 0.10839532412327312 0.032755533854166664 0.044633368756641874
0 0.3745361328125 0.10839532412327312 0.022298177083333332 0.044633368756641874
0 0.4381306966145833 0.10839532412327312 0.039900716145833334 0.044633368756641874
0 0.5168497721354167 0.10839532412327312 0.05254720052083333 0.044633368756641874
0 0.5945638020833334 0.10839532412327312 0.037890625 0.044633368756641874
0 0.6674886067708333 0.10839532412327312 0.04296875 0.044633368756641874
0 0.7388020833333333 0.10839532412327312 0.03466796875 0.044633368756641874
0 0.81046142578125 0.10839532412327312 0.043660481770833336 0.044633368756641874
1 0.5 0.410201912858661 0.21614583333333334 0.04250797024442083
1 0.5138020833333333 0.410201912858661 0.057291666666666664 0.04250797024442083
1 0.5794270833333334 0.410201912858661 0.057291666666666664 0.04250797024442083
0 0.3375 0.2771569473963868 0.325 0.21425013283740701
0 0.33634033203125 0.4212606269925611 0.3226806640625 0.022947662061636558
0 0.32967936197916664 0.4527098831030818 0.30935872395833336 0.022947662061636558
0 0.225 0.6193378055260361 0.1 0.206163655685441
0 0.225 0.7697097502656748 0.1 0.023379383634431455
0 0.3375 0.6193378055260361 0.1 0.206163655685441
0 0.3375 0.7697097502656748 0.1 0.023379383634431455
0 0.45 0.6193378055260361 0.1 0.206163655685441
0 0.45 0.7697097502656748 0.1 0.023379383634431455
0 0.225 0.917532877258236 0.1 0.16493424548352817
0 0.3375 0.917532877258236 0.1 0.16493424548352817
0 0.45 0.917532877258236 0.1 0.16493424548352817
0 0.6 0.2826780021253985 0.125 0.2252922422954304
0 0.6 0.41870350690754515 0.125 0.023379383634431455
0 0.6 0.45111583421891605 0.125 0.023379383634431455
0 0.6 0.48352816153028694 0.125 0.023379383634431455
0 0.6 0.6647183846971307 0.125 0.2252922422954304
0 0.6 0.8581296493092455 0.125 0.05100956429330499
0 0.6 0.9643995749202976 0.125 0.05100956429330499
0 0.7625 0.2826780021253985 0.125 0.2252922422954304
0 0.7625 0.44261424017003187 0.125 0.023379383634431455
0 0.7625 0.47502656748140276 0.125 0.023379383634431455
0 0.7625 0.6562167906482466 0.125 0.2252922422954304
0 0.7625 0.9120616365568545 0.125 0.1758767268862912
0 0.337060546875 0.9543039319872476 0.05489908854166667 0.01487778958554729
0 0.4366536458333333 0.9543039319872476 0.0544921875 0.01487778958554729
1 0.8153279622395834 0.9436769394261424 0.06309407552083333 0.0765143464399575
1 0.8111612955729167 0.9436769394261424 0.0547607421875 0.04250797024442083
