11 0.21374918619791666 0.02751394792773645 0.03687337239583333 0.03772582359192349
0 0.21374918619791666 0.02751394792773645 0.03687337239583333 0.03772582359192349
11 0.2635904947916667 0.02751394792773645 0.06280924479166666 0.03772582359192349
0 0.2635904947916667 0.02751394792773645 0.06280924479166666 0.03772582359192349
11 0.3149617513020833 0.02751394792773645 0.039933268229166666 0.03772582359192349
0 0.3149617513020833 0.02751394792773645 0.039933268229166666 0.03772582359192349
11 0.35385335286458336 0.02751394792773645 0.03784993489583333 0.03772582359192349
0 0.35385335286458336 0.02751394792773645 0.03784993489583333 0.03772582359192349
11 0.3876261393229167 0.02751394792773645 0.029695638020833335 0.03772582359192349
0 0.3876261393229167 0.02751394792773645 0.029695638020833335 0.03772582359192349
11 0.5425333658854167 0.02751394792773645 0.029353841145833334 0.03772582359192349
0 0.5425333658854167 0.02751394792773645 0.029353841145833334 0.03772582359192349
11 0.57989501953125 0.02751394792773645 0.045369466145833336 0.03772582359192349
0 0.57989501953125 0.02751394792773645 0.045369466145833336 0.03772582359192349
11 0.6301432291666667 0.02751394792773645 0.055126953125 0.03772582359192349
0 0.6301432291666667 0.02751394792773645 0.055126953125 0.03772582359192349
11 0.67442626953125 0.02751394792773645 0.03343912760416667 0.03772582359192349
0 0.67442626953125 0.02751394792773645 0.03343912760416667 0.03772582359192349
1 0.75 0.02751394792773645 0.109375 0.04483262486716259
5 0.6950520833333333 0.004566285866099894 0.0005208333333333333 0.0010626992561105207
2 0.75 0.02751394792773645 0.109375 0.04483262486716259
1 0.793701171875 0.02751394792773645 0.017805989583333334 0.036331030818278424
0 0.25390625 0.0960414452709883 0.1171875 0.044633368756641874
11 0.44166666666666665 0.0960414452709883 0.03689778645833333 0.032810839532412324
1 0.44166666666666665 0.0960414452709883 0.03689778645833333 0.032810839532412324
11 0.5167236328125 0.0960414452709883 0.06321614583333333 0.032810839532412324
1 0.5167236328125 0.0960414452709883 0.06321614583333333 0.032810839532412324
11 0.6038736979166667 0.0960414452709883 0.061083984375 0.032810839532412324
1 0.6038736979166667 0.0960414452709883 0.061083984375 0.032810839532412324
11 0.6857706705729166 0.0960414452709883 0.0527099609375 0.032810839532412324
1 0.6857706705729166 0.0960414452709883 0.0527099609375 0.032810839532412324
11 0.7709065755208333 0.0960414452709883 0.06756184895833334 0.032810839532412324
1 0.7709065755208333 0.0960414452709883 0.06756184895833334 0.032810839532412324
0 0.5 0.42610919234856537 1.0 0.5781083953241233
0 0.2916666666666667 0.8735221838469713 0.19270833333333334 0.2529556323060574
0 0.5 0.8735221838469713 0.19270833333333334 0.2529556323060574
0 0.7189290364583333 0.8477683315621679 0.14453125 0.028692879914984058
0 0.7189290364583333 0.937134697130712 0.14453125 0.08607863974495218
0 0.7189290364583333 0.998904091392136 0.14453125 0.002191817215727949
