1 0.04322102864583333 0.04250797024442083 0.069775390625 0.03719447396386823
0 0.04322102864583333 0.04091392136025505 0.069775390625 0.03400637619553666
0 0.09896647135416667 0.04250797024442083 0.04171549479166667 0.05100956429330499
0 0.14298909505208332 0.04250797024442083 0.04632975260416667 0.05100956429330499
0 0.785400390625 0.04250797024442083 0.023942057291666666 0.019128586609989374
0 0.83179931640625 0.04250797024442083 0.0355224609375 0.019128586609989374
0 0.87728271484375 0.04250797024442083 0.022111002604166666 0.019128586609989374
1 0.9272542317708333 0.04250797024442083 0.03616536458333333 0.04250797024442083
1 0.9705851236979167 0.04250797024442083 0.0421630859375 0.04250797024442083
1 0.4828125 0.43549083421891605 0.011458333333333333 0.026567481402763018
1 0.4942708333333333 0.43549083421891605 0.011458333333333333 0.026567481402763018
1 0.5057291666666667 0.43549083421891605 0.011458333333333333 0.026567481402763018
1 0.5171875 0.43549083421891605 0.011458333333333333 0.026567481402763018
1 0.5 0.8733165063969514 0.025 0.05100956429330499
1 0.5 0.9681190223166843 1.0 0.019128586609989374
