1 0.015625 0.031880977683315624 0.03125 0.06376195536663125
1 0.04739583333333333 0.031880977683315624 0.03125 0.06376195536663125
0 0.115625 0.031880977683315624 0.10416666666666667 0.06376195536663125
1 0.015625 0.031880977683315624 0.03125 0.06376195536663125
2 0.08333333333333333 0.031880977683315624 0.10416666666666667 0.06376195536663125
1 0.15104166666666666 0.031880977683315624 0.03125 0.06376195536663125
0 0.18427734375 0.031880977683315624 0.019596354166666666 0.06376195536663125
0 0.21125081380208333 0.031880977683315624 0.0093505859375 0.06376195536663125
0 0.24691162109375 0.031880977683315624 0.036971028645833334 0.06376195536663125
0 0.28739827473958335 0.031880977683315624 0.019002278645833332 0.06376195536663125
0 0.3253987630208333 0.031880977683315624 0.031998697916666666 0.06376195536663125
0 0.383935546875 0.031880977683315624 0.060074869791666666 0.06376195536663125
0 0.43538818359375 0.031880977683315624 0.017830403645833333 0.06376195536663125
0 0.47513427734375 0.031880977683315624 0.036661783854166664 0.06376195536663125
0 0.5177449544270833 0.031880977683315624 0.0235595703125 0.06376195536663125
0 0.5548177083333333 0.031880977683315624 0.0255859375 0.06376195536663125
0 0.5979451497395833 0.031880977683315624 0.0356689453125 0.06376195536663125
1 0.8581990559895833 0.031880977683315624 0.0800537109375 0.06376195536663125
1 0.9161539713541667 0.031880977683315624 0.034814453125 0.06376195536663125
0 0.9161539713541667 0.031880977683315624 0.018147786458333332 0.01700318809776833
0 0.967041015625 0.031880977683315624 0.04925130208333333 0.05100956429330499
0 0.5 0.41764080765143463 0.26640625 0.06376195536663125
0 0.6883829752604167 0.5478214665249734 0.09615071614583333 0.04782146652497343
0 0.7238321940104167 0.5993623804463337 0.018741861979166666 0.01487778958554729
0 0.3237833658854167 0.7167906482465463 0.24131673177083332 0.1434643995749203
0 0.3237833658854167 0.9378320935175345 0.24131673177083332 0.12221041445270989
0 0.49999593098958334 0.7064542375132837 0.09027506510416666 0.12279157810839532
0 0.49999593098958334 0.8135460945802337 0.09027506510416666 0.07013815090329437
0 0.49999593098958334 0.9370599760892667 0.09027506510416666 0.12588004782146653
0 0.67620849609375 0.7008501594048884 0.24131673177083332 0.11158342189160468
0 0.67620849609375 0.8836344314558979 0.24131673177083332 0.23273113708820403
