0 0.6298055013020833 0.08463403294367694 0.0195556640625 0.019128586609989374
0 0.38805745442708334 0.41315754516471836 0.055281575520833334 0.019128586609989374
0 0.55521240234375 0.4769195005313496 0.0663818359375 0.019128586609989374
0 0.48835856119791665 0.5088004782146652 0.2558837890625 0.040382571732199786
0 0.47301025390625 0.8679928267800212 0.08780110677083333 0.019128586609989374
1 0.5 0.8856103878852285 0.3125 0.1487778958554729
1 0.5 0.8468218650371945 0.2791666666666667 0.04994686503719448
1 0.5 0.9137719181721573 0.2791666666666667 0.04994686503719448
0 0.5534708658854167 0.9908508235919234 0.042342122395833334 0.018298352816153027
0 0.24792073567708334 0.010095642933049946 0.048445638020833334 0.011689691817215728
0 0.2866902669270833 0.010095642933049946 0.0124267578125 0.011689691817215728
0 0.318896484375 0.010095642933049946 0.035319010416666664 0.011689691817215728
0 0.35202229817708336 0.010095642933049946 0.014265950520833333 0.011689691817215728
0 0.39307861328125 0.010095642933049946 0.05118001302083333 0.011689691817215728
0 0.4432576497395833 0.010095642933049946 0.032511393229166664 0.011689691817215728
0 0.49862060546875 0.010095642933049946 0.0615478515625 0.011689691817215728
0 0.5472412109375 0.010095642933049946 0.019026692708333334 0.011689691817215728
0 0.5719930013020833 0.010095642933049946 0.013810221354166667 0.011689691817215728
0 0.6153076171875 0.010095642933049946 0.05615234375 0.011689691817215728
0 0.6654581705729167 0.010095642933049946 0.027482096354166666 0.011689691817215728
0 0.7024495442708333 0.010095642933049946 0.029833984375 0.011689691817215728
0 0.7435587565104167 0.010095642933049946 0.0357177734375 0.011689691817215728
0 0.7806355794270833 0.010095642933049946 0.021769205729166668 0.011689691817215728
0 0.8133056640625 0.010095642933049946 0.026904296875 0.011689691817215728
0 0.8611653645833334 0.010095642933049946 0.0521484375 0.011689691817215728
0 0.923583984375 0.010095642933049946 0.05602213541666667 0.011689691817215728
0 0.9729532877604167 0.010095642933049946 0.0260498046875 0.011689691817215728
0 0.99715576171875 0.010095642933049946 0.0056884765625 0.011689691817215728
0 0.5 0.05844845908607864 0.125 0.07438894792773645
0 0.7781168619791666 0.04782146652497343 0.042740885416666666 0.01700318809776833
0 0.8083333333333333 0.04782146652497343 0.008333333333333333 0.020191285866099893
0 0.288818359375 0.11477151965993623 0.029915364583333333 0.01381509032943677
8 0.3667236328125 0.2869287991498406 0.18572591145833334 0.30605738575983
0 0.32237548828125 0.16790648246546228 0.08036295572916667 0.03400637619553666
0 0.32237548828125 0.20191285866099895 0.08036295572916667 0.03400637619553666
0 0.32237548828125 0.2359192348565356 0.08036295572916667 0.03400637619553666
0 0.32237548828125 0.26992561105207225 0.08036295572916667 0.03400637619553666
0 0.32237548828125 0.30393198724760895 0.08036295572916667 0.03400637619553666
0 0.32237548828125 0.3379383634431456 0.08036295572916667 0.03400637619553666
0 0.32237548828125 0.37194473963868224 0.08036295572916667 0.03400637619553666
0 0.32237548828125 0.4059511158342189 0.08036295572916667 0.03400637619553666
0 0.41107177734375 0.16790648246546228 0.08036295572916667 0.03400637619553666
0 0.41107177734375 0.20191285866099895 0.08036295572916667 0.03400637619553666
0 0.41107177734375 0.2359192348565356 0.08036295572916667 0.03400637619553666
0 0.41107177734375 0.26992561105207225 0.08036295572916667 0.03400637619553666
0 0.41107177734375 0.30393198724760895 0.08036295572916667 0.03400637619553666
0 0.41107177734375 0.3379383634431456 0.08036295572916667 0.03400637619553666
0 0.41107177734375 0.37194473963868224 0.08036295572916667 0.03400637619553666
0 0.31990152994791665 0.11477151965993623 0.0322509765625 0.01381509032943677
8 0.351171875 0.2359192348565356 0.09479166666666666 0.20403825717321997
0 0.351171875 0.16790648246546228 0.078125 0.03400637619553666
0 0.351171875 0.20191285866099895 0.078125 0.03400637619553666
0 0.351171875 0.2359192348565356 0.078125 0.03400637619553666
0 0.351171875 0.26992561105207225 0.078125 0.03400637619553666
0 0.351171875 0.30393198724760895 0.078125 0.03400637619553666
0 0.3735432942708333 0.11477151965993623 0.07503255208333333 0.01381509032943677
8 0.3834228515625 0.35494155154091395 0.09479166666666666 0.44208289054197664
0 0.3834228515625 0.16790648246546228 0.078125 0.03400637619553666
0 0.3834228515625 0.20191285866099895 0.078125 0.03400637619553666
0 0.3834228515625 0.2359192348565356 0.078125 0.03400637619553666
0 0.3834228515625 0.26992561105207225 0.078125 0.03400637619553666
0 0.3834228515625 0.30393198724760895 0.078125 0.03400637619553666
0 0.3834228515625 0.3379383634431456 0.078125 0.03400637619553666
0 0.3834228515625 0.37194473963868224 0.078125 0.03400637619553666
0 0.3834228515625 0.4059511158342189 0.078125 0.03400637619553666
0 0.3834228515625 0.4399574920297556 0.078125 0.03400637619553666
0 0.3834228515625 0.47396386822529224 0.078125 0.03400637619553666
0 0.3834228515625 0.5079702444208289 0.078125 0.03400637619553666
0 0.3834228515625 0.5419766206163655 0.078125 0.03400637619553666
0 0.43500162760416666 0.11477151965993623 0.04788411458333333 0.01381509032943677
8 0.4584554036458333 0.25292242295430395 0.09479166666666666 0.23804463336875664
0 0.4584554036458333 0.16790648246546228 0.078125 0.03400637619553666
0 0.4584554036458333 0.20191285866099895 0.078125 0.03400637619553666
0 0.4584554036458333 0.2359192348565356 0.078125 0.03400637619553666
0 0.4584554036458333 0.26992561105207225 0.078125 0.03400637619553666
0 0.4584554036458333 0.30393198724760895 0.078125 0.03400637619553666
0 0.4584554036458333 0.3379383634431456 0.078125 0.03400637619553666
0 0.47637532552083334 0.11477151965993623 0.03486328125 0.01381509032943677
8 0.5 0.35494155154091395 0.625 0.44208289054197664
0 0.25333251953125 0.16790648246546228 0.11499837239583334 0.03400637619553666
0 0.25333251953125 0.20191285866099895 0.11499837239583334 0.03400637619553666
0 0.25333251953125 0.2359192348565356 0.11499837239583334 0.03400637619553666
0 0.25333251953125 0.26992561105207225 0.11499837239583334 0.03400637619553666
0 0.25333251953125 0.30393198724760895 0.11499837239583334 0.03400637619553666
0 0.25333251953125 0.3379383634431456 0.11499837239583334 0.03400637619553666
0 0.25333251953125 0.37194473963868224 0.11499837239583334 0.03400637619553666
0 0.25333251953125 0.4059511158342189 0.11499837239583334 0.03400637619553666
0 0.25333251953125 0.4399574920297556 0.11499837239583334 0.03400637619553666
0 0.25333251953125 0.47396386822529224 0.11499837239583334 0.03400637619553666
0 0.25333251953125 0.5079702444208289 0.11499837239583334 0.03400637619553666
0 0.25333251953125 0.5419766206163655 0.11499837239583334 0.03400637619553666
0 0.37666422526041665 0.16790648246546228 0.11499837239583334 0.03400637619553666
0 0.37666422526041665 0.20191285866099895 0.11499837239583334 0.03400637619553666
0 0.37666422526041665 0.2359192348565356 0.11499837239583334 0.03400637619553666
0 0.37666422526041665 0.26992561105207225 0.11499837239583334 0.03400637619553666
0 0.37666422526041665 0.30393198724760895 0.11499837239583334 0.03400637619553666
0 0.37666422526041665 0.3379383634431456 0.11499837239583334 0.03400637619553666
0 0.37666422526041665 0.37194473963868224 0.11499837239583334 0.03400637619553666
0 0.37666422526041665 0.4059511158342189 0.11499837239583334 0.03400637619553666
0 0.37666422526041665 0.4399574920297556 0.11499837239583334 0.03400637619553666
0 0.37666422526041665 0.47396386822529224 0.11499837239583334 0.03400637619553666
0 0.37666422526041665 0.5079702444208289 0.11499837239583334 0.03400637619553666
0 0.37666422526041665 0.5419766206163655 0.11499837239583334 0.03400637619553666
0 0.49999593098958334 0.16790648246546228 0.11499837239583334 0.03400637619553666
0 0.49999593098958334 0.20191285866099895 0.11499837239583334 0.03400637619553666
0 0.49999593098958334 0.2359192348565356 0.11499837239583334 0.03400637619553666
0 0.49999593098958334 0.26992561105207225 0.11499837239583334 0.03400637619553666
0 0.49999593098958334 0.30393198724760895 0.11499837239583334 0.03400637619553666
0 0.49999593098958334 0.3379383634431456 0.11499837239583334 0.03400637619553666
0 0.49999593098958334 0.37194473963868224 0.11499837239583334 0.03400637619553666
0 0.49999593098958334 0.4059511158342189 0.11499837239583334 0.03400637619553666
0 0.49999593098958334 0.4399574920297556 0.11499837239583334 0.03400637619553666
0 0.49999593098958334 0.47396386822529224 0.11499837239583334 0.03400637619553666
0 0.49999593098958334 0.5079702444208289 0.11499837239583334 0.03400637619553666
0 0.49999593098958334 0.5419766206163655 0.11499837239583334 0.03400637619553666
0 0.62332763671875 0.16790648246546228 0.11499837239583334 0.03400637619553666
0 0.62332763671875 0.20191285866099895 0.11499837239583334 0.03400637619553666
0 0.62332763671875 0.2359192348565356 0.11499837239583334 0.03400637619553666
0 0.62332763671875 0.26992561105207225 0.11499837239583334 0.03400637619553666
0 0.62332763671875 0.30393198724760895 0.11499837239583334 0.03400637619553666
0 0.62332763671875 0.3379383634431456 0.11499837239583334 0.03400637619553666
0 0.62332763671875 0.37194473963868224 0.11499837239583334 0.03400637619553666
0 0.62332763671875 0.4059511158342189 0.11499837239583334 0.03400637619553666
0 0.62332763671875 0.4399574920297556 0.11499837239583334 0.03400637619553666
0 0.62332763671875 0.47396386822529224 0.11499837239583334 0.03400637619553666
0 0.62332763671875 0.5079702444208289 0.11499837239583334 0.03400637619553666
0 0.62332763671875 0.5419766206163655 0.11499837239583334 0.03400637619553666
0 0.7466593424479167 0.16790648246546228 0.11499837239583334 0.03400637619553666
0 0.7466593424479167 0.20191285866099895 0.11499837239583334 0.03400637619553666
0 0.7466593424479167 0.2359192348565356 0.11499837239583334 0.03400637619553666
0 0.7466593424479167 0.26992561105207225 0.11499837239583334 0.03400637619553666
0 0.7466593424479167 0.30393198724760895 0.11499837239583334 0.03400637619553666
0 0.7466593424479167 0.3379383634431456 0.11499837239583334 0.03400637619553666
0 0.7466593424479167 0.37194473963868224 0.11499837239583334 0.03400637619553666
0 0.7466593424479167 0.4059511158342189 0.11499837239583334 0.03400637619553666
0 0.50880126953125 0.11477151965993623 0.029988606770833332 0.01381509032943677
8 0.5412027994791667 0.35494155154091395 0.09479166666666666 0.44208289054197664
0 0.5412027994791667 0.16790648246546228 0.078125 0.03400637619553666
0 0.5412027994791667 0.20191285866099895 0.078125 0.03400637619553666
0 0.5412027994791667 0.2359192348565356 0.078125 0.03400637619553666
0 0.5412027994791667 0.26992561105207225 0.078125 0.03400637619553666
0 0.5412027994791667 0.30393198724760895 0.078125 0.03400637619553666
0 0.5412027994791667 0.3379383634431456 0.078125 0.03400637619553666
0 0.5412027994791667 0.37194473963868224 0.078125 0.03400637619553666
0 0.5412027994791667 0.4059511158342189 0.078125 0.03400637619553666
0 0.5412027994791667 0.4399574920297556 0.078125 0.03400637619553666
0 0.5412027994791667 0.47396386822529224 0.078125 0.03400637619553666
0 0.5412027994791667 0.5079702444208289 0.078125 0.03400637619553666
0 0.5412027994791667 0.5419766206163655 0.078125 0.03400637619553666
0 0.534375 0.11477151965993623 0.021158854166666668 0.01381509032943677
0 0.5639607747395833 0.11477151965993623 0.0380126953125 0.01381509032943677
8 0.5355712890625 0.25292242295430395 0.09479166666666666 0.23804463336875664
0 0.5355712890625 0.16790648246546228 0.078125 0.03400637619553666
0 0.5355712890625 0.20191285866099895 0.078125 0.03400637619553666
0 0.5355712890625 0.2359192348565356 0.078125 0.03400637619553666
0 0.5355712890625 0.26992561105207225 0.078125 0.03400637619553666
0 0.5355712890625 0.30393198724760895 0.078125 0.03400637619553666
0 0.5355712890625 0.3379383634431456 0.078125 0.03400637619553666
0 0.6097615559895834 0.11477151965993623 0.0535888671875 0.01381509032943677
8 0.58916015625 0.21891604675876727 0.09479166666666666 0.17003188097768332
0 0.58916015625 0.16790648246546228 0.078125 0.03400637619553666
0 0.58916015625 0.20191285866099895 0.078125 0.03400637619553666
0 0.58916015625 0.2359192348565356 0.078125 0.03400637619553666
0 0.58916015625 0.26992561105207225 0.078125 0.03400637619553666
0 0.65634765625 0.11477151965993623 0.03958333333333333 0.01381509032943677
1 0.69697265625 0.11477151965993623 0.041666666666666664 0.03825717321997875
1 0.71416015625 0.11520324123273114 0.007291666666666667 0.0010626992561105207
0 0.25841878255208334 0.18703506907545164 0.10850423177083333 0.01487778958554729
0 0.25841878255208334 0.21891604675876727 0.10850423177083333 0.01487778958554729
0 0.25841878255208334 0.2507970244420829 0.10850423177083333 0.01487778958554729
0 0.25841878255208334 0.2826780021253985 0.10850423177083333 0.01487778958554729
0 0.25841878255208334 0.3145589798087141 0.10850423177083333 0.01487778958554729
0 0.25841878255208334 0.34643995749202977 0.10850423177083333 0.01487778958554729
0 0.25841878255208334 0.3783209351753454 0.10850423177083333 0.01487778958554729
0 0.25841878255208334 0.410201912858661 0.10850423177083333 0.01487778958554729
0 0.25841878255208334 0.44208289054197664 0.10850423177083333 0.01487778958554729
0 0.25841878255208334 0.47396386822529224 0.10850423177083333 0.01487778958554729
0 0.35537923177083336 0.22369819341126462 0.052083333333333336 0.10520722635494155
0 0.41006673177083336 0.22369819341126462 0.052083333333333336 0.10520722635494155
0 0.46475423177083336 0.22369819341126462 0.052083333333333336 0.10520722635494155
0 0.5194417317708333 0.22369819341126462 0.052083333333333336 0.10520722635494155
0 0.35537923177083336 0.33421891604675874 0.052083333333333336 0.10520722635494155
0 0.41006673177083336 0.33421891604675874 0.052083333333333336 0.10520722635494155
0 0.46475423177083336 0.33421891604675874 0.052083333333333336 0.10520722635494155
0 0.5194417317708333 0.33421891604675874 0.052083333333333336 0.10520722635494155
0 0.35537923177083336 0.4447396386822529 0.052083333333333336 0.10520722635494155
0 0.41006673177083336 0.4532412327311371 0.052083333333333336 0.12221041445270989
0 0.46475423177083336 0.4532412327311371 0.052083333333333336 0.12221041445270989
0 0.5194417317708333 0.4447396386822529 0.052083333333333336 0.10520722635494155
0 0.35537923177083336 0.5722635494155154 0.052083333333333336 0.10520722635494155
0 0.41006673177083336 0.5722635494155154 0.052083333333333336 0.10520722635494155
0 0.46475423177083336 0.5807651434643996 0.052083333333333336 0.12221041445270989
0 0.6164021809895833 0.18703506907545164 0.10850423177083333 0.01487778958554729
0 0.6164021809895833 0.21891604675876727 0.10850423177083333 0.01487778958554729
0 0.6164021809895833 0.2507970244420829 0.10850423177083333 0.01487778958554729
0 0.6164021809895833 0.2826780021253985 0.10850423177083333 0.01487778958554729
0 0.6164021809895833 0.3145589798087141 0.10850423177083333 0.01487778958554729
0 0.6164021809895833 0.34643995749202977 0.10850423177083333 0.01487778958554729
0 0.6164021809895833 0.3783209351753454 0.10850423177083333 0.01487778958554729
0 0.6164021809895833 0.410201912858661 0.10850423177083333 0.01487778958554729
0 0.6164021809895833 0.48352816153028694 0.10850423177083333 0.01487778958554729
0 0.6164021809895833 0.5154091392136025 0.10850423177083333 0.01487778958554729
0 0.6164021809895833 0.5472901168969182 0.10850423177083333 0.01487778958554729
0 0.6164021809895833 0.5791710945802337 0.10850423177083333 0.01487778958554729
0 0.6164021809895833 0.6110520722635494 0.10850423177083333 0.01487778958554729
0 0.6164021809895833 0.6429330499468651 0.10850423177083333 0.01487778958554729
0 0.6164021809895833 0.6748140276301806 0.10850423177083333 0.01487778958554729
0 0.7415730794270833 0.18703506907545164 0.10850423177083333 0.01487778958554729
0 0.7415730794270833 0.21891604675876727 0.10850423177083333 0.01487778958554729
0 0.7415730794270833 0.2507970244420829 0.10850423177083333 0.01487778958554729
0 0.7415730794270833 0.2826780021253985 0.10850423177083333 0.01487778958554729
0 0.7415730794270833 0.3145589798087141 0.10850423177083333 0.01487778958554729
0 0.7415730794270833 0.34643995749202977 0.10850423177083333 0.01487778958554729
0 0.7415730794270833 0.3783209351753454 0.10850423177083333 0.01487778958554729
0 0.7415730794270833 0.410201912858661 0.10850423177083333 0.01487778958554729
0 0.7415730794270833 0.44208289054197664 0.10850423177083333 0.01487778958554729
0 0.7415730794270833 0.47396386822529224 0.10850423177083333 0.01487778958554729
0 0.7415730794270833 0.5058448459086079 0.10850423177083333 0.01487778958554729
0 0.7415730794270833 0.5377258235919234 0.10850423177083333 0.01487778958554729
0 0.7415730794270833 0.5696068012752391 0.10850423177083333 0.01487778958554729
0 0.7415730794270833 0.6014877789585548 0.10850423177083333 0.01487778958554729
0 0.22023111979166668 0.8071200850159405 0.04879557291666667 0.020191285866099893
0 0.2897135416666667 0.8071200850159405 0.06702473958333334 0.020191285866099893
0 0.3630777994791667 0.8071200850159405 0.056559244791666664 0.020191285866099893
0 0.4297607421875 0.8071200850159405 0.053662109375 0.020191285866099893
0 0.48238525390625 0.8071200850159405 0.0284423828125 0.020191285866099893
0 0.5487467447916666 0.8071200850159405 0.08113606770833333 0.020191285866099893
0 0.6268025716145833 0.8071200850159405 0.0518310546875 0.020191285866099893
0 0.6762980143229167 0.8071200850159405 0.024015299479166665 0.020191285866099893
0 0.44512939453125 0.2895855472901169 0.07295735677083333 0.015940488841657812
0 0.5817586263020833 0.2895855472901169 0.0784912109375 0.015940488841657812
0 0.20440673828125 0.3980804994686504 0.0338134765625 0.01487778958554729
13 0.25859375 0.6097735122210415 0.1421875 0.22316684378320936
0 0.2544026692708333 0.5699222901168969 0.13380533854166668 0.15834218916046758
0 0.21372477213541666 0.6538755313496281 0.052449544270833336 0.015940488841657812
0 0.2702433268229167 0.6528128320935175 0.014900716145833333 0.01381509032943677
0 0.26197916666666665 0.6958521519659936 0.13541666666666666 0.05100956429330499
0 0.25859375 0.6097735122210415 0.1421875 0.22316684378320936
0 0.22596028645833333 0.8233760626992561 0.07692057291666667 0.1339001062699256
0 0.2116455078125 0.8982963602550478 0.048291015625 0.015940488841657812
0 0.19377034505208332 0.9131741498405951 0.012540690104166667 0.01381509032943677
0 0.25859375 0.8398479011689692 0.1421875 0.16046758767268862
0 0.25738525390625 0.9775753852284803 0.1397705078125 0.04484922954303932
0 0.25859375 0.9791694341126461 0.1421875 0.04166113177470776
13 0.5 0.7490950451647184 0.303125 0.5018099096705633
0 0.49443359375 0.9616099893730075 0.2919921875 0.061636556854410204
0 0.5 0.7490950451647184 0.303125 0.5018099096705633
0 0.738525390625 0.5406980605738576 0.13642578125 0.09139213602550478
0 0.68905029296875 0.5954270722635494 0.0374755859375 0.015940488841657812
0 0.7379109700520833 0.5943643730074389 0.014558919270833333 0.01381509032943677
0 0.74140625 0.5507937035069076 0.1421875 0.10520722635494155
0 0.741259765625 0.6947894527098831 0.14189453125 0.1126461211477152
0 0.692529296875 0.7601454569606801 0.04443359375 0.015940488841657812
0 0.74183349609375 0.7601454569606801 0.050008138020833336 0.015940488841657812
0 0.7970865885416667 0.7590827577045696 0.014811197916666666 0.01381509032943677
0 0.74140625 0.704885095642933 0.1421875 0.12646121147715197
0 0.74140625 0.9031864373007439 0.1421875 0.19362712539851223
