0 0.02904052734375 0.06057385759829968 0.04141438802083333 0.12114771519659936
0 0.5 0.04675876726886291 0.15625 0.040382571732199786
11 0.22400309244791666 0.09883103081827843 0.0209228515625 0.053134962805526036
0 0.22139892578125 0.09883103081827843 0.015714518229166665 0.053134962805526036
11 0.24701741536458333 0.09883103081827843 0.025105794270833332 0.053134962805526036
0 0.24701741536458333 0.09883103081827843 0.014689127604166666 0.053134962805526036
11 0.2731852213541667 0.09883103081827843 0.027229817708333333 0.053134962805526036
0 0.2731852213541667 0.09883103081827843 0.016813151041666665 0.053134962805526036
11 0.2994913736979167 0.09883103081827843 0.025382486979166667 0.053134962805526036
0 0.2994913736979167 0.09883103081827843 0.0149658203125 0.053134962805526036
11 0.3378092447916667 0.09883103081827843 0.051253255208333334 0.053134962805526036
0 0.3378092447916667 0.09883103081827843 0.04083658854166667 0.053134962805526036
11 0.3855794270833333 0.09883103081827843 0.044287109375 0.053134962805526036
0 0.3855794270833333 0.09883103081827843 0.03387044270833333 0.053134962805526036
11 0.42806396484375 0.09883103081827843 0.04068196614583333 0.053134962805526036
0 0.42806396484375 0.09883103081827843 0.030265299479166667 0.053134962805526036
11 0.4637532552083333 0.09883103081827843 0.030696614583333334 0.053134962805526036
0 0.4637532552083333 0.09883103081827843 0.020279947916666666 0.053134962805526036
11 0.49394124348958335 0.09883103081827843 0.029679361979166666 0.053134962805526036
0 0.49394124348958335 0.09883103081827843 0.0192626953125 0.053134962805526036
11 0.5273518880208333 0.09883103081827843 0.03714192708333333 0.053134962805526036
0 0.5273518880208333 0.09883103081827843 0.026725260416666667 0.053134962805526036
11 0.5556233723958334 0.09883103081827843 0.019401041666666667 0.053134962805526036
0 0.5556233723958334 0.09883103081827843 0.008984375 0.053134962805526036
11 0.5556233723958334 0.1806588735387885 0.078125 0.025504782146652496
0 0.5476399739583333 0.1806588735387885 0.062158203125 0.01700318809776833
11 0.5556233723958334 0.23804463336875664 0.078125 0.025504782146652496
0 0.5345296223958333 0.23804463336875664 0.0359375 0.01700318809776833
11 0.5556233723958334 0.29543039319872477 0.078125 0.025504782146652496
0 0.5307413736979166 0.29543039319872477 0.028361002604166668 0.01700318809776833
11 0.5556233723958334 0.3528161530286929 0.078125 0.025504782146652496
0 0.5258585611979166 0.3528161530286929 0.018595377604166668 0.01700318809776833
11 0.5556233723958334 0.410201912858661 0.078125 0.025504782146652496
0 0.54658203125 0.410201912858661 0.060042317708333334 0.01700318809776833
11 0.75692138671875 0.0960663522848034 0.05907389322916667 0.02635162061636557
0 0.41770833333333335 0.5651152364505845 0.39895833333333336 0.5925046493092455
0 0.2516276041666667 0.880712008501594 0.05846354166666667 0.03370749202975558
0 0.5952840169270833 0.8913390010626993 0.0354736328125 0.017434909670563232
0 0.2847208658854167 0.967562765674814 0.12465006510416667 0.06487446865037194
0 0.4177042643229167 0.967562765674814 0.12465006510416667 0.06487446865037194
0 0.5506876627604167 0.967562765674814 0.12465006510416667 0.06487446865037194
0 0.7083333333333334 0.3345842189160468 0.13854166666666667 0.047622210414452706
0 0.7083333333333334 0.41727550478214664 0.13854166666666667 0.047622210414452706
0 0.7083333333333334 0.49996679064824656 0.13854166666666667 0.047622210414452706
0 0.7083333333333334 0.5826580765143464 0.13854166666666667 0.047622210414452706
0 0.7083333333333334 0.6653493623804463 0.13854166666666667 0.047622210414452706
0 0.7083333333333334 0.7480406482465463 0.13854166666666667 0.047622210414452706
0 0.7083333333333334 0.8307319341126461 0.13854166666666667 0.047622210414452706
0 0.7083333333333334 0.9098034006376196 0.13854166666666667 0.04250797024442083
1 0.7699991861979166 0.9624817348565357 0.43999837239583334 0.0750365302869288
1 0.6901123046875 0.9608876859723698 0.06510416666666667 0.044218251859723695
1 0.7640543619791667 0.9608876859723698 0.06510416666666667 0.044218251859723695
1 0.8405517578125 0.9608876859723698 0.07021484375 0.044218251859723695
1 0.9833333333333333 0.9603480340063762 0.022916666666666665 0.04675876726886291
