1 0.016666666666666666 0.03506907545164718 0.016666666666666666 0.03400637619553666
1 0.041666666666666664 0.03506907545164718 0.016666666666666666 0.03400637619553666
0 0.4999918619791667 0.03506907545164718 0.051041666666666666 0.02975557917109458
0 0.9164876302083333 0.03506907545164718 0.04708658854166667 0.036131774707757705
1 0.9164876302083333 0.03506907545164718 0.04708658854166667 0.036131774707757705
0 0.9710530598958333 0.03506907545164718 0.0412109375 0.036131774707757705
1 0.9710530598958333 0.03506907545164718 0.0412109375 0.036131774707757705
0 0.3252034505208333 0.0924548352816153 0.02890625 0.044633368756641874
0 0.35316569010416665 0.0924548352816153 0.027018229166666668 0.044633368756641874
0 0.3906778971354167 0.0924548352816153 0.04800618489583333 0.044633368756641874
0 0.42843831380208336 0.0924548352816153 0.0275146484375 0.044633368756641874
0 0.46128743489583335 0.0924548352816153 0.03818359375 0.044633368756641874
0 0.5028035481770833 0.0924548352816153 0.0448486328125 0.044633368756641874
0 0.542138671875 0.0924548352816153 0.03382161458333333 0.044633368756641874
0 0.5706136067708333 0.0924548352816153 0.023128255208333334 0.044633368756641874
0 0.59683837890625 0.0924548352816153 0.0293212890625 0.044633368756641874
0 0.62508544921875 0.0924548352816153 0.0271728515625 0.044633368756641874
0 0.6527913411458334 0.0924548352816153 0.028238932291666668 0.044633368756641874
0 0.678076171875 0.0924548352816153 0.022330729166666667 0.044633368756641874
0 0.25381673177083336 0.3449704436769394 0.15763346354166666 0.3583787194473964
0 0.25381673177083336 0.7315106934112646 0.15763346354166666 0.3806954038257173
0 0.4986083984375 0.4402231668437832 0.315283203125 0.5488841657810839
0 0.7447916666666666 0.2555791710945802 0.16041666666666668 0.179596174282678
0 0.7447916666666666 0.44261424017003187 0.16041666666666668 0.16046758767268862
0 0.7447916666666666 0.6200850159404888 0.16041666666666668 0.16046758767268862
0 0.7447916666666666 0.8065887353878852 0.16041666666666668 0.1785334750265675
