8 0.5952799479166667 0.03719447396386823 0.18177083333333333 0.044633368756641874
8 0.5952799479166667 0.03719447396386823 0.18177083333333333 0.044633368756641874
8 0.5178873697916667 0.03719447396386823 0.00927734375 0.03825717321997875
8 0.59033203125 0.03719447396386823 0.15416666666666667 0.03825717321997875
1 0.716259765625 0.03719447396386823 0.046647135416666666 0.03825717321997875
1 0.7515625 0.03719447396386823 0.009375 0.019128586609989374
0 0.2484375 0.09776833156216791 0.015625 0.04675876726886291
0 0.2781982421875 0.09776833156216791 0.023958333333333335 0.04675876726886291
1 0.2880940755208333 0.09776833156216791 0.011458333333333333 0.04675876726886291
1 0.2880940755208333 0.09883103081827843 0.005208333333333333 0.010626992561105207
0 0.2889322916666667 0.206163655685441 0.09973958333333334 0.04675876726886291
0 0.25681966145833335 0.24654622741764082 0.03551432291666667 0.04675876726886291
0 0.25692138671875 0.2869287991498406 0.0357177734375 0.04675876726886291
0 0.26422119140625 0.3273113708820404 0.0503173828125 0.04675876726886291
0 0.28060302734375 0.36769394261424015 0.0830810546875 0.04675876726886291
0 0.29068603515625 0.40807651434643993 0.1032470703125 0.04675876726886291
0 0.27923177083333334 0.44845908607863977 0.08033854166666667 0.04675876726886291
0 0.40038655598958334 0.20297555791710944 0.047403971354166664 0.031880977683315624
0 0.40166829427083334 0.22848034006376194 0.049967447916666664 0.031880977683315624
0 0.40413818359375 0.25398512221041447 0.0549072265625 0.031880977683315624
0 0.39698486328125 0.27948990435706694 0.0406005859375 0.031880977683315624
0 0.4810872395833333 0.20297555791710944 0.07607421875 0.031880977683315624
0 0.463818359375 0.22848034006376194 0.04153645833333333 0.031880977683315624
0 0.4623046875 0.25398512221041447 0.03850911458333333 0.031880977683315624
0 0.4806640625 0.27948990435706694 0.07522786458333333 0.031880977683315624
0 0.46728108723958334 0.30499468650371947 0.0484619140625 0.031880977683315624
0 0.310302734375 0.09776833156216791 0.0203125 0.04675876726886291
1 0.31837565104166665 0.09776833156216791 0.011458333333333333 0.04675876726886291
1 0.31837565104166665 0.09883103081827843 0.005208333333333333 0.010626992561105207
0 0.2876668294270833 0.206163655685441 0.09720865885416667 0.04675876726886291
0 0.28042399088541664 0.24654622741764082 0.08272298177083333 0.04675876726886291
0 0.28193359375 0.2869287991498406 0.0857421875 0.04675876726886291
0 0.25830485026041666 0.3273113708820404 0.03848470052083333 0.04675876726886291
0 0.2699503580729167 0.36769394261424015 0.06177571614583333 0.04675876726886291
0 0.27644449869791665 0.40807651434643993 0.07476399739583334 0.04675876726886291
0 0.267578125 0.44845908607863977 0.05703125 0.04675876726886291
0 0.26878662109375 0.48884165781083955 0.0594482421875 0.04675876726886291
0 0.26559244791666664 0.536663124335813 0.053059895833333336 0.031880977683315624
0 0.27898763020833334 0.5621679064824655 0.07985026041666667 0.031880977683315624
0 0.3912353515625 0.20297555791710944 0.041178385416666664 0.031880977683315624
0 0.40174967447916665 0.22848034006376194 0.06220703125 0.031880977683315624
0 0.39809977213541664 0.25398512221041447 0.0549072265625 0.031880977683315624
0 0.39094645182291665 0.27948990435706694 0.0406005859375 0.031880977683315624
0 0.4693359375 0.20297555791710944 0.050048828125 0.031880977683315624
0 0.48004557291666666 0.22848034006376194 0.07146809895833334 0.031880977683315624
0 0.4737752278645833 0.25398512221041447 0.05892740885416667 0.031880977683315624
0 0.47709554036458335 0.27948990435706694 0.06556803385416667 0.031880977683315624
0 0.47183837890625 0.30499468650371947 0.0550537109375 0.031880977683315624
0 0.465625 0.33049946865037194 0.042626953125 0.031880977683315624
0 0.4616943359375 0.35600425079702447 0.034765625 0.031880977683315624
0 0.47574055989583336 0.38150903294367694 0.06285807291666666 0.031880977683315624
0 0.4650797526041667 0.4070138150903294 0.04153645833333333 0.031880977683315624
0 0.3408447265625 0.09776833156216791 0.020833333333333332 0.04675876726886291
1 0.34917805989583334 0.09776833156216791 0.011458333333333333 0.04675876726886291
1 0.34917805989583334 0.09883103081827843 0.005208333333333333 0.010626992561105207
0 0.28776448567708335 0.206163655685441 0.09740397135416666 0.04675876726886291
0 0.26767578125 0.24654622741764082 0.0572265625 0.04675876726886291
0 0.2661661783854167 0.2869287991498406 0.05420735677083333 0.04675876726886291
0 0.25692138671875 0.3273113708820404 0.0357177734375 0.04675876726886291
0 0.27004801432291664 0.36769394261424015 0.061971028645833336 0.04675876726886291
0 0.27959798177083334 0.40807651434643993 0.08107096354166667 0.04675876726886291
0 0.27474772135416664 0.44845908607863977 0.07137044270833333 0.04675876726886291
0 0.26580810546875 0.4962805526036132 0.0534912109375 0.031880977683315624
0 0.25880533854166665 0.5217853347502657 0.03948567708333333 0.031880977683315624
0 0.3916422526041667 0.20297555791710944 0.0416015625 0.031880977683315624
0 0.40216064453125 0.22848034006376194 0.06263834635416667 0.031880977683315624
0 0.3982950846354167 0.25398512221041447 0.0549072265625 0.031880977683315624
0 0.39114176432291664 0.27948990435706694 0.0406005859375 0.031880977683315624
0 0.47017822265625 0.20297555791710944 0.05048014322916667 0.031880977683315624
0 0.4808837890625 0.22848034006376194 0.07189127604166666 0.031880977683315624
0 0.46601969401041665 0.25398512221041447 0.0421630859375 0.031880977683315624
0 0.47772216796875 0.27948990435706694 0.06556803385416667 0.031880977683315624
0 0.4724650065104167 0.30499468650371947 0.0550537109375 0.031880977683315624
0 0.4623209635416667 0.33049946865037194 0.034765625 0.031880977683315624
0 0.4657063802083333 0.35600425079702447 0.04153645833333333 0.031880977683315624
0 0.37529296875 0.09776833156216791 0.028125 0.04675876726886291
1 0.38727213541666666 0.09776833156216791 0.011458333333333333 0.04675876726886291
1 0.38727213541666666 0.09883103081827843 0.005208333333333333 0.010626992561105207
0 0.2950642903645833 0.206163655685441 0.11200358072916666 0.04675876726886291
0 0.28330891927083335 0.24654622741764082 0.08849283854166666 0.04675876726886291
0 0.27255045572916664 0.2869287991498406 0.06697591145833333 0.04675876726886291
0 0.27237141927083336 0.3273113708820404 0.06661783854166667 0.04675876726886291
0 0.27250569661458335 0.36769394261424015 0.06688639322916666 0.04675876726886291
0 0.2730305989583333 0.40807651434643993 0.06793619791666666 0.04675876726886291
0 0.2696004231770833 0.45589798087141337 0.061075846354166664 0.031880977683315624
0 0.27565104166666665 0.4814027630180659 0.07317708333333334 0.031880977683315624
0 0.4100341796875 0.20297555791710944 0.04918619791666667 0.031880977683315624
0 0.42054850260416665 0.22848034006376194 0.07021484375 0.031880977683315624
0 0.4128946940104167 0.25398512221041447 0.0549072265625 0.031880977683315624
0 0.42415771484375 0.27948990435706694 0.07743326822916667 0.031880977683315624
0 0.4057413736979167 0.30499468650371947 0.0406005859375 0.031880977683315624
0 0.5033610026041667 0.20297555791710944 0.058056640625 0.031880977683315624
0 0.5140706380208333 0.22848034006376194 0.07947591145833334 0.031880977683315624
0 0.48971354166666664 0.25398512221041447 0.03076171875 0.031880977683315624
0 0.50711669921875 0.27948990435706694 0.06556803385416667 0.031880977683315624
0 0.5018595377604167 0.30499468650371947 0.0550537109375 0.031880977683315624
0 0.5022908528645833 0.33049946865037194 0.05591634114583333 0.031880977683315624
0 0.49171549479166665 0.35600425079702447 0.034765625 0.031880977683315624
0 0.5054768880208333 0.38150903294367694 0.06228841145833333 0.031880977683315624
0 0.4850056966145833 0.4070138150903294 0.021346028645833334 0.031880977683315624
0 0.4126057942708333 0.09776833156216791 0.0265625 0.04675876726886291
1 0.4238037109375 0.09776833156216791 0.011458333333333333 0.04675876726886291
1 0.4238037109375 0.09883103081827843 0.005208333333333333 0.010626992561105207
0 0.31144612630208335 0.206163655685441 0.14476725260416667 0.04675876726886291
0 0.30784912109375 0.24654622741764082 0.1375732421875 0.04675876726886291
0 0.3005574544270833 0.2869287991498406 0.12298990885416666 0.04675876726886291
0 0.28941243489583335 0.3273113708820404 0.10069986979166666 0.04675876726886291
0 0.29444986979166665 0.36769394261424015 0.11077473958333334 0.04675876726886291
0 0.30399169921875 0.40807651434643993 0.1298583984375 0.04675876726886291
0 0.26881103515625 0.45589798087141337 0.0594970703125 0.031880977683315624
0 0.27135009765625 0.4814027630180659 0.0645751953125 0.031880977683315624
0 0.45155029296875 0.20297555791710944 0.06669108072916667 0.031880977683315624
0 0.4535725911458333 0.22848034006376194 0.07073567708333334 0.031880977683315624
0 0.4531941731770833 0.25398512221041447 0.06997884114583333 0.031880977683315624
0 0.46206868489583336 0.27948990435706694 0.08772786458333333 0.031880977683315624
0 0.4456583658854167 0.30499468650371947 0.0549072265625 0.031880977683315624
0 0.43850504557291664 0.33049946865037194 0.0406005859375 0.031880977683315624
0 0.55517578125 0.20297555791710944 0.07556966145833334 0.031880977683315624
0 0.5409464518229167 0.22848034006376194 0.04711100260416667 0.031880977683315624
0 0.5404988606770833 0.25398512221041447 0.0462158203125 0.031880977683315624
0 0.5629923502604167 0.27948990435706694 0.09120279947916667 0.031880977683315624
0 0.5449178059895833 0.30499468650371947 0.0550537109375 0.031880977683315624
0 0.545556640625 0.33049946865037194 0.05633138020833333 0.031880977683315624
0 0.448876953125 0.09776833156216791 0.026041666666666668 0.04675876726886291
1 0.459814453125 0.09776833156216791 0.011458333333333333 0.04675876726886291
1 0.459814453125 0.09883103081827843 0.005208333333333333 0.010626992561105207
0 0.31300048828125 0.206163655685441 0.1478759765625 0.04675876726886291
0 0.2630818684895833 0.25398512221041447 0.04803873697916667 0.031880977683315624
0 0.2620361328125 0.27948990435706694 0.045947265625 0.031880977683315624
0 0.46032307942708334 0.20297555791710944 0.07801920572916667 0.031880977683315624
0 0.47083740234375 0.22848034006376194 0.0990478515625 0.031880977683315624
0 0.44681396484375 0.25398512221041447 0.0510009765625 0.031880977683315624
0 0.44161376953125 0.27948990435706694 0.0406005859375 0.031880977683315624
0 0.5752685546875 0.20297555791710944 0.08689778645833333 0.031880977683315624
0 0.5553751627604167 0.22848034006376194 0.04711100260416667 0.031880977683315624
0 0.5535563151041667 0.25398512221041447 0.043473307291666666 0.031880977683315624
0 0.4872314453125 0.09776833156216791 0.030729166666666665 0.04675876726886291
1 0.5005126953125 0.09776833156216791 0.011458333333333333 0.04675876726886291
1 0.5005126953125 0.09883103081827843 0.005208333333333333 0.010626992561105207
0 0.29766438802083334 0.206163655685441 0.11720377604166667 0.04675876726886291
0 0.27213134765625 0.24654622741764082 0.0661376953125 0.04675876726886291
0 0.28262125651041664 0.2869287991498406 0.08711751302083333 0.04675876726886291
0 0.2800089518229167 0.3273113708820404 0.08189290364583333 0.04675876726886291
0 0.2710774739583333 0.3751328374070138 0.06402994791666666 0.031880977683315624
0 0.41671142578125 0.20297555791710944 0.052140299479166666 0.031880977683315624
0 0.4272257486979167 0.22848034006376194 0.0731689453125 0.031880977683315624
0 0.5057779947916666 0.20297555791710944 0.061018880208333334 0.031880977683315624
0 0.5237060546875 0.22848034006376194 0.096875 0.031880977683315624
0 0.5035481770833333 0.25398512221041447 0.056559244791666664 0.031880977683315624
0 0.4994710286458333 0.27948990435706694 0.04840494791666667 0.031880977683315624
0 0.5336588541666667 0.09776833156216791 0.0421875 0.04675876726886291
1 0.5526692708333333 0.09776833156216791 0.011458333333333333 0.04675876726886291
1 0.5526692708333333 0.09883103081827843 0.005208333333333333 0.010626992561105207
0 0.2988810221354167 0.206163655685441 0.11963704427083334 0.04675876726886291
0 0.2798828125 0.24654622741764082 0.081640625 0.04675876726886291
0 0.27255045572916664 0.2869287991498406 0.06697591145833333 0.04675876726886291
0 0.28567708333333336 0.3273113708820404 0.09322916666666667 0.04675876726886291
0 0.4260660807291667 0.20297555791710944 0.06598307291666666 0.031880977683315624
0 0.42204182942708335 0.22848034006376194 0.0579345703125 0.031880977683315624
0 0.4291748046875 0.25398512221041447 0.07220052083333334 0.031880977683315624
0 0.42463785807291665 0.27948990435706694 0.06312662760416667 0.031880977683315624
0 0.434765625 0.30499468650371947 0.08338216145833334 0.031880977683315624
0 0.52034912109375 0.20297555791710944 0.0648681640625 0.031880977683315624
0 0.5213216145833334 0.22848034006376194 0.06681315104166667 0.031880977683315624
0 0.5114705403645833 0.25398512221041447 0.04711100260416667 0.031880977683315624
0 0.5138264973958333 0.27948990435706694 0.05182291666666667 0.031880977683315624
0 0.5092325846354167 0.30499468650371947 0.04263509114583333 0.031880977683315624
0 0.5089803059895833 0.33049946865037194 0.042130533854166666 0.031880977683315624
0 0.5121175130208333 0.35600425079702447 0.04840494791666667 0.031880977683315624
0 0.4985880533854167 0.38150903294367694 0.021346028645833334 0.031880977683315624
0 0.5042887369791667 0.4070138150903294 0.03274739583333333 0.031880977683315624
0 0.5889404296875 0.09776833156216791 0.0484375 0.04675876726886291
1 0.6110758463541667 0.09776833156216791 0.011458333333333333 0.04675876726886291
1 0.6110758463541667 0.09883103081827843 0.005208333333333333 0.010626992561105207
0 0.30705159505208335 0.206163655685441 0.13597819010416667 0.04675876726886291
0 0.27427571614583335 0.24654622741764082 0.07042643229166666 0.04675876726886291
0 0.27436930338541665 0.2869287991498406 0.07061360677083334 0.04675876726886291
0 0.27950846354166664 0.3273113708820404 0.08089192708333333 0.04675876726886291
0 0.28277180989583334 0.36769394261424015 0.08741861979166667 0.04675876726886291
0 0.28695882161458336 0.40807651434643993 0.09579264322916667 0.04675876726886291
0 0.28247477213541666 0.44845908607863977 0.08682454427083333 0.04675876726886291
0 0.28872884114583336 0.48884165781083955 0.09933268229166667 0.04675876726886291
0 0.28002522786458334 0.5292242295430393 0.08192545572916667 0.04675876726886291
0 0.27273763020833336 0.5696068012752391 0.06735026041666667 0.04675876726886291
0 0.44372151692708334 0.20297555791710944 0.06861165364583334 0.031880977683315624
0 0.4466064453125 0.22848034006376194 0.07438151041666667 0.031880977683315624
0 0.6447428385416667 0.09776833156216791 0.043229166666666666 0.04675876726886291
1 0.6642740885416667 0.09776833156216791 0.011458333333333333 0.04675876726886291
1 0.6642740885416667 0.09883103081827843 0.005208333333333333 0.010626992561105207
0 0.3037923177083333 0.206163655685441 0.12945963541666666 0.04675876726886291
0 0.25681966145833335 0.24654622741764082 0.03551432291666667 0.04675876726886291
0 0.25692138671875 0.2869287991498406 0.0357177734375 0.04675876726886291
0 0.26422119140625 0.3273113708820404 0.0503173828125 0.04675876726886291
0 0.28060302734375 0.36769394261424015 0.0830810546875 0.04675876726886291
0 0.29068603515625 0.40807651434643993 0.1032470703125 0.04675876726886291
0 0.26681722005208336 0.44845908607863977 0.05550944010416667 0.04675876726886291
0 0.27656656901041665 0.48884165781083955 0.07500813802083334 0.04675876726886291
0 0.4309488932291667 0.20297555791710944 0.056103515625 0.031880977683315624
0 0.43286539713541666 0.22848034006376194 0.0599365234375 0.031880977683315624
0 0.4181884765625 0.25398512221041447 0.030582682291666666 0.031880977683315624
0 0.6919514973958333 0.09776833156216791 0.03125 0.04675876726886291
1 0.7054931640625 0.09776833156216791 0.011458333333333333 0.04675876726886291
1 0.7054931640625 0.09883103081827843 0.005208333333333333 0.010626992561105207
0 0.26422119140625 0.206163655685441 0.0503173828125 0.04675876726886291
0 0.25681966145833335 0.24654622741764082 0.03551432291666667 0.04675876726886291
0 0.25692138671875 0.2869287991498406 0.0357177734375 0.04675876726886291
0 0.26280110677083335 0.3273113708820404 0.04747721354166667 0.04675876726886291
0 0.29068603515625 0.36769394261424015 0.1032470703125 0.04675876726886291
0 0.26681722005208336 0.40807651434643993 0.05550944010416667 0.04675876726886291
0 0.2617106119791667 0.44845908607863977 0.04529622395833333 0.04675876726886291
0 0.25275065104166666 0.48884165781083955 0.027376302083333335 0.04675876726886291
0 0.26908772786458335 0.536663124335813 0.06005045572916667 0.031880977683315624
0 0.39972330729166666 0.20297555791710944 0.04607747395833333 0.031880977683315624
0 0.4070556640625 0.22848034006376194 0.0607421875 0.031880977683315624
0 0.39207356770833335 0.25398512221041447 0.030777994791666666 0.031880977683315624
0 0.39919840494791664 0.27948990435706694 0.045027669270833334 0.031880977683315624
0 0.4785847981770833 0.20297555791710944 0.0593994140625 0.031880977683315624
0 0.49841715494791666 0.22848034006376194 0.09906412760416666 0.031880977683315624
0 0.48855794270833336 0.25398512221041447 0.079345703125 0.031880977683315624
0 0.47366129557291664 0.27948990435706694 0.04955240885416667 0.031880977683315624
1 0.7256184895833333 0.09776833156216791 0.016145833333333335 0.04675876726886291
2 0.50078125 0.17640807651434645 0.5182291666666666 0.04250797024442083
1 0.7515625 0.17640807651434645 0.015625 0.03825717321997875
1 0.24947916666666667 0.17640807651434645 0.015625 0.03719447396386823
0 0.5 0.26992561105207225 0.51875 0.025504782146652496
0 0.5 0.29968119022316686 0.51875 0.025504782146652496
0 0.5 0.3294367693942614 0.51875 0.025504782146652496
0 0.5 0.359192348565356 0.51875 0.025504782146652496
0 0.5 0.3889479277364506 0.51875 0.025504782146652496
1 0.7514729817708333 0.09776833156216791 0.015625 0.04675876726886291
0 0.5 0.48884165781083955 1.0 0.7353878852284803
1 0.4763997395833333 0.740701381509033 0.06808268229166667 0.04675876726886291
1 0.5385782877604167 0.740701381509033 0.038126627604166664 0.04675876726886291
0 0.5 0.934643995749203 1.0 0.13071200850159406
