1 0.703125 0.04569606801275239 0.203125 0.03825717321997875
1 0.724072265625 0.04569606801275239 0.040625 0.03825717321997875
1 0.7737263997395833 0.04569606801275239 0.04629720052083333 0.03825717321997875
1 0.6713541666666667 0.34409869819341127 0.041666666666666664 0.04675876726886291
1 0.5 0.34409869819341127 0.390625 0.05951115834218916
1 0.5 0.45127357863974493 0.1875 0.06132106801275239
0 0.24609375 0.6275239107332625 0.0859375 0.13177470775770456
0 0.34765625 0.6275239107332625 0.0859375 0.13177470775770456
0 0.44921875 0.6275239107332625 0.0859375 0.13177470775770456
0 0.55078125 0.6275239107332625 0.0859375 0.13177470775770456
0 0.65234375 0.6275239107332625 0.0859375 0.13177470775770456
0 0.75390625 0.6275239107332625 0.0859375 0.13177470775770456
1 0.5 0.9448973831030818 0.203125 0.11020523379383634
1 0.5 0.9301773379383634 0.1875 0.08076514346439957
1 0.5 0.9959069473963869 0.1875 0.008186105207226355
