0 0.6576416015625 0.025504782146652496 0.08772786458333333 0.01700318809776833
0 0.9607096354166667 0.025504782146652496 0.015625 0.031880977683315624
0 0.8725301106770833 0.06811238044633369 0.05365397135416667 0.026567481402763018
13 0.8540364583333333 0.06811238044633369 0.00625 0.026567481402763018
0 0.9326375325520834 0.06811238044633369 0.05614420572916667 0.026567481402763018
0 0.07392578125 0.13134298618490967 0.06927083333333334 0.053134962805526036
1 0.32704264322916665 0.1228413921360255 0.07425130208333333 0.08289054197662062
1 0.42494303385416665 0.1228413921360255 0.06780598958333334 0.08289054197662062
1 0.5008260091145833 0.1228413921360255 0.030216471354166666 0.08289054197662062
1 0.5854736328125 0.1228413921360255 0.08533528645833334 0.08289054197662062
1 0.6825439453125 0.1228413921360255 0.05506184895833333 0.08289054197662062
1 0.9508138020833333 0.1228413921360255 0.0125 0.021253985122210415
1 0.686767578125 0.6128785866099894 0.09375 0.044633368756641874
13 0.9895833333333334 0.9075451647183846 0.020833333333333332 0.04250797024442083
