0 0.4722412109375 0.5876726886291179 0.05071614583333333 0.020191285866099893
0 0.37578125 0.7024442082890542 0.030729166666666665 0.020191285866099893
1 0.5875 0.7029755579171094 0.10416666666666667 0.05100956429330499
0 0.22541097005208333 0.03134962805526036 0.0841552734375 0.06269925611052073
8 0.2904296875 0.03134962805526036 0.039632161458333336 0.06269925611052073
1 0.2904296875 0.03134962805526036 0.039632161458333336 0.06269925611052073
1 0.30243326822916666 0.03216325717321998 0.009375 0.019128586609989374
8 0.3476969401041667 0.2683315621679065 0.17291666666666666 0.32199787460148777
0 0.3476969401041667 0.14027630180658873 0.171875 0.025504782146652496
0 0.3476969401041667 0.17215727948990436 0.171875 0.025504782146652496
0 0.3476969401041667 0.20403825717321997 0.171875 0.025504782146652496
8 0.3476969401041667 0.23645058448459086 0.171875 0.0010626992561105207
0 0.3476969401041667 0.2688629117959617 0.171875 0.025504782146652496
0 0.3476969401041667 0.3007438894792774 0.171875 0.025504782146652496
0 0.3476969401041667 0.332624867162593 0.171875 0.025504782146652496
0 0.3476969401041667 0.3645058448459086 0.171875 0.025504782146652496
0 0.3476969401041667 0.39638682252922425 0.171875 0.025504782146652496
0 0.35123291015625 0.03134962805526036 0.06947428385416667 0.06269925611052073
0 0.76529541015625 0.03134962805526036 0.028849283854166668 0.06269925611052073
0 0.799755859375 0.03134962805526036 0.03382161458333333 0.06269925611052073
2 0.475 0.10201082624867162 0.27291666666666664 0.050992959617428266
1 0.6364583333333333 0.10201912858660998 0.05 0.05100956429330499
1 0.24505208333333334 0.5411131774707758 0.1484375 0.05951115834218916
