1 0.24583333333333332 0.6511025504782146 0.275 0.07226354941551541
1 0.8083333333333333 0.572529224229543 0.014583333333333334 0.02497343251859724
1 0.825 0.572529224229543 0.014583333333333334 0.02497343251859724
1 0.8416666666666667 0.572529224229543 0.014583333333333334 0.02497343251859724
1 0.8583333333333333 0.572529224229543 0.014583333333333334 0.02497343251859724
1 0.9921875 0.8267800212539851 0.00625 0.012752391073326248
1 0.4837727864583333 0.8746014877789585 0.062353515625 0.019128586609989374
0 0.37248128255208335 0.9128586609989373 0.06014811197916667 0.019128586609989374
0 0.7352498372395834 0.8937300743889479 0.014982096354166667 0.019128586609989374
1 0.9247395833333333 0.9054197662061636 0.11614583333333334 0.11902231668437832
1 0.9247395833333333 0.871413390010627 0.11614583333333334 0.05100956429330499
1 0.9247395833333333 0.9394261424017003 0.11614583333333334 0.05100956429330499
1 0.96875 0.9362380446333688 0.029166666666666667 0.05951115834218916
