1 0.50390625 0.3002125398512221 0.5078125 0.05844845908607864
1 0.31118570963541664 0.2911795961742827 0.12237141927083334 0.040382571732199786
1 0.4398681640625 0.2911795961742827 0.11936848958333333 0.040382571732199786
0 0.5351318359375 0.2917109458023379 0.05553385416666667 0.020191285866099893
0 0.00026041666666666666 0.3459086078639745 0.0005208333333333333 0.0010626992561105207
0 0.26055501302083334 0.37885228480340066 0.021110026041666667 0.039319872476089264
1 0.7022501627604166 0.383634431455898 0.09549967447916667 0.0765143464399575
1 0.6845418294270833 0.383634431455898 0.0600830078125 0.0765143464399575
1 0.6845418294270833 0.383634431455898 0.0600830078125 0.030818278427205102
1 0.7322916666666667 0.383634431455898 0.035416666666666666 0.0765143464399575
1 0.7325520833333333 0.38150903294367694 0.0109375 0.021253985122210415
5 0.4140625 0.8041478480340064 0.328125 0.026567481402763018
2 0.4010416666666667 0.8599395589798087 0.3020833333333333 0.053134962805526036
1 0.5651041666666666 0.8599395589798087 0.026041666666666668 0.053134962805526036
