0 0.18195393880208333 0.028128320935175345 0.10869954427083334 0.03925345377258236
11 0.57391357421875 0.026916179596174282 0.0518310546875 0.053832359192348564
0 0.57391357421875 0.026916179596174282 0.0369873046875 0.053832359192348564
11 0.63863525390625 0.026916179596174282 0.07364095052083333 0.053832359192348564
0 0.63863525390625 0.026916179596174282 0.058797200520833336 0.053832359192348564
11 0.7019612630208333 0.026916179596174282 0.04903971354166667 0.053832359192348564
0 0.7019612630208333 0.026916179596174282 0.034195963541666666 0.053832359192348564
11 0.7510009765625 0.026916179596174282 0.045068359375 0.053832359192348564
0 0.7510009765625 0.026916179596174282 0.030224609375 0.053832359192348564
11 0.7976155598958333 0.026916179596174282 0.044189453125 0.053832359192348564
0 0.7976155598958333 0.026916179596174282 0.029345703125 0.053832359192348564
1 0.8526936848958333 0.026916179596174282 0.065966796875 0.053832359192348564
11 0.263525390625 0.08611184909670563 0.028971354166666668 0.05393198724760893
0 0.263525390625 0.08611184909670563 0.028971354166666668 0.05393198724760893
11 0.31256103515625 0.08611184909670563 0.03545735677083333 0.05393198724760893
0 0.31256103515625 0.08611184909670563 0.03545735677083333 0.05393198724760893
11 0.37553304036458335 0.08611184909670563 0.056844075520833336 0.05393198724760893
0 0.37553304036458335 0.08611184909670563 0.056844075520833336 0.05393198724760893
11 0.4449869791666667 0.08611184909670563 0.048421223958333336 0.05393198724760893
0 0.4449869791666667 0.08611184909670563 0.048421223958333336 0.05393198724760893
11 0.5171061197916667 0.08611184909670563 0.062174479166666664 0.05393198724760893
0 0.5171061197916667 0.08611184909670563 0.062174479166666664 0.05393198724760893
11 0.5975748697916666 0.08611184909670563 0.06512044270833334 0.05393198724760893
0 0.5975748697916666 0.08611184909670563 0.06512044270833334 0.05393198724760893
11 0.6745442708333333 0.08611184909670563 0.05517578125 0.05393198724760893
0 0.6745442708333333 0.08611184909670563 0.05517578125 0.05393198724760893
11 0.7349568684895833 0.08611184909670563 0.0320068359375 0.05393198724760893
0 0.7349568684895833 0.08611184909670563 0.0320068359375 0.05393198724760893
0 0.49999593098958334 0.9738310308182784 0.1263916015625 0.035334750265674814
