0 0.2234375 0.025504782146652496 0.010416666666666666 0.01487778958554729
1 0.5 0.024442082890541977 0.19791666666666666 0.036131774707757705
8 0.5 0.024442082890541977 0.19791666666666666 0.036131774707757705
2 0.5 0.024442082890541977 0.19791666666666666 0.036131774707757705
1 0.5869791666666667 0.024442082890541977 0.023958333333333335 0.036131774707757705
8 0.49973958333333335 0.11869022316684379 0.20572916666666666 0.23738044633368757
2 0.47326253255208334 0.024442082890541977 0.14444173177083333 0.036131774707757705
1 0.5335042317708333 0.024442082890541977 0.023958333333333335 0.036131774707757705
1 0.5740437825520833 0.02422622210414453 0.048787434895833336 0.03570005313496281
0 0.49973958333333335 0.11327709883103082 0.20572916666666666 0.036131774707757705
1 0.7113484700520833 0.02497343251859724 0.0562744140625 0.03294367693942614
1 0.76146240234375 0.02497343251859724 0.0395751953125 0.03294367693942614
0 0.29453125 0.3793836344314559 0.13802083333333334 0.053832359192348564
0 0.25314534505208336 0.46662460148777896 0.046915690104166664 0.04483262486716259
0 0.30408935546875 0.46662460148777896 0.054972330729166664 0.04483262486716259
0 0.3518758138020833 0.46662460148777896 0.0406005859375 0.04483262486716259
0 0.393017578125 0.46662460148777896 0.04168294270833333 0.04483262486716259
0 0.43736572265625 0.46662460148777896 0.047013346354166666 0.04483262486716259
0 0.4811930338541667 0.46662460148777896 0.04064127604166667 0.04483262486716259
0 0.5257364908854166 0.46662460148777896 0.048445638020833334 0.04483262486716259
0 0.5726236979166667 0.46662460148777896 0.045328776041666664 0.04483262486716259
0 0.6208089192708334 0.46662460148777896 0.051041666666666666 0.04483262486716259
0 0.6658894856770833 0.46662460148777896 0.03911946614583333 0.04483262486716259
0 0.7036865234375 0.46662460148777896 0.036474609375 0.04483262486716259
8 0.7440388997395834 0.46662460148777896 0.044230143229166664 0.04483262486716259
0 0.7440388997395834 0.46662460148777896 0.044230143229166664 0.04483262486716259
0 0.24972330729166667 0.5114572263549415 0.04007161458333333 0.04483262486716259
0 0.28626708984375 0.5114572263549415 0.03301595052083333 0.04483262486716259
0 0.3260579427083333 0.5114572263549415 0.04656575520833333 0.04483262486716259
0 0.36810302734375 0.5114572263549415 0.0375244140625 0.04483262486716259
0 0.39886474609375 0.5114572263549415 0.0239990234375 0.04483262486716259
0 0.430078125 0.5114572263549415 0.038427734375 0.04483262486716259
0 0.46123046875 0.5114572263549415 0.023876953125 0.04483262486716259
0 0.5004109700520833 0.5114572263549415 0.054484049479166664 0.04483262486716259
0 0.5634928385416667 0.5114572263549415 0.0716796875 0.04483262486716259
0 0.275 0.7203108395324124 0.09895833333333333 0.1135759829968119
0 0.27096761067708336 0.8187433581296493 0.0908935546875 0.055658873538788525
0 0.3875 0.7203108395324124 0.09895833333333333 0.1135759829968119
0 0.38358968098958335 0.8187433581296493 0.0911376953125 0.055658873538788525
0 0.5 0.7203108395324124 0.09895833333333333 0.1135759829968119
0 0.48920084635416666 0.8090794367693943 0.07736002604166667 0.036331030818278424
0 0.6125 0.7203108395324124 0.09895833333333333 0.1135759829968119
0 0.6118570963541666 0.8187433581296493 0.09767252604166667 0.055658873538788525
0 0.725 0.7203108395324124 0.09895833333333333 0.1135759829968119
0 0.72041015625 0.8187433581296493 0.08977864583333334 0.055658873538788525
0 0.40625 0.9430459617428267 0.3614583333333333 0.11390807651434644
