0 0.017252604166666668 0.03400637619553666 0.013671875 0.031880977683315624
1 0.06451416015625 0.03400637619553666 0.04751790364583333 0.04250797024442083
8 0.10013020833333333 0.21360255047821466 0.11875 0.29968119022316686
8 0.10013020833333333 0.21360255047821466 0.11770833333333333 0.2975557917109458
0 0.10013020833333333 0.09670563230605739 0.109375 0.04675876726886291
0 0.10013020833333333 0.1434643995749203 0.109375 0.04675876726886291
0 0.10013020833333333 0.1902231668437832 0.109375 0.04675876726886291
0 0.10013020833333333 0.23698193411264612 0.109375 0.04675876726886291
0 0.10013020833333333 0.28374070138150903 0.109375 0.04675876726886291
0 0.10013020833333333 0.33049946865037194 0.109375 0.04675876726886291
1 0.12550455729166668 0.03400637619553666 0.04112955729166667 0.04250797024442083
8 0.16431477864583333 0.33049946865037194 0.11875 0.5334750265674814
8 0.16431477864583333 0.33049946865037194 0.11770833333333333 0.5313496280552603
0 0.16431477864583333 0.09670563230605739 0.109375 0.04675876726886291
0 0.16431477864583333 0.1434643995749203 0.109375 0.04675876726886291
0 0.16431477864583333 0.1902231668437832 0.109375 0.04675876726886291
0 0.16431477864583333 0.23698193411264612 0.109375 0.04675876726886291
0 0.16431477864583333 0.28374070138150903 0.109375 0.04675876726886291
0 0.16431477864583333 0.33049946865037194 0.109375 0.04675876726886291
0 0.16431477864583333 0.37725823591923485 0.109375 0.04675876726886291
0 0.16431477864583333 0.42401700318809776 0.109375 0.04675876726886291
0 0.16431477864583333 0.4707757704569607 0.109375 0.04675876726886291
0 0.16431477864583333 0.5175345377258236 0.109375 0.04675876726886291
0 0.16431477864583333 0.5642933049946866 0.109375 0.04675876726886291
1 0.18133138020833334 0.03400637619553666 0.037190755208333336 0.04250797024442083
8 0.22985026041666667 0.16684378320935175 0.134228515625 0.206163655685441
8 0.22985026041666667 0.16684378320935175 0.13318684895833333 0.20403825717321997
0 0.22985026041666667 0.09670563230605739 0.124853515625 0.04675876726886291
0 0.22985026041666667 0.1434643995749203 0.124853515625 0.04675876726886291
0 0.22985026041666667 0.1902231668437832 0.124853515625 0.04675876726886291
0 0.22985026041666667 0.23698193411264612 0.124853515625 0.04675876726886291
2 0.8037841796875 0.03400637619553666 0.1328125 0.04250797024442083
1 0.91123046875 0.03400637619553666 0.069580078125 0.04250797024442083
1 0.9709269205729166 0.03400637619553666 0.037312825520833336 0.04250797024442083
1 0.4999918619791667 0.5154091392136025 0.205615234375 0.05100956429330499
0 0.44405924479166664 0.5154091392136025 0.09375 0.05100956429330499
1 0.44405924479166664 0.5154091392136025 0.09375 0.05100956429330499
1 0.5499918619791667 0.5154091392136025 0.105615234375 0.05100956429330499
