0 0.23645833333333333 0.03453772582359192 0.078125 0.06907545164718384
12 0.23645833333333333 0.03453772582359192 0.078125 0.06907545164718384
0 0.4473795572916667 0.0380413124335813 0.016145833333333335 0.031880977683315624
0 0.46800130208333335 0.0380413124335813 0.016145833333333335 0.031880977683315624
0 0.488623046875 0.0380413124335813 0.016145833333333335 0.031880977683315624
0 0.5092447916666667 0.0380413124335813 0.016145833333333335 0.031880977683315624
0 0.5298665364583334 0.0380413124335813 0.016145833333333335 0.031880977683315624
2 0.600439453125 0.0380413124335813 0.10520833333333333 0.031880977683315624
1 0.6447102864583333 0.03910401168969182 0.009375 0.021253985122210415
1 0.6892822265625 0.0380413124335813 0.053727213541666666 0.031880977683315624
11 0.45677083333333335 0.09404888416578108 0.51875 0.04782146652497343
11 0.2096435546875 0.09404888416578108 0.024495442708333332 0.04782146652497343
0 0.2096435546875 0.09404888416578108 0.024495442708333332 0.04782146652497343
11 0.24063313802083333 0.09404888416578108 0.03748372395833333 0.04782146652497343
0 0.24063313802083333 0.09404888416578108 0.03748372395833333 0.04782146652497343
11 0.2848103841145833 0.09404888416578108 0.05087076822916667 0.04782146652497343
0 0.2848103841145833 0.09404888416578108 0.05087076822916667 0.04782146652497343
11 0.32277018229166665 0.09404888416578108 0.025048828125 0.04782146652497343
0 0.32277018229166665 0.09404888416578108 0.025048828125 0.04782146652497343
11 0.3507893880208333 0.09404888416578108 0.030989583333333334 0.04782146652497343
0 0.3507893880208333 0.09404888416578108 0.030989583333333334 0.04782146652497343
11 0.38937174479166664 0.09404888416578108 0.04617513020833333 0.04782146652497343
0 0.38937174479166664 0.09404888416578108 0.04617513020833333 0.04782146652497343
11 0.43857014973958336 0.09404888416578108 0.0522216796875 0.04782146652497343
0 0.43857014973958336 0.09404888416578108 0.0522216796875 0.04782146652497343
11 0.485693359375 0.09404888416578108 0.04202473958333333 0.04782146652497343
0 0.485693359375 0.09404888416578108 0.04202473958333333 0.04782146652497343
11 0.5193684895833334 0.09404888416578108 0.025325520833333334 0.04782146652497343
0 0.5193684895833334 0.09404888416578108 0.025325520833333334 0.04782146652497343
11 0.54671630859375 0.09404888416578108 0.0293701171875 0.04782146652497343
0 0.54671630859375 0.09404888416578108 0.0293701171875 0.04782146652497343
11 0.5728841145833333 0.09404888416578108 0.022965494791666666 0.04782146652497343
0 0.5728841145833333 0.09404888416578108 0.022965494791666666 0.04782146652497343
11 0.6070515950520833 0.09404888416578108 0.045369466145833336 0.04782146652497343
0 0.6070515950520833 0.09404888416578108 0.045369466145833336 0.04782146652497343
11 0.6427490234375 0.09404888416578108 0.026025390625 0.04782146652497343
0 0.6427490234375 0.09404888416578108 0.026025390625 0.04782146652497343
11 0.6783650716145834 0.09404888416578108 0.045206705729166664 0.04782146652497343
0 0.6783650716145834 0.09404888416578108 0.045206705729166664 0.04782146652497343
11 0.70858154296875 0.09404888416578108 0.015226236979166667 0.04782146652497343
0 0.46575927734375 0.15727948990435706 0.4536376953125 0.05100956429330499
0 0.86932373046875 0.15727948990435706 0.2613525390625 0.05100956429330499
0 0.26419677734375 0.3990435706695005 0.1252685546875 0.06269925611052073
0 0.4062418619791667 0.3990435706695005 0.119775390625 0.06269925611052073
0 0.5502197265625 0.3990435706695005 0.11814778645833333 0.06269925611052073
0 0.5906819661458333 0.3432518597236982 0.05926106770833333 0.031880977683315624
0 0.65859375 0.3751328374070138 0.033854166666666664 0.09351753453772582
0 0.6924479166666667 0.3650371944739639 0.033854166666666664 0.07332624867162593
0 0.45546875 0.7396386822529224 0.5078125 0.5207226354941552
