0 0.30911458333333336 0.05419766206163656 0.1203125 0.08289054197662062
8 0.40033365885416666 0.048884165781083955 0.05587565104166667 0.025504782146652496
1 0.40033365885416666 0.048884165781083955 0.05587565104166667 0.025504782146652496
8 0.3930419921875 0.048884165781083955 0.04129231770833333 0.022316684378320937
8 0.422021484375 0.048884165781083955 0.0125 0.025504782146652496
1 0.666455078125 0.053134962805526036 0.043229166666666666 0.04250797024442083
1 0.6818196614583333 0.04994686503719448 0.0125 0.025504782146652496
0 0.7221598307291667 0.048884165781083955 0.04318033854166667 0.025504782146652496
0 0.24401041666666667 0.1411480472901169 0.044270833333333336 0.05912925079702444
0 0.26573486328125 0.12646121147715197 0.021053059895833334 0.03400637619553666
0 0.30809326171875 0.12646121147715197 0.0219970703125 0.03400637619553666
0 0.3575358072916667 0.12646121147715197 0.03522135416666667 0.03400637619553666
0 0.40120035807291665 0.12646121147715197 0.010441080729166666 0.03400637619553666
0 0.44351806640625 0.12646121147715197 0.03252766927083333 0.03400637619553666
0 0.4936604817708333 0.12646121147715197 0.026090494791666665 0.03400637619553666
0 0.5392008463541667 0.12646121147715197 0.023323567708333333 0.03400637619553666
0 0.5847493489583333 0.12646121147715197 0.026106770833333334 0.03400637619553666
0 0.6275187174479167 0.12646121147715197 0.017765299479166666 0.03400637619553666
0 0.6709554036458333 0.12646121147715197 0.02744140625 0.03400637619553666
1 0.71544189453125 0.12646121147715197 0.019864908854166665 0.03400637619553666
0 0.26777750651041665 0.23804463336875664 0.025138346354166667 0.03400637619553666
0 0.31402180989583334 0.23804463336875664 0.034016927083333336 0.03400637619553666
0 0.37086588541666665 0.23804463336875664 0.046337890625 0.03400637619553666
0 0.42499186197916666 0.23804463336875664 0.028580729166666666 0.03400637619553666
0 0.46922200520833335 0.23804463336875664 0.026546223958333334 0.03400637619553666
0 0.5140096028645833 0.23804463336875664 0.029695638020833335 0.03400637619553666
0 0.5643391927083333 0.23804463336875664 0.03763020833333333 0.03400637619553666
0 0.6233642578125 0.23804463336875664 0.04708658854166667 0.03400637619553666
0 0.6830078125 0.23804463336875664 0.0388671875 0.03400637619553666
0 0.2786173502604167 0.3751328374070138 0.04681803385416667 0.03400637619553666
0 0.362353515625 0.3751328374070138 0.08732096354166667 0.03400637619553666
0 0.4471842447916667 0.3751328374070138 0.04900716145833333 0.03400637619553666
0 0.5082234700520833 0.3751328374070138 0.03973795572916667 0.03400637619553666
0 0.56243896484375 0.3751328374070138 0.035359700520833336 0.03400637619553666
0 0.6139078776041667 0.3751328374070138 0.03424479166666667 0.03400637619553666
0 0.6688028971354166 0.3751328374070138 0.0422119140625 0.03400637619553666
0 0.28184407552083335 0.4452709883103082 0.053271484375 0.03400637619553666
0 0.34536539713541664 0.4452709883103082 0.04043782552083333 0.03400637619553666
0 0.43496907552083336 0.4452709883103082 0.10543619791666667 0.03400637619553666
0 0.5568155924479167 0.4452709883103082 0.10492350260416666 0.03400637619553666
0 0.6611246744791667 0.4452709883103082 0.070361328125 0.03400637619553666
0 0.5 0.8312300743889479 0.4895833333333333 0.2614240170031881
0 0.27795817057291666 0.9789452709883103 0.042374674479166666 0.03400637619553666
