0 0.23028564453125 0.4484673884165781 0.030362955729166665 0.020407146652497342
0 0.7613728841145834 0.4479277364505845 0.0470458984375 0.018065887353878853
0 0.41067708333333336 0.7375132837407014 0.15989583333333332 0.05100956429330499
0 0.5893229166666667 0.7375132837407014 0.15989583333333332 0.05100956429330499
1 0.5 0.8140276301806588 0.3385416666666667 0.021253985122210415
0 0.5 0.8629117959617428 0.3385416666666667 0.05100956429330499
0 0.28154296875 0.2842720510095643 0.07371419270833333 0.015940488841657812
0 0.33811848958333335 0.2842720510095643 0.029020182291666665 0.015940488841657812
0 0.39182942708333335 0.2842720510095643 0.06798502604166666 0.015940488841657812
0 0.4455078125 0.2842720510095643 0.028955078125 0.015940488841657812
0 0.47900390625 0.2842720510095643 0.027620442708333335 0.015940488841657812
0 0.5184895833333333 0.2842720510095643 0.040934244791666664 0.015940488841657812
0 0.56868896484375 0.2842720510095643 0.0490478515625 0.015940488841657812
0 0.6275309244791667 0.2842720510095643 0.05821940104166667 0.015940488841657812
0 0.67276611328125 0.2842720510095643 0.021834309895833334 0.015940488841657812
0 0.70853271484375 0.2842720510095643 0.0392822265625 0.015940488841657812
0 0.7823282877604166 0.2842720510095643 0.09789225260416666 0.015940488841657812
0 0.8578125 0.2842720510095643 0.04265950520833333 0.015940488841657812
0 0.90216064453125 0.2842720510095643 0.0356201171875 0.015940488841657812
0 0.9493367513020833 0.2842720510095643 0.0483154296875 0.015940488841657812
0 0.9893513997395833 0.2842720510095643 0.021297200520833334 0.015940488841657812
1 0.7877604166666666 0.28533475026567484 0.013020833333333334 0.026567481402763018
5 0.5 0.32518597236981933 0.625 0.025504782146652496
0 0.22682291666666668 0.34006376195536664 0.05260416666666667 0.07438894792773645
0 0.28541666666666665 0.4388200717321998 0.16979166666666667 0.06603679596174283
0 0.5 0.412327311370882 0.109375 0.07438894792773645
0 0.7161458333333334 0.3942614240170032 0.16666666666666666 0.1806588735387885
0 0.21145833333333333 0.5175345377258236 0.021875 0.020191285866099893
0 0.24368082682291667 0.5170031880977684 0.03319498697916667 0.022316684378320937
0 0.28498942057291665 0.5170031880977684 0.030672200520833335 0.022316684378320937
0 0.32462158203125 0.5170031880977684 0.029842122395833334 0.022316684378320937
0 0.3769002278645833 0.5170031880977684 0.05596516927083333 0.022316684378320937
0 0.43518473307291666 0.5170031880977684 0.041853841145833334 0.022316684378320937
0 0.48430989583333334 0.5170031880977684 0.037646484375 0.022316684378320937
0 0.5280721028645833 0.5170031880977684 0.0311279296875 0.022316684378320937
0 0.5717976888020834 0.5170031880977684 0.0375732421875 0.022316684378320937
0 0.6121500651041667 0.5170031880977684 0.024381510416666665 0.022316684378320937
0 0.6534383138020833 0.5170031880977684 0.039444986979166666 0.022316684378320937
0 0.698193359375 0.5170031880977684 0.03131510416666667 0.022316684378320937
0 0.7322224934895833 0.5170031880977684 0.0179931640625 0.022316684378320937
0 0.7916666666666666 0.5175345377258236 0.015625 0.031880977683315624
0 0.4625 0.28905419766206164 0.015625 0.031880977683315624
0 0.4875 0.28905419766206164 0.015625 0.031880977683315624
0 0.5125 0.28905419766206164 0.015625 0.031880977683315624
0 0.5375 0.28905419766206164 0.015625 0.031880977683315624
0 0.26080729166666666 0.29543039319872477 0.09453125 0.023379383634431455
0 0.26080729166666666 0.33581296493092455 0.09453125 0.023379383634431455
0 0.23268229166666668 0.36291179596174283 0.03828125 0.018065887353878853
0 0.23733317057291667 0.38629117959617426 0.0475830078125 0.018065887353878853
0 0.26080729166666666 0.42720510095642933 0.09453125 0.023379383634431455
0 0.22643229166666667 0.4543039319872476 0.02578125 0.018065887353878853
0 0.26080729166666666 0.4952178533475027 0.09453125 0.023379383634431455
0 0.26080729166666666 0.5356004250797024 0.09453125 0.023379383634431455
0 0.24213460286458333 0.5626992561105207 0.05718587239583333 0.018065887353878853
0 0.23984781901041666 0.5860786397449522 0.0526123046875 0.018065887353878853
0 0.3567708333333333 0.29543039319872477 0.09453125 0.023379383634431455
0 0.32620849609375 0.32252922422954305 0.033406575520833336 0.018065887353878853
0 0.3235677083333333 0.3459086078639745 0.028125 0.018065887353878853
0 0.32176106770833335 0.36928799149840597 0.02451171875 0.018065887353878853
0 0.32409261067708334 0.3926673751328374 0.0291748046875 0.018065887353878853
0 0.32445882161458334 0.4160467587672689 0.0299072265625 0.018065887353878853
0 0.32616780598958334 0.4394261424017003 0.0333251953125 0.018065887353878853
0 0.33430582682291665 0.4628055260361318 0.049601236979166664 0.018065887353878853
0 0.32467854817708336 0.4861849096705632 0.0303466796875 0.018065887353878853
0 0.34182535807291664 0.5095642933049946 0.06464029947916666 0.018065887353878853
0 0.3322957356770833 0.5329436769394261 0.0455810546875 0.018065887353878853
0 0.32089436848958336 0.5563230605738576 0.0227783203125 0.018065887353878853
0 0.32305908203125 0.5797024442082891 0.027107747395833333 0.018065887353878853
0 0.3210856119791667 0.6030818278427205 0.023160807291666665 0.018065887353878853
0 0.32777099609375 0.626461211477152 0.03653157552083333 0.018065887353878853
0 0.452734375 0.29543039319872477 0.09453125 0.023379383634431455
0 0.452734375 0.33581296493092455 0.09453125 0.023379383634431455
0 0.42537841796875 0.36291179596174283 0.0398193359375 0.018065887353878853
0 0.42345784505208334 0.38629117959617426 0.03597819010416667 0.018065887353878853
0 0.452734375 0.42720510095642933 0.09453125 0.023379383634431455
0 0.452734375 0.4675876726886291 0.09453125 0.023379383634431455
0 0.4149658203125 0.4946865037194474 0.018994140625 0.018065887353878853
0 0.41802978515625 0.5180658873538788 0.0251220703125 0.018065887353878853
0 0.452734375 0.5589798087141339 0.09453125 0.023379383634431455
0 0.452734375 0.5993623804463337 0.09453125 0.023379383634431455
0 0.452734375 0.6397449521785334 0.09453125 0.023379383634431455
0 0.547265625 0.29543039319872477 0.09453125 0.023379383634431455
0 0.5103719075520833 0.32252922422954305 0.020743815104166667 0.018065887353878853
0 0.5120930989583333 0.3459086078639745 0.024186197916666666 0.018065887353878853
0 0.5105916341145833 0.36928799149840597 0.021183268229166666 0.018065887353878853
0 0.5073079427083333 0.3926673751328374 0.014615885416666667 0.018065887353878853
0 0.5090983072916667 0.4160467587672689 0.018196614583333333 0.018065887353878853
0 0.547265625 0.4569606801275239 0.09453125 0.023379383634431455
0 0.5165201822916666 0.48405951115834217 0.033040364583333336 0.018065887353878853
0 0.5270792643229166 0.5074388947927736 0.054158528645833336 0.018065887353878853
0 0.5105387369791666 0.5308182784272051 0.021077473958333332 0.018065887353878853
0 0.50767822265625 0.5541976620616366 0.0153564453125 0.018065887353878853
0 0.547265625 0.5951115834218916 0.09453125 0.023379383634431455
0 0.547265625 0.6354941551540914 0.09453125 0.023379383634431455
0 0.6432291666666666 0.29543039319872477 0.09453125 0.023379383634431455
0 0.6162882486979167 0.32252922422954305 0.0406494140625 0.018065887353878853
0 0.6271647135416667 0.3459086078639745 0.06240234375 0.018065887353878853
0 0.6067342122395833 0.36928799149840597 0.021541341145833334 0.018065887353878853
0 0.6048665364583333 0.3926673751328374 0.017805989583333334 0.018065887353878853
0 0.61480712890625 0.4160467587672689 0.03768717447916667 0.018065887353878853
0 0.6047119140625 0.4394261424017003 0.017496744791666668 0.018065887353878853
0 0.6125284830729166 0.4628055260361318 0.0331298828125 0.018065887353878853
0 0.6105183919270833 0.4861849096705632 0.029109700520833334 0.018065887353878853
0 0.6030680338541666 0.5095642933049946 0.014208984375 0.018065887353878853
0 0.6068603515625 0.5329436769394261 0.021793619791666666 0.018065887353878853
0 0.6222412109375 0.5563230605738576 0.05255533854166667 0.018065887353878853
0 0.6432291666666666 0.5972369819341127 0.09453125 0.023379383634431455
0 0.6057088216145833 0.6243358129649309 0.019490559895833332 0.018065887353878853
0 0.6176676432291667 0.6477151965993624 0.043408203125 0.018065887353878853
0 0.6053670247395834 0.6710945802337939 0.018806966145833333 0.018065887353878853
0 0.6080973307291667 0.6944739638682252 0.024267578125 0.018065887353878853
0 0.6150960286458333 0.7178533475026567 0.03826497395833333 0.018065887353878853
0 0.7391927083333333 0.29543039319872477 0.09453125 0.023379383634431455
0 0.7157674153645833 0.32252922422954305 0.0476806640625 0.018065887353878853
0 0.7044189453125 0.3459086078639745 0.024983723958333332 0.018065887353878853
0 0.7095011393229167 0.36928799149840597 0.03514811197916667 0.018065887353878853
0 0.7062540690104167 0.3926673751328374 0.028653971354166665 0.018065887353878853
0 0.7132486979166667 0.4160467587672689 0.042643229166666664 0.018065887353878853
0 0.7216837565104167 0.4394261424017003 0.05951334635416667 0.018065887353878853
0 0.7391927083333333 0.48034006376195537 0.09453125 0.023379383634431455
0 0.7142293294270833 0.5074388947927736 0.0446044921875 0.018065887353878853
0 0.7043172200520833 0.5308182784272051 0.0247802734375 0.018065887353878853
0 0.72080078125 0.5541976620616366 0.05774739583333333 0.018065887353878853
0 0.7391927083333333 0.5951115834218916 0.09453125 0.023379383634431455
0 0.7013020833333333 0.6222104144527099 0.01875 0.018065887353878853
0 0.7068440755208333 0.6455897980871413 0.029833984375 0.018065887353878853
0 0.71546630859375 0.6689691817215728 0.047078450520833336 0.018065887353878853
0 0.702001953125 0.6923485653560042 0.020149739583333333 0.018065887353878853
0 0.7019856770833334 0.7157279489904357 0.0201171875 0.018065887353878853
0 0.26080729166666666 0.8172157279489904 0.09453125 0.023379383634431455
0 0.26080729166666666 0.8575982996811902 0.09453125 0.023379383634431455
0 0.26080729166666666 0.89798087141339 0.09453125 0.023379383634431455
0 0.26080729166666666 0.9383634431455898 0.09453125 0.023379383634431455
0 0.26080729166666666 0.9787460148777896 0.09453125 0.023379383634431455
0 0.3567708333333333 0.8172157279489904 0.09453125 0.023379383634431455
0 0.3567708333333333 0.8575982996811902 0.09453125 0.023379383634431455
0 0.3567708333333333 0.89798087141339 0.09453125 0.023379383634431455
0 0.3567708333333333 0.9383634431455898 0.09453125 0.023379383634431455
0 0.3567708333333333 0.9787460148777896 0.09453125 0.023379383634431455
0 0.452734375 0.8172157279489904 0.09453125 0.023379383634431455
0 0.43487955729166666 0.8443145589798087 0.058821614583333334 0.018065887353878853
0 0.42196858723958336 0.8676939426142402 0.032999674479166664 0.018065887353878853
0 0.41913248697916666 0.8910733262486716 0.027327473958333334 0.018065887353878853
0 0.42371012369791666 0.9144527098831031 0.036482747395833334 0.018065887353878853
0 0.4182047526041667 0.9378320935175345 0.025472005208333332 0.018065887353878853
0 0.42062174479166664 0.961211477151966 0.030305989583333335 0.018065887353878853
0 0.4173095703125 0.9845908607863975 0.023681640625 0.018065887353878853
0 0.547265625 0.8172157279489904 0.09453125 0.023379383634431455
0 0.547265625 0.8575982996811902 0.09453125 0.023379383634431455
0 0.547265625 0.89798087141339 0.09453125 0.023379383634431455
0 0.5377604166666666 0.9250797024442083 0.07552083333333333 0.018065887353878853
0 0.5325520833333334 0.9484590860786397 0.06510416666666667 0.018065887353878853
0 0.5375895182291667 0.9718384697130712 0.07517903645833333 0.018065887353878853
0 0.6432291666666666 0.8172157279489904 0.09453125 0.023379383634431455
0 0.6432291666666666 0.8575982996811902 0.09453125 0.023379383634431455
0 0.6266805013020833 0.8846971307120085 0.06143391927083333 0.018065887353878853
0 0.6370157877604167 0.90807651434644 0.0821044921875 0.018065887353878853
0 0.6279337565104167 0.9314558979808714 0.0639404296875 0.018065887353878853
0 0.7391927083333333 0.8172157279489904 0.09453125 0.023379383634431455
0 0.7391927083333333 0.8575982996811902 0.09453125 0.023379383634431455
0 0.7391927083333333 0.89798087141339 0.09453125 0.023379383634431455
0 0.7391927083333333 0.9383634431455898 0.09453125 0.023379383634431455
0 0.7391927083333333 0.9787460148777896 0.09453125 0.023379383634431455
0 0.29285074869791666 0.6301806588735388 0.18465983072916667 0.13177470775770456
0 0.2950520833333333 0.8097768331562167 0.1765625 0.036131774707757705
0 0.2987548828125 0.8629117959617428 0.18396809895833333 0.036131774707757705
0 0.2937825520833333 0.9686503719447397 0.1865234375 0.06269925611052073
0 0.5510416666666667 0.7883568012752391 0.29270833333333335 0.4183714133900106
0 0.7541015625 0.6684378320935175 0.086328125 0.1806588735387885
0 0.7528767903645833 0.9643995749202976 0.08387858072916667 0.07120085015940489
