1 0.20128987630208334 0.04569606801275239 0.05882975260416667 0.031880977683315624
1 0.24893391927083333 0.04569606801275239 0.015625 0.031880977683315624
0 0.2757568359375 0.04569606801275239 0.0171875 0.02763018065887354
0 0.5000040690104167 0.04569606801275239 0.19239095052083333 0.05844845908607864
13 0.5000040690104167 0.04569606801275239 0.19239095052083333 0.05844845908607864
0 0.6984456380208334 0.04569606801275239 0.10729166666666666 0.04250797024442083
1 0.7963623046875 0.04569606801275239 0.06354166666666666 0.04250797024442083
1 0.8026082356770833 0.044633368756641874 0.0251220703125 0.01700318809776833
0 0.30659586588541665 0.1785334750265675 0.1673583984375 0.05951115834218916
13 0.3764241536458333 0.195403825717322 0.0036458333333333334 0.010626992561105207
0 0.50025634765625 0.1785334750265675 0.1564208984375 0.05951115834218916
13 0.50927734375 0.195403825717322 0.0036458333333333334 0.010626992561105207
0 0.6936604817708333 0.1785334750265675 0.166845703125 0.05951115834218916
13 0.73134765625 0.195403825717322 0.0036458333333333334 0.010626992561105207
0 0.4140625 0.6129200982996812 0.38229166666666664 0.520008634431456
0 0.4140625 0.9513399973432518 0.3525390625 0.09732000531349629
