0 0.0013020833333333333 0.002656748140276302 0.0026041666666666665 0.005313496280552604
0 0.09166666666666666 0.03506907545164718 0.15208333333333332 0.03825717321997875
5 0.86953125 0.015409139213602551 0.0005208333333333333 0.0010626992561105207
2 0.9270833333333334 0.032412327311370885 0.11458333333333333 0.03294367693942614
1 0.9763020833333333 0.032412327311370885 0.016145833333333335 0.03294367693942614
11 0.07526041666666666 0.023379383634431455 0.15052083333333333 0.04675876726886291
0 0.07526041666666666 0.023379383634431455 0.15052083333333333 0.04675876726886291
1 0.1390625 0.023379383634431455 0.022916666666666665 0.04675876726886291
11 0.07526041666666666 0.07013815090329437 0.15052083333333333 0.04675876726886291
0 0.07526041666666666 0.07013815090329437 0.15052083333333333 0.04675876726886291
11 0.07526041666666666 0.11689691817215728 0.15052083333333333 0.04675876726886291
0 0.07526041666666666 0.11689691817215728 0.15052083333333333 0.04675876726886291
11 0.07526041666666666 0.43358129649309246 0.15052083333333333 0.5866099893730075
0 0.07526041666666666 0.1636556854410202 0.15052083333333333 0.04675876726886291
1 0.1390625 0.1636556854410202 0.022916666666666665 0.04675876726886291
11 0.07526041666666666 0.2104144527098831 0.15052083333333333 0.04675876726886291
0 0.07526041666666666 0.2104144527098831 0.15052083333333333 0.04675876726886291
1 0.1390625 0.2104144527098831 0.022916666666666665 0.04675876726886291
11 0.07526041666666666 0.25717321997874604 0.15052083333333333 0.04675876726886291
0 0.07526041666666666 0.25717321997874604 0.15052083333333333 0.04675876726886291
11 0.07526041666666666 0.30393198724760895 0.15052083333333333 0.04675876726886291
0 0.07526041666666666 0.30393198724760895 0.15052083333333333 0.04675876726886291
11 0.07526041666666666 0.35069075451647186 0.15052083333333333 0.04675876726886291
0 0.07526041666666666 0.35069075451647186 0.15052083333333333 0.04675876726886291
1 0.1390625 0.35069075451647186 0.022916666666666665 0.04675876726886291
11 0.07526041666666666 0.39744952178533477 0.15052083333333333 0.04675876726886291
0 0.07526041666666666 0.39744952178533477 0.15052083333333333 0.04675876726886291
11 0.07526041666666666 0.4442082890541977 0.15052083333333333 0.04675876726886291
0 0.07526041666666666 0.4442082890541977 0.15052083333333333 0.04675876726886291
11 0.07526041666666666 0.4909670563230606 0.15052083333333333 0.04675876726886291
0 0.07526041666666666 0.4909670563230606 0.15052083333333333 0.04675876726886291
11 0.07526041666666666 0.5377258235919234 0.15052083333333333 0.04675876726886291
0 0.07526041666666666 0.5377258235919234 0.15052083333333333 0.04675876726886291
11 0.07526041666666666 0.5844845908607864 0.15052083333333333 0.04675876726886291
0 0.07526041666666666 0.5844845908607864 0.15052083333333333 0.04675876726886291
11 0.07526041666666666 0.667375132837407 0.15052083333333333 0.11902231668437832
0 0.07526041666666666 0.6312433581296493 0.15052083333333333 0.04675876726886291
1 0.1390625 0.6312433581296493 0.022916666666666665 0.04675876726886291
11 0.07916666666666666 0.6907545164718385 0.14270833333333333 0.07226354941551541
0 0.07916666666666666 0.6907545164718385 0.14270833333333333 0.07226354941551541
11 0.07526041666666666 0.7502656748140276 0.15052083333333333 0.04675876726886291
0 0.07526041666666666 0.7502656748140276 0.15052083333333333 0.04675876726886291
1 0.1390625 0.7502656748140276 0.022916666666666665 0.04675876726886291
11 0.07526041666666666 0.7970244420828906 0.15052083333333333 0.04675876726886291
0 0.07526041666666666 0.7970244420828906 0.15052083333333333 0.04675876726886291
1 0.1390625 0.7970244420828906 0.022916666666666665 0.04675876726886291
11 0.07526041666666666 0.8437832093517534 0.15052083333333333 0.04675876726886291
0 0.07526041666666666 0.8437832093517534 0.15052083333333333 0.04675876726886291
1 0.1390625 0.8437832093517534 0.022916666666666665 0.04675876726886291
11 0.07526041666666666 0.8905419766206164 0.15052083333333333 0.04675876726886291
0 0.07526041666666666 0.8905419766206164 0.15052083333333333 0.04675876726886291
1 0.1390625 0.8905419766206164 0.022916666666666665 0.04675876726886291
0 0.3421712239583333 0.25398512221041447 0.07496744791666667 0.021253985122210415
0 0.6493326822916666 0.30818278427205104 0.06082356770833333 0.021253985122210415
0 0.421826171875 0.33528161530286926 0.05660807291666667 0.021253985122210415
0 0.3403116861979167 0.5520722635494155 0.07124837239583333 0.021253985122210415
0 0.5826578776041667 0.5791710945802337 0.034163411458333334 0.021253985122210415
0 0.31725667317708334 0.6944739638682252 0.06055501302083333 0.040382571732199786
0 0.6979166666666666 0.7056323060573858 0.026041666666666668 0.06269925611052073
0 0.3529459635416667 0.8602550478214666 0.08323567708333333 0.021253985122210415
0 0.37442626953125 0.9064824654622742 0.1261962890625 0.021253985122210415
0 0.36727294921875 0.9527098831030818 0.1118896484375 0.021253985122210415
0 0.3821818033854167 0.9941551540913921 0.14170735677083332 0.011689691817215728
0 0.7942708333333334 0.17136025504782146 0.10416666666666667 0.036663124335812966
0 0.7942708333333334 0.20802337938363444 0.10416666666666667 0.036663124335812966
0 0.7942708333333334 0.2446865037194474 0.10416666666666667 0.036663124335812966
0 0.7942708333333334 0.28134962805526037 0.10416666666666667 0.036663124335812966
0 0.7942708333333334 0.31801275239107335 0.10416666666666667 0.036663124335812966
0 0.7942708333333334 0.3546758767268863 0.10416666666666667 0.036663124335812966
0 0.7942708333333334 0.39133900106269925 0.10416666666666667 0.036663124335812966
0 0.7942708333333334 0.42800212539851223 0.10416666666666667 0.036663124335812966
0 0.7942708333333334 0.46466524973432516 0.10416666666666667 0.036663124335812966
0 0.7942708333333334 0.5013283740701382 0.10416666666666667 0.036663124335812966
0 0.7942708333333334 0.5379914984059511 0.10416666666666667 0.036663124335812966
0 0.7942708333333334 0.574654622741764 0.10416666666666667 0.036663124335812966
0 0.7942708333333334 0.611317747077577 0.10416666666666667 0.036663124335812966
0 0.7942708333333334 0.64798087141339 0.10416666666666667 0.036663124335812966
0 0.7942708333333334 0.684643995749203 0.10416666666666667 0.036663124335812966
0 0.7942708333333334 0.721307120085016 0.10416666666666667 0.036663124335812966
0 0.7942708333333334 0.7579702444208289 0.10416666666666667 0.036663124335812966
0 0.7942708333333334 0.7946333687566419 0.10416666666666667 0.036663124335812966
0 0.7942708333333334 0.8312964930924548 0.10416666666666667 0.036663124335812966
5 0.48463541666666665 0.08289054197662062 0.87177734375 0.06376195536663125
2 0.5002604166666667 0.08289054197662062 0.84052734375 0.05526036131774708
1 0.048486328125 0.05047821466524974 0.0005208333333333333 0.0010626992561105207
1 0.93614501953125 0.08342189160467588 0.0302001953125 0.06482465462274177
1 0.85159912109375 0.1418039319872476 0.03558756510416667 0.015940488841657812
1 0.8849080403645834 0.1418039319872476 0.024666341145833333 0.015940488841657812
1 0.9112508138020833 0.1418039319872476 0.0216552734375 0.015940488841657812
1 0.9460367838541667 0.8278427205100957 0.00625 0.1487778958554729
0 0.4999918619791667 0.9282678002125399 0.09305013020833333 0.04144527098831031
