0 0.0390625 0.0281615302869288 0.052083333333333336 0.018065887353878853
0 0.0390625 0.08129649309245483 0.052083333333333336 0.07120085015940489
0 0.0390625 0.15409139213602552 0.052083333333333336 0.031880977683315624
0 0.0390625 0.18597236981934112 0.052083333333333336 0.031880977683315624
0 0.0390625 0.21785334750265675 0.052083333333333336 0.031880977683315624
0 0.0390625 0.24973432518597238 0.052083333333333336 0.031880977683315624
1 0.0390625 0.3475026567481403 0.052083333333333336 0.044633368756641874
1 0.0390625 0.40488841657810837 0.052083333333333336 0.044633368756641874
0 0.01759033203125 0.7635494155154091 0.012263997395833334 0.015940488841657812
0 0.021171061197916667 0.7848034006376196 0.019425455729166666 0.015940488841657812
0 0.04605305989583333 0.7848034006376196 0.016438802083333332 0.015940488841657812
0 0.026505533854166666 0.80605738575983 0.030094401041666666 0.015940488841657812
0 0.03924153645833333 0.8379383634431455 0.05556640625 0.03719447396386823
0 0.38155924479166664 0.5545131509032943 0.5756184895833333 0.053134962805526036
0 0.38155924479166664 0.5545131509032943 0.5756184895833333 0.053134962805526036
0 0.38155924479166664 0.5545131509032943 0.5756184895833333 0.053134962805526036
0 0.38155924479166664 0.5279456695005313 0.5756184895833333 0.10626992561105207
0 0.38155924479166664 0.5545131509032943 0.5756184895833333 0.053134962805526036
0 0.38155924479166664 0.5279456695005313 0.5756184895833333 0.10626992561105207
0 0.7570841471354167 0.14356303037669782 0.09927571614583333 0.2546327045696068
0 0.7570841471354167 0.14356303037669782 0.09927571614583333 0.2546327045696068
0 0.7570841471354167 0.14356303037669782 0.09927571614583333 0.2546327045696068
0 0.7570841471354167 0.14356303037669782 0.09927571614583333 0.2546327045696068
2 0.9012654622395834 0.0825086344314559 0.1369873046875 0.023379383634431455
8 0.9012654622395834 0.12714200318809776 0.1369873046875 0.021253985122210415
8 0.9012654622395834 0.15264678533475026 0.1369873046875 0.021253985122210415
8 0.9012654622395834 0.17815156748140276 0.1369873046875 0.021253985122210415
2 0.9012654622395834 0.20471904888416578 0.1369873046875 0.023379383634431455
1 0.95494384765625 0.24510162061636556 0.029630533854166665 0.02763018065887354
1 0.9499064127604167 0.6735354675876727 0.05435384114583333 0.036131774707757705
0 0.12130126953125 0.6730041179596175 0.04051920572916667 0.03506907545164718
0 0.19386393229166668 0.6730041179596175 0.08377278645833333 0.03506907545164718
0 0.26387939453125 0.6730041179596175 0.0354248046875 0.03506907545164718
0 0.34554850260416664 0.6730041179596175 0.107080078125 0.03506907545164718
0 0.42945556640625 0.6730041179596175 0.039900716145833334 0.03506907545164718
0 0.4890380859375 0.6730041179596175 0.058430989583333336 0.03506907545164718
0 0.55986328125 0.6730041179596175 0.06238606770833333 0.03506907545164718
0 0.6290934244791667 0.6730041179596175 0.05524088541666667 0.03506907545164718
0 0.695361328125 0.6730041179596175 0.05646158854166667 0.03506907545164718
0 0.7613444010416667 0.6730041179596175 0.054671223958333334 0.03506907545164718
0 0.83775634765625 0.6730041179596175 0.0773193359375 0.03506907545164718
0 0.24217122395833332 0.8702427603613178 0.28121744791666664 0.2595144792773645
0 0.539013671875 0.8702427603613178 0.28121744791666664 0.2595144792773645
0 0.8358561197916666 0.8702427603613178 0.28121744791666664 0.2595144792773645
2 0.16927083333333334 0.6668437832093518 0.125 0.039319872476089264
4 0.16927083333333334 0.7343251859723698 0.11458333333333333 0.053134962805526036
1 0.21614583333333334 0.8671625929861849 0.03125 0.02763018065887354
1 0.0296875 0.9691817215727949 0.0125 0.025504782146652496
1 0.04521484375 0.9691817215727949 0.0125 0.025504782146652496
1 0.0607421875 0.9691817215727949 0.0125 0.025504782146652496
1 0.07626953125 0.9691817215727949 0.0125 0.025504782146652496
1 0.9558268229166667 0.9691817215727949 0.010416666666666666 0.021253985122210415
1 0.9703125 0.9691817215727949 0.010416666666666666 0.021253985122210415
1 0.9173828125 0.9691817215727949 0.010416666666666666 0.021253985122210415
1 0.7699991861979166 0.952942348565356 0.43999837239583334 0.0750365302869288
1 0.6843424479166667 0.9513482996811902 0.16555989583333333 0.044218251859723695
1 0.8120890299479167 0.9513482996811902 0.0724853515625 0.044218251859723695
1 0.8943603515625 0.9513482996811902 0.074609375 0.044218251859723695
