0 0.22542724609375 0.012221041445270989 0.0478759765625 0.018065887353878853
0 0.27421875 0.012221041445270989 0.040543619791666666 0.018065887353878853
0 0.31546223958333336 0.012221041445270989 0.03277994791666667 0.018065887353878853
0 0.7356892903645833 0.012221041445270989 0.0494384765625 0.01381509032943677
0 0.7949178059895833 0.012221041445270989 0.05599772135416667 0.01381509032943677
0 0.500927734375 0.0844845908607864 0.09560546875 0.022316684378320937
0 0.5921875 0.11583421891604676 0.23854166666666668 0.031880977683315624
0 0.5921875 0.15090329436769395 0.23854166666666668 0.015940488841657812
0 0.5921875 0.18597236981934112 0.23854166666666668 0.031880977683315624
0 0.5921875 0.2263549415515409 0.23854166666666668 0.031880977683315624
0 0.5921875 0.2667375132837407 0.23854166666666668 0.031880977683315624
0 0.21168212890625 0.0844845908607864 0.06919759114583333 0.022316684378320937
0 0.28294270833333335 0.08660998937300744 0.053304036458333336 0.01381509032943677
0 0.18452555338541668 0.14348100425079702 0.014884440104166667 0.015940488841657812
0 0.20626627604166667 0.16473498937300743 0.058365885416666666 0.015940488841657812
0 0.19704996744791667 0.18598897449521784 0.039933268229166666 0.015940488841657812
0 0.21229654947916668 0.20724295961742828 0.07042643229166666 0.015940488841657812
0 0.18533121744791667 0.2284969447396387 0.016495768229166666 0.015940488841657812
0 0.19218343098958332 0.2497509298618491 0.0302001953125 0.015940488841657812
0 0.18513997395833334 0.2710049149840595 0.01611328125 0.015940488841657812
0 0.2835001627604167 0.14348100425079702 0.04095865885416667 0.015940488841657812
0 0.2817789713541667 0.16473498937300743 0.037516276041666664 0.015940488841657812
0 0.27535400390625 0.18598897449521784 0.024666341145833333 0.015940488841657812
0 0.26952718098958334 0.20724295961742828 0.0130126953125 0.015940488841657812
0 0.28564046223958334 0.2284969447396387 0.0452392578125 0.015940488841657812
0 0.278857421875 0.2497509298618491 0.03167317708333333 0.015940488841657812
0 0.2744547526041667 0.2710049149840595 0.022867838541666668 0.015940488841657812
0 0.37012125651041666 0.14348100425079702 0.04232584635416667 0.015940488841657812
0 0.3599650065104167 0.16473498937300743 0.022013346354166668 0.015940488841657812
0 0.3696370442708333 0.18598897449521784 0.041357421875 0.015940488841657812
0 0.3572184244791667 0.20724295961742828 0.016520182291666668 0.015940488841657812
0 0.3585286458333333 0.2284969447396387 0.019140625 0.015940488841657812
0 0.37396240234375 0.2497509298618491 0.050008138020833336 0.015940488841657812
0 0.35821126302083334 0.2710049149840595 0.018505859375 0.015940488841657812
2 0.5470052083333333 0.3336875664187035 0.48984375 0.023379383634431455
2 0.8057291666666667 0.33475026567481403 0.020833333333333332 0.04250797024442083
7 0.34248046875 0.3767268862911796 0.0067708333333333336 0.01381509032943677
5 0.36684977213541664 0.3746014877789586 0.0344482421875 0.015940488841657812
7 0.39486490885416664 0.3767268862911796 0.0067708333333333336 0.01381509032943677
5 0.41958821614583336 0.3746014877789586 0.03515625 0.015940488841657812
0 0.5274454752604166 0.6912858660998937 0.044474283854166664 0.022316684378320937
0 0.5564046223958333 0.6933282412327312 0.007291666666666667 0.01487778958554729
0 0.5907877604166667 0.6934112646121148 0.05011393229166667 0.01381509032943677
0 0.5950602213541667 0.7651600690754516 0.137841796875 0.015940488841657812
0 0.7073893229166667 0.7694108660998937 0.010416666666666666 0.015940488841657812
0 0.7332275390625 0.7694108660998937 0.041259765625 0.015940488841657812
0 0.56651611328125 0.7917275504782146 0.08075358072916666 0.015940488841657812
0 0.7073893229166667 0.7959783475026567 0.010416666666666666 0.015940488841657812
0 0.7286661783854167 0.7959783475026567 0.03213704427083333 0.015940488841657812
0 0.6161661783854167 0.8214831296493093 0.1800537109375 0.015940488841657812
0 0.7073893229166667 0.8225458289054197 0.010416666666666666 0.015940488841657812
0 0.7344970703125 0.8225458289054197 0.043798828125 0.015940488841657812
0 0.5528889973958333 0.8459252125398512 0.05349934895833333 0.015940488841657812
0 0.7073893229166667 0.8501760095642933 0.010416666666666666 0.015940488841657812
0 0.7296223958333333 0.8501760095642933 0.03404947916666667 0.015940488841657812
0 0.5614013671875 0.8724926939426142 0.07052408854166667 0.015940488841657812
0 0.7073893229166667 0.8767434909670563 0.010416666666666666 0.015940488841657812
0 0.7313802083333333 0.8767434909670563 0.03756510416666667 0.015940488841657812
0 0.6390380859375 0.8990601753453773 0.22579752604166667 0.015940488841657812
0 0.7073893229166667 0.9033109723698194 0.010416666666666666 0.015940488841657812
0 0.7204915364583333 0.9033109723698194 0.015787760416666668 0.015940488841657812
0 0.6500773111979167 0.9256276567481403 0.2478759765625 0.015940488841657812
0 0.7073893229166667 0.9298784537725824 0.010416666666666666 0.015940488841657812
0 0.7322835286458333 0.9298784537725824 0.03937174479166667 0.015940488841657812
0 0.5929239908854167 0.9521951381509033 0.1335693359375 0.015940488841657812
0 0.7073893229166667 0.9564459351753454 0.010416666666666666 0.015940488841657812
0 0.7347981770833333 0.9564459351753454 0.04440104166666667 0.015940488841657812
0 0.56517333984375 0.9787626195536663 0.07806803385416666 0.015940488841657812
0 0.7073893229166667 0.9830134165781084 0.010416666666666666 0.015940488841657812
0 0.72681884765625 0.9830134165781084 0.0284423828125 0.015940488841657812
0 0.5518310546875 0.9986799282678002 0.05138346354166667 0.002640143464399575
0 0.1930908203125 0.6912858660998937 0.03201497395833333 0.022316684378320937
0 0.2065673828125 0.7709883103081828 0.05896809895833333 0.022316684378320937
0 0.20162760416666667 0.8049946865037194 0.02490234375 0.015940488841657812
0 0.20123291015625 0.8280917906482466 0.024112955729166666 0.015940488841657812
0 0.3897298177083333 0.7709883103081828 0.08154296875 0.022316684378320937
8 0.38333333333333336 0.808182784272051 0.06875 0.020191285866099893
2 0.4384521484375 0.808182784272051 0.037093098958333334 0.022316684378320937
0 0.24576009114583333 0.8735055791710946 0.137353515625 0.018065887353878853
0 0.21151529947916667 0.9085746546227418 0.027197265625 0.015940488841657812
0 0.30889485677083334 0.9372675345377258 0.22195638020833333 0.015940488841657812
0 0.264208984375 0.9659604144527099 0.13258463541666668 0.015940488841657812
