0 0.10442708333333334 0.1206163655685441 0.0005208333333333333 0.0010626992561105207
0 0.10442708333333334 0.1206163655685441 0.0005208333333333333 0.0010626992561105207
0 0.2554402669270833 0.1676740170031881 0.0316162109375 0.01700318809776833
0 0.3995361328125 0.1676740170031881 0.043375651041666664 0.01700318809776833
0 0.46014404296875 0.1676740170031881 0.0462158203125 0.01700318809776833
0 0.5677775065104167 0.1676740170031881 0.09688313802083333 0.01700318809776833
0 0.70296630859375 0.1676740170031881 0.0324462890625 0.01700318809776833
0 0.2856689453125 0.20020257704569608 0.015625 0.01700318809776833
0 0.31576741536458336 0.20020257704569608 0.04051920572916667 0.01700318809776833
0 0.3568033854166667 0.20020257704569608 0.015625 0.01700318809776833
0 0.3862996419270833 0.20020257704569608 0.03931477864583333 0.01700318809776833
0 0.4267333984375 0.20020257704569608 0.015625 0.01700318809776833
0 0.45825602213541666 0.20020257704569608 0.04336751302083333 0.01700318809776833
0 0.5007161458333333 0.20020257704569608 0.015625 0.01700318809776833
0 0.5403238932291666 0.20020257704569608 0.05953776041666667 0.01700318809776833
0 0.590869140625 0.20020257704569608 0.015625 0.01700318809776833
0 0.6150919596354166 0.20020257704569608 0.028767903645833332 0.01700318809776833
0 0.6502522786458333 0.20020257704569608 0.015625 0.01700318809776833
0 0.6696126302083333 0.20020257704569608 0.01904296875 0.01700318809776833
0 0.6999104817708334 0.20020257704569608 0.015625 0.01700318809776833
0 0.7232584635416667 0.20020257704569608 0.027018229166666668 0.01700318809776833
0 0.7575439453125 0.20020257704569608 0.015625 0.01700318809776833
0 0.7908528645833334 0.20020257704569608 0.04694010416666667 0.01700318809776833
0 0.40673421223958334 0.23503918703506907 0.07172037760416666 0.01700318809776833
0 0.496484375 0.23503918703506907 0.08185221354166666 0.01700318809776833
0 0.5916748046875 0.23503918703506907 0.08260091145833333 0.01700318809776833
0 0.6836263020833333 0.23503918703506907 0.07537434895833334 0.01700318809776833
0 0.41783040364583335 0.2662725823591923 0.0380859375 0.01700318809776833
0 0.4818522135416667 0.2662725823591923 0.06402994791666666 0.01700318809776833
0 0.53919677734375 0.2662725823591923 0.0247314453125 0.01700318809776833
0 0.5758748372395833 0.2662725823591923 0.022696940104166667 0.01700318809776833
0 0.61295166015625 0.2662725823591923 0.025528971354166666 0.01700318809776833
0 0.6660400390625 0.2662725823591923 0.05472005208333333 0.01700318809776833
0 0.4164510091145833 0.3482664718384697 0.14307454427083333 0.01700318809776833
0 0.5771647135416667 0.3482664718384697 0.08349609375 0.01700318809776833
0 0.14020182291666666 0.49387287460148777 0.058333333333333334 0.01700318809776833
0 0.20016682942708333 0.43472701912858663 0.054305013020833334 0.01700318809776833
0 0.31283365885416664 0.6969978746014878 0.0412109375 0.015940488841657812
0 0.27398681640625 0.72610587141339 0.0182373046875 0.015940488841657812
0 0.33180338541666665 0.72610587141339 0.029557291666666666 0.015940488841657812
0 0.37869873046875 0.72610587141339 0.035017903645833334 0.015940488841657812
0 0.452392578125 0.72610587141339 0.03209635416666667 0.015940488841657812
0 0.5004964192708333 0.72610587141339 0.00625 0.015940488841657812
0 0.5207722981770834 0.72610587141339 0.0306396484375 0.015940488841657812
0 0.130810546875 0.8114539054197663 0.016227213541666667 0.01700318809776833
0 0.16042073567708334 0.8114539054197663 0.026765950520833335 0.01700318809776833
0 0.21210123697916666 0.8114539054197663 0.027962239583333333 0.01700318809776833
0 0.24371744791666666 0.8114539054197663 0.031217447916666665 0.01700318809776833
0 0.29986165364583334 0.8114539054197663 0.008919270833333333 0.01700318809776833
0 0.5157796223958333 0.9143530818278427 0.040625 0.01700318809776833
0 0.130810546875 0.8605207226354942 0.016227213541666667 0.01700318809776833
0 0.16568196614583333 0.8605207226354942 0.03728841145833333 0.01700318809776833
0 0.130810546875 0.9095875398512221 0.016227213541666667 0.01700318809776833
0 0.28077392578125 0.9095875398512221 0.0275634765625 0.01700318809776833
0 0.16485188802083334 0.9333820403825718 0.052685546875 0.01700318809776833
0 0.130810546875 0.95865435706695 0.016227213541666667 0.01700318809776833
0 0.2552408854166667 0.95865435706695 0.035660807291666666 0.01700318809776833
0 0.31360270182291666 0.95865435706695 0.0494384765625 0.01700318809776833
0 0.37682698567708334 0.95865435706695 0.04540201822916667 0.01700318809776833
0 0.4243855794270833 0.95865435706695 0.041609700520833334 0.01700318809776833
0 0.3046183268229167 0.9705516073326249 0.3638427734375 0.04079768862911796
0 0.130810546875 0.9996097901168969 0.016227213541666667 0.0007804197662061637
0 0.17410074869791667 0.9996097901168969 0.0541259765625 0.0007804197662061637
0 0.5883015950520833 0.4302603613177471 0.06444498697916666 0.01700318809776833
0 0.6561116536458333 0.4302603613177471 0.049853515625 0.01700318809776833
0 0.7583089192708333 0.4302603613177471 0.13321940104166666 0.01700318809776833
0 0.8843465169270833 0.4302603613177471 0.0975341796875 0.01700318809776833
0 0.95491943359375 0.4302603613177471 0.0222900390625 0.01700318809776833
0 0.958740234375 0.5164884431455898 0.04479166666666667 0.01700318809776833
0 0.665625 0.46253985122210417 0.1455078125 0.01700318809776833
0 0.8607991536458334 0.46253985122210417 0.038916015625 0.01700318809776833
0 0.8119588216145833 0.4863343517534538 0.04012858072916667 0.01700318809776833
0 0.6342081705729167 0.5354011689691818 0.038924153645833334 0.01700318809776833
0 0.7456217447916667 0.5354011689691818 0.08094075520833334 0.01700318809776833
0 0.825830078125 0.5354011689691818 0.030810546875 0.01700318809776833
0 0.6683268229166667 0.5844679861849097 0.07578125 0.01700318809776833
0 0.7996419270833334 0.5844679861849097 0.13902994791666667 0.01700318809776833
0 0.73284912109375 0.5963652364505845 0.33021647135416665 0.04079768862911796
0 0.9414347330729167 0.637154622741764 0.07940266927083334 0.015940488841657812
0 0.5961100260416666 0.7225026567481403 0.05673828125 0.01700318809776833
0 0.588818359375 0.7477749734325186 0.042154947916666664 0.01700318809776833
0 0.5884195963541666 0.7730472901168969 0.041357421875 0.01700318809776833
0 0.5934814453125 0.7983196068012752 0.05148111979166667 0.01700318809776833
0 0.5920613606770834 0.8235919234856536 0.04864095052083333 0.01700318809776833
0 0.93924560546875 0.8524840595111584 0.08378092447916667 0.015940488841657812
0 0.9498860677083333 0.9712739107332625 0.0625 0.01700318809776833
0 0.69818115234375 0.9378320935175345 0.03182779947916667 0.01700318809776833
0 0.6044230143229167 0.9631044102019128 0.0733642578125 0.01700318809776833
0 0.624072265625 0.9883767268862912 0.085107421875 0.01700318809776833
0 0.8372314453125 0.020191285866099893 0.046549479166666664 0.01487778958554729
0 0.8768351236979167 0.020191285866099893 0.023282877604166665 0.01487778958554729
0 0.9259969075520833 0.020191285866099893 0.06566569010416666 0.01487778958554729
0 0.9775919596354167 0.020191285866099893 0.0281494140625 0.01487778958554729
0 0.11254069010416666 0.06376195536663125 0.04070638020833333 0.04250797024442083
0 0.15343017578125 0.06376195536663125 0.04107259114583333 0.04250797024442083
0 0.6763387044270833 0.06376195536663125 0.0267822265625 0.04250797024442083
0 0.7219401041666667 0.06376195536663125 0.06442057291666667 0.04250797024442083
0 0.7874918619791667 0.06376195536663125 0.06668294270833333 0.04250797024442083
2 0.9083333333333333 0.06626095908607864 0.16666666666666666 0.03050278958554729
1 0.9838541666666667 0.06626095908607864 0.014583333333333334 0.02837739107332625
1 0.9838541666666667 0.06626095908607864 0.014583333333333334 0.02837739107332625
0 0.04583333333333333 0.08501594048884166 0.08333333333333333 0.17003188097768332
0 0.0291015625 0.20594779489904358 0.0298828125 0.01487778958554729
0 0.0351806640625 0.22667043039319873 0.042041015625 0.01487778958554729
0 0.036393229166666666 0.24739306588735388 0.04446614583333333 0.01487778958554729
0 0.03917236328125 0.3093451115834219 0.0500244140625 0.01487778958554729
0 0.04473876953125 0.330067747077577 0.0611572265625 0.01487778958554729
0 0.03292236328125 0.3507903825717322 0.0375244140625 0.01487778958554729
0 0.020414225260416665 0.3715130180658874 0.012508138020833334 0.01487778958554729
0 0.040572102864583334 0.39223565356004253 0.05282389322916667 0.01487778958554729
0 0.024759928385416668 0.4129582890541977 0.021199544270833332 0.01487778958554729
0 0.02667236328125 0.43368092454835283 0.0250244140625 0.01487778958554729
0 0.04300130208333333 0.4956329702444208 0.05768229166666667 0.01487778958554729
0 0.03726399739583333 0.523528825717322 0.04620768229166667 0.02922422954303932
0 0.03275146484375 0.5514246811902231 0.0371826171875 0.01487778958554729
0 0.03882649739583333 0.5721473166843783 0.049332682291666666 0.01487778958554729
0 0.04195556640625 0.5928699521785334 0.0555908203125 0.01487778958554729
0 0.025276692708333333 0.6135925876726886 0.022233072916666666 0.01487778958554729
0 0.04751383463541667 0.6343152231668437 0.06670735677083334 0.01487778958554729
0 0.0457763671875 0.6962672688629118 0.063232421875 0.01487778958554729
0 0.0323974609375 0.716989904357067 0.036474609375 0.01487778958554729
1 0.07833658854166667 0.7536530286928799 0.008333333333333333 0.01700318809776833
0 0.03205159505208333 0.7789419500531349 0.035782877604166666 0.01487778958554729
0 0.0212646484375 0.7996645855472901 0.014208984375 0.01487778958554729
0 0.026318359375 0.8203872210414452 0.02431640625 0.01487778958554729
0 0.023193359375 0.8411098565356004 0.01806640625 0.01487778958554729
0 0.024755859375 0.8618324920297555 0.02119140625 0.01487778958554729
0 0.023018391927083333 0.8825551275239107 0.017716471354166666 0.01487778958554729
0 0.0322265625 0.9032777630180658 0.0361328125 0.01487778958554729
0 0.027884928385416667 0.924000398512221 0.027449544270833334 0.01487778958554729
0 0.024409993489583334 0.9447230340063762 0.020499674479166667 0.01487778958554729
0 0.025455729166666666 0.9654456695005313 0.022591145833333333 0.01487778958554729
0 0.021866861979166666 0.9861683049946866 0.015413411458333333 0.01487778958554729
0 0.023018391927083333 0.999726022848034 0.017716471354166666 0.0005479543039319872
