0 0.24239095052083334 0.031880977683315624 0.09415690104166667 0.031880977683315624
1 0.7117268880208333 0.031880977683315624 0.028629557291666666 0.04250797024442083
0 0.7575520833333333 0.031880977683315624 0.0609375 0.04250797024442083
1 0.7994791666666666 0.031880977683315624 0.020833333333333332 0.04250797024442083
1 0.7994791666666666 0.031880977683315624 0.0125 0.025504782146652496
1 0.7994791666666666 0.031880977683315624 0.020833333333333332 0.04250797024442083
1 0.7994791666666666 0.031880977683315624 0.020833333333333332 0.04250797024442083
0 0.21199544270833334 0.1030818278427205 0.043782552083333336 0.04250797024442083
0 0.2610270182291667 0.1030818278427205 0.052197265625 0.04250797024442083
0 0.3182902018229167 0.1030818278427205 0.06024576822916667 0.04250797024442083
2 0.7005208333333334 0.10361317747077577 0.20833333333333334 0.04250797024442083
1 0.7927083333333333 0.10573857598299681 0.01875 0.03825717321997875
1 0.28880208333333335 0.2963768597236982 0.013020833333333334 0.026567481402763018
2 0.225 0.9011855738575983 0.041666666666666664 0.03719447396386823
2 0.26875 0.9011855738575983 0.041666666666666664 0.03719447396386823
2 0.225 0.985927537194474 0.041666666666666664 0.02814492561105207
2 0.26875 0.985927537194474 0.041666666666666664 0.02814492561105207
1 0.32776285807291666 0.2963768597236982 0.0253173828125 0.026567481402763018
1 0.4663492838541667 0.2963768597236982 0.016341145833333334 0.026567481402763018
1 0.5223225911458333 0.2963768597236982 0.015657552083333335 0.026567481402763018
1 0.5847005208333333 0.2963768597236982 0.027783203125 0.026567481402763018
1 0.6417683919270833 0.2963768597236982 0.029288736979166667 0.026567481402763018
