0 0.018229166666666668 0.03719447396386823 0.028125 0.02261556854410202
1 0.07416585286458334 0.03719447396386823 0.0504150390625 0.07438894792773645
1 0.13011067708333332 0.03719447396386823 0.04480794270833333 0.07438894792773645
1 0.187353515625 0.03719447396386823 0.05301106770833333 0.07438894792773645
1 0.25137125651041664 0.03719447396386823 0.05835774739583333 0.07438894792773645
1 0.31297200520833335 0.03719447396386823 0.048177083333333336 0.07438894792773645
1 0.36815185546875 0.03719447396386823 0.045515950520833334 0.07438894792773645
1 0.7895670572916667 0.03719447396386823 0.016145833333333335 0.07332624867162593
1 0.8246012369791667 0.03719447396386823 0.03933919270833333 0.07332624867162593
13 0.8310872395833333 0.036663124335812966 0.021158854166666668 0.010626992561105207
1 0.87265625 0.0366548219978746 0.011979166666666667 0.02688297024442083
5 0.9393229166666667 0.036663124335812966 0.12135416666666667 0.05951115834218916
2 0.9393229166666667 0.036663124335812966 0.12135416666666667 0.05951115834218916
1 0.8411417643229167 0.11259630712008502 0.04271647135416667 0.033906748140276305
1 0.43501383463541665 0.6773794500531349 0.6158610026041667 0.64524109989373
0 0.325 0.8499933581296493 0.32916666666666666 0.025504782146652496
1 0.7867635091145834 0.6531648382497011 0.0459716796875 0.4675876726886291
1 0.8517496744791667 0.6871712144452378 0.042333984375 0.5356004250797024
0 0.47055257161458336 0.9025720642933049 0.06893717447916667 0.04883435175345377
0 0.55408935546875 0.9025720642933049 0.05542805989583333 0.04883435175345377
0 0.62928466796875 0.9025720642933049 0.05225423177083333 0.04883435175345377
