0 0.203125 0.03400637619553666 0.06458333333333334 0.021253985122210415
2 0.38212890625 0.03400637619553666 0.2725911458333333 0.04250797024442083
1 0.4684244791666667 0.03400637619553666 0.0125 0.04250797024442083
1 0.4996744791666667 0.03400637619553666 0.0375 0.04250797024442083
0 0.5608723958333334 0.0334750265674814 0.022395833333333334 0.027829436769394263
0 0.603662109375 0.0334750265674814 0.029850260416666666 0.027829436769394263
0 0.6483154296875 0.0334750265674814 0.026123046875 0.027829436769394263
1 0.6923665364583333 0.0334750265674814 0.028645833333333332 0.027829436769394263
0 0.21875 0.10892667375132838 0.09583333333333334 0.030818278427205102
0 0.21875 0.15834218916046758 0.09583333333333334 0.02975557917109458
0 0.21875 0.19659936238044634 0.09583333333333334 0.02975557917109458
0 0.21875 0.23485653560042508 0.09583333333333334 0.02975557917109458
0 0.21875 0.2731137088204038 0.09583333333333334 0.02975557917109458
0 0.21875 0.31137088204038255 0.09583333333333334 0.02975557917109458
0 0.21875 0.34962805526036134 0.09583333333333334 0.02975557917109458
0 0.21875 0.38788522848034007 0.09583333333333334 0.02975557917109458
0 0.21875 0.4261424017003188 0.09583333333333334 0.02975557917109458
0 0.21875 0.46439957492029754 0.09583333333333334 0.02975557917109458
0 0.21875 0.5026567481402763 0.09583333333333334 0.02975557917109458
0 0.21875 0.5409139213602551 0.09583333333333334 0.02975557917109458
0 0.33125 0.10892667375132838 0.09583333333333334 0.030818278427205102
0 0.33125 0.15834218916046758 0.09583333333333334 0.02975557917109458
0 0.33125 0.19659936238044634 0.09583333333333334 0.02975557917109458
0 0.33125 0.23485653560042508 0.09583333333333334 0.02975557917109458
0 0.33125 0.2731137088204038 0.09583333333333334 0.02975557917109458
0 0.33125 0.31137088204038255 0.09583333333333334 0.02975557917109458
0 0.33125 0.34962805526036134 0.09583333333333334 0.02975557917109458
0 0.33125 0.38788522848034007 0.09583333333333334 0.02975557917109458
0 0.33125 0.4261424017003188 0.09583333333333334 0.02975557917109458
0 0.33125 0.46439957492029754 0.09583333333333334 0.02975557917109458
0 0.33125 0.5026567481402763 0.09583333333333334 0.02975557917109458
0 0.44375 0.10892667375132838 0.09583333333333334 0.030818278427205102
0 0.44375 0.15834218916046758 0.09583333333333334 0.02975557917109458
0 0.44375 0.19659936238044634 0.09583333333333334 0.02975557917109458
0 0.44375 0.23485653560042508 0.09583333333333334 0.02975557917109458
0 0.44375 0.2731137088204038 0.09583333333333334 0.02975557917109458
0 0.44375 0.31137088204038255 0.09583333333333334 0.02975557917109458
0 0.44375 0.34962805526036134 0.09583333333333334 0.02975557917109458
0 0.44375 0.38788522848034007 0.09583333333333334 0.02975557917109458
0 0.44375 0.4261424017003188 0.09583333333333334 0.02975557917109458
0 0.55625 0.10892667375132838 0.09583333333333334 0.030818278427205102
0 0.55625 0.15834218916046758 0.09583333333333334 0.02975557917109458
0 0.55625 0.19659936238044634 0.09583333333333334 0.02975557917109458
0 0.55625 0.23485653560042508 0.09583333333333334 0.02975557917109458
0 0.55625 0.2731137088204038 0.09583333333333334 0.02975557917109458
0 0.55625 0.31137088204038255 0.09583333333333334 0.02975557917109458
0 0.55625 0.34962805526036134 0.09583333333333334 0.02975557917109458
0 0.55625 0.38788522848034007 0.09583333333333334 0.02975557917109458
0 0.55625 0.4261424017003188 0.09583333333333334 0.02975557917109458
0 0.55625 0.46439957492029754 0.09583333333333334 0.02975557917109458
0 0.66875 0.10892667375132838 0.09583333333333334 0.030818278427205102
0 0.66875 0.15834218916046758 0.09583333333333334 0.02975557917109458
0 0.66875 0.19659936238044634 0.09583333333333334 0.02975557917109458
0 0.66875 0.23485653560042508 0.09583333333333334 0.02975557917109458
0 0.66875 0.2731137088204038 0.09583333333333334 0.02975557917109458
0 0.66875 0.31137088204038255 0.09583333333333334 0.02975557917109458
0 0.66875 0.34962805526036134 0.09583333333333334 0.02975557917109458
0 0.66875 0.38788522848034007 0.09583333333333334 0.02975557917109458
0 0.66875 0.4261424017003188 0.09583333333333334 0.02975557917109458
0 0.66875 0.46439957492029754 0.09583333333333334 0.02975557917109458
0 0.66875 0.5026567481402763 0.09583333333333334 0.02975557917109458
0 0.78125 0.15834218916046758 0.09583333333333334 0.02975557917109458
0 0.78125 0.19659936238044634 0.09583333333333334 0.02975557917109458
0 0.78125 0.23485653560042508 0.09583333333333334 0.02975557917109458
0 0.78125 0.29914984059511157 0.09583333333333334 0.030818278427205102
1 0.78125 0.357066950053135 0.09583333333333334 0.04675876726886291
1 0.7601155598958333 0.03400637619553666 0.044352213541666664 0.04250797024442083
0 0.7601155598958333 0.03400637619553666 0.026643880208333335 0.03825717321997875
0 0.8088541666666667 0.03400637619553666 0.040625 0.04250797024442083
0 0.19297281901041666 0.089798087141339 0.056778971354166666 0.040382571732199786
0 0.236328125 0.089798087141339 0.021598307291666667 0.040382571732199786
0 0.26962483723958336 0.089798087141339 0.036661783854166664 0.040382571732199786
0 0.3210367838541667 0.089798087141339 0.05782877604166667 0.040382571732199786
0 0.3704427083333333 0.089798087141339 0.03264973958333333 0.040382571732199786
0 0.40841064453125 0.089798087141339 0.034952799479166664 0.040382571732199786
0 0.4526448567708333 0.089798087141339 0.045182291666666666 0.040382571732199786
0 0.4711995442708333 0.15356004250797026 0.084375 0.02975557917109458
0 0.5003621419270833 0.089798087141339 0.0419189453125 0.040382571732199786
0 0.5454508463541666 0.089798087141339 0.03992513020833333 0.040382571732199786
0 0.5942626953125 0.089798087141339 0.049365234375 0.040382571732199786
1 0.627978515625 0.09458023379383634 0.01806640625 0.018065887353878853
0 0.55819091796875 0.5918155552603613 0.15728352864583334 0.2353048618490967
0 0.21687418619791668 0.8272200451647184 0.09208170572916667 0.1585912592986185
0 0.3152058919270833 0.8272200451647184 0.09208170572916667 0.1585912592986185
0 0.41353759765625 0.8272200451647184 0.09208170572916667 0.1585912592986185
0 0.5118693033854167 0.8272200451647184 0.09208170572916667 0.1585912592986185
0 0.6102010091145833 0.8272200451647184 0.09208170572916667 0.1585912592986185
0 0.240625 0.9844995350690755 0.13958333333333334 0.031000929861849096
0 0.47552083333333334 0.9949106668437833 0.309375 0.010178666312433582
0 0.7528645833333333 0.6004250797024442 0.15989583333333332 0.08501594048884166
0 0.7510416666666667 0.822529224229543 0.0625 0.02975557917109458
1 0.9833333333333333 0.03400637619553666 0.0125 0.025504782146652496
1 0.4752604166666667 0.040382571732199786 0.0010416666666666667 0.0021253985122210413
