1 0.7760416666666666 0.9070138150903294 0.026041666666666668 0.05844845908607864
1 0.7760416666666666 0.9096705632306057 0.026041666666666668 0.053134962805526036
0 0.7760416666666666 0.9096705632306057 0.026041666666666668 0.053134962805526036
0 0.2596354166666667 0.02497343251859724 0.04010416666666667 0.04357066950053135
0 0.3028645833333333 0.02497343251859724 0.04635416666666667 0.04357066950053135
0 0.3533854166666667 0.02497343251859724 0.0546875 0.04357066950053135
0 0.7458333333333333 0.023910733262486716 0.028125 0.022316684378320937
0 0.54921875 0.02497343251859724 0.03177083333333333 0.04357066950053135
0 0.58515625 0.02497343251859724 0.04010416666666667 0.04357066950053135
0 0.6252604166666667 0.02497343251859724 0.04010416666666667 0.04357066950053135
0 0.6653645833333334 0.02497343251859724 0.04010416666666667 0.04357066950053135
0 0.7075520833333333 0.02497343251859724 0.044270833333333336 0.04357066950053135
0 0.27838541666666666 0.08873538788522849 0.0578125 0.04994686503719448
2 0.42604166666666665 0.09192348565356004 0.134375 0.03506907545164718
1 0.5109375 0.09192348565356004 0.034375 0.03719447396386823
0 0.72578125 0.005313496280552604 0.06927083333333334 0.010626992561105207
0 0.72578125 0.40913921360255046 0.06927083333333334 0.053134962805526036
0 0.72578125 0.5685441020191286 0.06927083333333334 0.053134962805526036
0 0.72578125 0.6216790648246546 0.06927083333333334 0.053134962805526036
0 0.72578125 0.6748140276301806 0.06927083333333334 0.053134962805526036
0 0.72578125 0.7279489904357067 0.06927083333333334 0.053134962805526036
0 0.6630208333333333 0.09032943676939426 0.05625 0.053134962805526036
0 0.24895833333333334 0.1365568544102019 0.014583333333333334 0.018065887353878853
0 0.2779459635416667 0.1365568544102019 0.014583333333333334 0.018065887353878853
0 0.30693359375 0.1365568544102019 0.014583333333333334 0.018065887353878853
0 0.34112955729166666 0.1365568544102019 0.014583333333333334 0.018065887353878853
0 0.24895833333333334 0.17056323060573858 0.014583333333333334 0.018065887353878853
0 0.2779459635416667 0.17056323060573858 0.014583333333333334 0.018065887353878853
0 0.30693359375 0.17056323060573858 0.014583333333333334 0.018065887353878853
0 0.34112955729166666 0.17056323060573858 0.014583333333333334 0.018065887353878853
0 0.24895833333333334 0.20456960680127523 0.014583333333333334 0.018065887353878853
0 0.2779459635416667 0.20456960680127523 0.014583333333333334 0.018065887353878853
0 0.30693359375 0.20456960680127523 0.014583333333333334 0.018065887353878853
0 0.34112955729166666 0.20456960680127523 0.021875 0.018065887353878853
0 0.37916666666666665 0.1365568544102019 0.014583333333333334 0.018065887353878853
0 0.41106770833333334 0.1365568544102019 0.015397135416666667 0.018065887353878853
0 0.44296875 0.1365568544102019 0.014583333333333334 0.018065887353878853
0 0.474462890625 0.1365568544102019 0.014583333333333334 0.018065887353878853
0 0.37916666666666665 0.17056323060573858 0.014583333333333334 0.018065887353878853
0 0.4109375 0.17056323060573858 0.014583333333333334 0.018065887353878853
0 0.4427083333333333 0.17056323060573858 0.014583333333333334 0.018065887353878853
0 0.4744791666666667 0.17056323060573858 0.014583333333333334 0.018065887353878853
0 0.37916666666666665 0.20456960680127523 0.014583333333333334 0.018065887353878853
0 0.4109375 0.20456960680127523 0.014583333333333334 0.018065887353878853
0 0.4427083333333333 0.20456960680127523 0.014583333333333334 0.018065887353878853
0 0.4744791666666667 0.20456960680127523 0.014583333333333334 0.018065887353878853
0 0.509375 0.1365568544102019 0.014583333333333334 0.018065887353878853
0 0.5428792317708333 0.1365568544102019 0.014583333333333334 0.018065887353878853
0 0.5763834635416667 0.1365568544102019 0.014583333333333334 0.018065887353878853
0 0.6046793619791667 0.1365568544102019 0.014583333333333334 0.018065887353878853
0 0.509375 0.17056323060573858 0.014583333333333334 0.018065887353878853
0 0.5428792317708333 0.17056323060573858 0.014583333333333334 0.018065887353878853
0 0.5763834635416667 0.17056323060573858 0.014583333333333334 0.018065887353878853
0 0.6046793619791667 0.17056323060573858 0.014583333333333334 0.018065887353878853
0 0.509375 0.20456960680127523 0.014583333333333334 0.018065887353878853
0 0.5428792317708333 0.20456960680127523 0.021875 0.018065887353878853
0 0.5763834635416667 0.20456960680127523 0.014583333333333334 0.018065887353878853
0 0.6046793619791667 0.20456960680127523 0.014583333333333334 0.018065887353878853
0 0.6395833333333333 0.1365568544102019 0.014583333333333334 0.018065887353878853
0 0.6751708984375 0.1365568544102019 0.014583333333333334 0.018065887353878853
0 0.7107584635416667 0.1365568544102019 0.014583333333333334 0.018065887353878853
0 0.7463460286458333 0.1365568544102019 0.014583333333333334 0.018065887353878853
0 0.6395833333333333 0.17056323060573858 0.014583333333333334 0.018065887353878853
0 0.6751708984375 0.17056323060573858 0.014583333333333334 0.018065887353878853
0 0.7107584635416667 0.17056323060573858 0.014583333333333334 0.018065887353878853
0 0.7463460286458333 0.17056323060573858 0.014583333333333334 0.018065887353878853
0 0.6395833333333333 0.20456960680127523 0.014583333333333334 0.018065887353878853
0 0.6751708984375 0.20456960680127523 0.014583333333333334 0.018065887353878853
0 0.7107584635416667 0.20456960680127523 0.014583333333333334 0.018065887353878853
0 0.7463460286458333 0.20456960680127523 0.014583333333333334 0.018065887353878853
0 0.2630208333333333 0.6493092454835282 0.03333333333333333 0.019128586609989374
0 0.34140625 0.6509032943676939 0.009895833333333333 0.020191285866099893
0 0.35651041666666666 0.6509032943676939 0.009895833333333333 0.020191285866099893
0 0.015885416666666666 0.7013815090329437 0.03177083333333333 0.021253985122210415
0 0.09913330078125 0.7013815090329437 0.021525065104166668 0.01487778958554729
0 0.0067708333333333336 0.7279489904357067 0.013541666666666667 0.01487778958554729
0 0.035563151041666664 0.7279489904357067 0.01748046875 0.01487778958554729
0 0.064990234375 0.7279489904357067 0.02060546875 0.01487778958554729
0 0.09895833333333333 0.7279489904357067 0.020833333333333332 0.01487778958554729
0 0.009895833333333333 0.7598299681190224 0.019791666666666666 0.01487778958554729
0 0.03723958333333333 0.7598299681190224 0.020833333333333332 0.01487778958554729
0 0.06510416666666667 0.7598299681190224 0.020833333333333332 0.01487778958554729
0 0.096875 0.7598299681190224 0.025 0.01487778958554729
0 0.009635416666666667 0.8087141339001063 0.019270833333333334 0.04250797024442083
0 0.03802083333333333 0.8087141339001063 0.021875 0.04250797024442083
0 0.06848958333333334 0.8087141339001063 0.0234375 0.04250797024442083
0 0.09895833333333333 0.8087141339001063 0.021875 0.04250797024442083
1 0.017447916666666667 0.8485653560042508 0.034895833333333334 0.030818278427205102
1 0.05416666666666667 0.8485653560042508 0.0375 0.030818278427205102
1 0.09166666666666666 0.8485653560042508 0.036458333333333336 0.030818278427205102
0 0.1390625 0.7013815090329437 0.03333333333333333 0.021253985122210415
0 0.20416666666666666 0.7013815090329437 0.059375 0.021253985122210415
0 0.17239583333333333 0.7300743889479278 0.1 0.019128586609989374
0 0.15260416666666668 0.7906482465462275 0.06041666666666667 0.08501594048884166
0 0.20885416666666667 0.8172157279489904 0.04375 0.031880977683315624
0 0.1515625 0.8607863974495218 0.058333333333333334 0.02763018065887354
0 0.19739583333333333 0.8884165781083954 0.07291666666666667 0.02763018065887354
0 0.26522216796875 0.7003188097768331 0.037736002604166666 0.019128586609989374
0 0.3195068359375 0.7008501594048884 0.06770833333333333 0.015940488841657812
0 0.271875 0.7295430393198725 0.051041666666666666 0.018065887353878853
0 0.2838541666666667 0.7502656748140276 0.075 0.01487778958554729
0 0.2609375 0.78586609989373 0.029166666666666667 0.018065887353878853
0 0.2604166666666667 0.8065887353878852 0.028125 0.01487778958554729
1 0.3020833333333333 0.8554729011689692 0.09375 0.03400637619553666
0 0.3919270833333333 0.7045696068012752 0.043229166666666666 0.02763018065887354
0 0.46927083333333336 0.7013815090329437 0.025 0.021253985122210415
0 0.39375 0.7927321333687567 0.052083333333333336 0.1444440754516472
0 0.4557291666666667 0.7683315621679064 0.052083333333333336 0.08501594048884166
0 0.46484375 0.8437832093517534 0.033854166666666664 0.02975557917109458
0 0.5109375 0.7013815090329437 0.03333333333333333 0.021253985122210415
0 0.5949666341145833 0.7013815090329437 0.021525065104166668 0.01487778958554729
0 0.5020833333333333 0.7279489904357067 0.014583333333333334 0.01487778958554729
0 0.531396484375 0.7279489904357067 0.01748046875 0.01487778958554729
0 0.5608235677083333 0.7279489904357067 0.02060546875 0.01487778958554729
0 0.5947916666666667 0.7279489904357067 0.020833333333333332 0.01487778958554729
0 0.5052083333333334 0.7598299681190224 0.020833333333333332 0.01487778958554729
0 0.5330729166666667 0.7598299681190224 0.020833333333333332 0.01487778958554729
0 0.5609375 0.7598299681190224 0.020833333333333332 0.01487778958554729
0 0.5927083333333333 0.7598299681190224 0.025 0.01487778958554729
0 0.5046875 0.8087141339001063 0.020833333333333332 0.04250797024442083
0 0.5338541666666666 0.8087141339001063 0.021875 0.04250797024442083
0 0.5643229166666667 0.8087141339001063 0.0234375 0.04250797024442083
0 0.5947916666666667 0.8087141339001063 0.021875 0.04250797024442083
1 0.5125 0.8485653560042508 0.036458333333333336 0.030818278427205102
1 0.55 0.8485653560042508 0.0375 0.030818278427205102
1 0.5875 0.8485653560042508 0.036458333333333336 0.030818278427205102
0 0.6348958333333333 0.7013815090329437 0.03333333333333333 0.021253985122210415
0 0.7 0.7013815090329437 0.059375 0.021253985122210415
0 0.6682291666666667 0.7300743889479278 0.1 0.019128586609989374
0 0.6484375 0.7906482465462275 0.06041666666666667 0.08501594048884166
0 0.7046875 0.8172157279489904 0.04375 0.031880977683315624
0 0.6473958333333333 0.8607863974495218 0.058333333333333334 0.02763018065887354
0 0.6932291666666667 0.8884165781083954 0.07291666666666667 0.02763018065887354
0 0.7610555013020833 0.7003188097768331 0.037736002604166666 0.019128586609989374
0 0.8153401692708333 0.7008501594048884 0.06770833333333333 0.015940488841657812
0 0.7567708333333333 0.7295430393198725 0.029166666666666667 0.018065887353878853
0 0.87109375 0.7502656748140276 0.2578125 0.01487778958554729
0 0.7567708333333333 0.78586609989373 0.029166666666666667 0.018065887353878853
0 0.87109375 0.8065887353878852 0.2578125 0.01487778958554729
1 0.7979166666666667 0.8554729011689692 0.09375 0.03400637619553666
0 0.2552083333333333 0.9341126461211477 0.014583333333333334 0.01700318809776833
0 0.2864583333333333 0.9341126461211477 0.014583333333333334 0.01700318809776833
0 0.3177083333333333 0.9341126461211477 0.014583333333333334 0.01700318809776833
0 0.3489583333333333 0.9341126461211477 0.014583333333333334 0.01700318809776833
0 0.38958333333333334 0.24760892667375134 0.016666666666666666 0.019128586609989374
0 0.40286458333333336 0.3432518597236982 0.05572916666666667 0.09776833156216791
0 0.46848958333333335 0.3432518597236982 0.05572916666666667 0.09776833156216791
0 0.5341145833333333 0.3432518597236982 0.05572916666666667 0.09776833156216791
0 0.46854248046875 0.41339001062699254 0.17666829427083333 0.01700318809776833
0 0.42959798177083336 0.4410201912858661 0.098779296875 0.01700318809776833
0 0.5061767578125 0.4410201912858661 0.051041666666666666 0.01700318809776833
0 0.4239583333333333 0.46865037194473963 0.0875 0.01700318809776833
0 0.506201171875 0.46865037194473963 0.07364908854166667 0.01700318809776833
0 0.4170125325520833 0.4962805526036132 0.0736083984375 0.01700318809776833
0 0.38958333333333334 0.5472901168969182 0.016666666666666666 0.019128586609989374
0 0.40234375 0.6312433581296493 0.0546875 0.09564293304994687
0 0.48463541666666665 0.59192348565356 0.08489583333333334 0.01700318809776833
0 0.4829833984375 0.6195536663124336 0.081591796875 0.01700318809776833
0 0.49192708333333335 0.6471838469713072 0.09947916666666666 0.01700318809776833
0 0.49192708333333335 0.6748140276301806 0.09947916666666666 0.01700318809776833
0 0.40234375 0.742826780021254 0.0546875 0.09564293304994687
0 0.49192708333333335 0.7088204038257173 0.09947916666666666 0.01700318809776833
0 0.49192708333333335 0.7364505844845909 0.09947916666666666 0.01700318809776833
0 0.48828125 0.7640807651434643 0.0921875 0.01700318809776833
0 0.48828125 0.7917109458023379 0.0921875 0.01700318809776833
0 0.42213541666666665 0.8453772582359192 0.009895833333333333 0.020191285866099893
0 0.4622395833333333 0.8453772582359192 0.009895833333333333 0.020191285866099893
0 0.04895833333333333 0.8884165781083954 0.0875 0.01700318809776833
0 0.09127197265625 0.9160467587672688 0.17212727864583333 0.01700318809776833
0 0.0887451171875 0.9436769394261424 0.16707356770833334 0.01700318809776833
0 0.08992919921875 0.971307120085016 0.16944173177083333 0.01700318809776833
0 0.08842366536458333 0.9952178533475027 0.1664306640625 0.009564293304994687
0 0.27889811197916664 0.8884165781083954 0.17237955729166668 0.01700318809776833
0 0.2749104817708333 0.9160467587672688 0.164404296875 0.01700318809776833
0 0.2540486653645833 0.9436769394261424 0.1226806640625 0.01700318809776833
0 0.26663818359375 0.971307120085016 0.14785970052083333 0.01700318809776833
0 0.24675699869791667 0.9952178533475027 0.10809733072916666 0.009564293304994687
0 0.46125895182291665 0.8884165781083954 0.16210123697916667 0.01700318809776833
0 0.44749755859375 0.9160467587672688 0.13457845052083334 0.01700318809776833
0 0.46770833333333334 0.9436769394261424 0.175 0.01700318809776833
0 0.409375 0.971307120085016 0.058333333333333334 0.01700318809776833
0 0.4639404296875 0.9952178533475027 0.16746419270833332 0.009564293304994687
0 0.6189412434895833 0.8884165781083954 0.1024658203125 0.01700318809776833
0 0.6515625 0.9160467587672688 0.16770833333333332 0.01700318809776833
0 0.6484822591145833 0.9436769394261424 0.1615478515625 0.01700318809776833
0 0.6552083333333333 0.971307120085016 0.175 0.01700318809776833
0 0.6470947265625 0.9952178533475027 0.15877278645833334 0.009564293304994687
0 0.7989583333333333 0.8884165781083954 0.0875 0.01700318809776833
0 0.84127197265625 0.9160467587672688 0.17212727864583333 0.01700318809776833
0 0.8387451171875 0.9436769394261424 0.16707356770833334 0.01700318809776833
0 0.83992919921875 0.971307120085016 0.16944173177083333 0.01700318809776833
0 0.8384236653645833 0.9952178533475027 0.1664306640625 0.009564293304994687
0 0.5875 0.24760892667375134 0.016666666666666666 0.019128586609989374
0 0.6145833333333334 0.3028692879914984 0.07291666666666667 0.01700318809776833
0 0.6891682942708334 0.3028692879914984 0.07291666666666667 0.01700318809776833
0 0.6401041666666667 0.33049946865037194 0.12395833333333334 0.01700318809776833
0 0.6664591471354167 0.3443145589798087 0.17666829427083333 0.044633368756641874
0 0.6410970052083333 0.38575982996811903 0.12594401041666667 0.01700318809776833
0 0.61856689453125 0.41339001062699254 0.0808837890625 0.01700318809776833
0 0.6328125 0.4410201912858661 0.109375 0.01700318809776833
0 0.6291666666666667 0.46865037194473963 0.10208333333333333 0.01700318809776833
0 0.6258585611979167 0.4962805526036132 0.09546712239583334 0.01700318809776833
0 0.6174072265625 0.5239107332624867 0.078564453125 0.01700318809776833
0 0.6311604817708333 0.5515409139213603 0.10607096354166666 0.01700318809776833
0 0.6538655598958333 0.5791710945802337 0.15148111979166667 0.01700318809776833
0 0.6666666666666666 0.6068012752391073 0.17708333333333334 0.02763018065887354
0 0.6666666666666666 0.6344314558979809 0.17708333333333334 0.02763018065887354
0 0.6666666666666666 0.6620616365568545 0.17708333333333334 0.02763018065887354
0 0.6666666666666666 0.6896918172157279 0.17708333333333334 0.02763018065887354
0 0.6666666666666666 0.7173219978746015 0.17708333333333334 0.02763018065887354
0 0.6666666666666666 0.7449521785334751 0.17708333333333334 0.02763018065887354
0 0.6666666666666666 0.7725823591923485 0.17708333333333334 0.02763018065887354
0 0.6666666666666666 0.8002125398512221 0.17708333333333334 0.02763018065887354
0 0.65916748046875 0.798087141339001 0.1620849609375 0.01700318809776833
0 0.5878580729166667 0.8342189160467588 0.019466145833333334 0.01700318809776833
0 0.665234375 0.8342189160467588 0.13528645833333333 0.01700318809776833
0 0.5878580729166667 0.8618490967056323 0.019466145833333334 0.01700318809776833
0 0.6653279622395833 0.8618490967056323 0.1354736328125 0.01700318809776833
0 0.6575113932291666 0.8894792773645058 0.15877278645833334 0.01700318809776833
0 0.5926717122395834 0.9171094580233794 0.029093424479166668 0.01700318809776833
0 0.6756795247395834 0.9171094580233794 0.13692220052083334 0.01700318809776833
0 0.6255208333333333 0.944739638682253 0.09479166666666666 0.01700318809776833
0 0.7110432942708333 0.944739638682253 0.07291666666666667 0.01700318809776833
0 0.5878580729166667 0.9723698193411264 0.019466145833333334 0.01700318809776833
0 0.6595703125 0.9723698193411264 0.12395833333333334 0.01700318809776833
0 0.6510416666666666 0.9957492029755579 0.14583333333333334 0.008501594048884165
