0 0.03854166666666667 0.04516471838469713 0.04791666666666667 0.049149840595111585
11 0.08171793619791666 0.06110520722635494 0.038435872395833334 0.05376594048884166
0 0.07624918619791667 0.04538057917109458 0.027498372395833335 0.018065887353878853
1 0.9700520833333334 0.11721240701381509 0.0078125 0.015940488841657812
0 0.347607421875 0.20490170031880978 0.06912434895833333 0.018065887353878853
0 0.34832356770833334 0.24060175345377258 0.070556640625 0.018065887353878853
0 0.34833984375 0.2763018065887354 0.07058919270833333 0.018065887353878853
0 0.3311848958333333 0.3120018597236982 0.036279296875 0.018065887353878853
0 0.41844075520833335 0.20490170031880978 0.036279296875 0.018065887353878853
0 0.4173095703125 0.24060175345377258 0.034016927083333336 0.018065887353878853
0 0.41326497395833334 0.2763018065887354 0.025927734375 0.018065887353878853
0 0.42028401692708334 0.3120018597236982 0.0399658203125 0.018065887353878853
0 0.4234822591145833 0.347701912858661 0.0463623046875 0.018065887353878853
0 0.41144205729166666 0.3834019659936238 0.022281901041666666 0.018065887353878853
0 0.5104166666666666 0.20490170031880978 0.033154296875 0.018065887353878853
0 0.5209269205729167 0.24060175345377258 0.0541748046875 0.018065887353878853
0 0.5160725911458334 0.2763018065887354 0.04446614583333333 0.018065887353878853
0 0.5181477864583334 0.3120018597236982 0.04861653645833333 0.018065887353878853
0 0.519189453125 0.347701912858661 0.050699869791666664 0.018065887353878853
0 0.5277587890625 0.3834019659936238 0.06783854166666667 0.018065887353878853
1 0.533251953125 0.41755778427205104 0.07882486979166667 0.017102816153028694
0 0.6223958333333334 0.20490170031880978 0.06612955729166667 0.018065887353878853
0 0.6364705403645833 0.24060175345377258 0.09427897135416667 0.018065887353878853
0 0.6381388346354167 0.2763018065887354 0.09761555989583333 0.018065887353878853
0 0.6090250651041667 0.3120018597236982 0.039388020833333336 0.018065887353878853
1 0.17390543619791668 0.19141870350690754 0.020906575520833335 0.016604675876726885
0 0.29791666666666666 0.16609657279489903 0.033154296875 0.018065887353878853
0 0.30868733723958336 0.20604742295430392 0.05469563802083333 0.018065887353878853
0 0.32460123697916665 0.2459982731137088 0.0865234375 0.018065887353878853
0 0.30357259114583335 0.2859491232731137 0.04446614583333333 0.018065887353878853
0 0.3160888671875 0.3258999734325186 0.06949869791666667 0.018065887353878853
0 0.32186686197916664 0.3658508235919235 0.0810546875 0.018065887353878853
0 0.3152587890625 0.40580167375132836 0.06783854166666667 0.018065887353878853
0 0.31646728515625 0.4457525239107333 0.07025553385416666 0.018065887353878853
0 0.3197428385416667 0.48570337407013814 0.076806640625 0.018065887353878853
0 0.45655517578125 0.16609657279489903 0.06918131510416667 0.018065887353878853
0 0.4650390625 0.20604742295430392 0.08614908854166667 0.018065887353878853
0 0.4541259765625 0.2459982731137088 0.06432291666666666 0.018065887353878853
0 0.46233723958333334 0.2859491232731137 0.08074544270833334 0.018065887353878853
0 0.456103515625 0.3258999734325186 0.06827799479166667 0.018065887353878853
0 0.45831298828125 0.3658508235919235 0.07269694010416666 0.018065887353878853
0 0.45841064453125 0.40580167375132836 0.07289225260416667 0.018065887353878853
0 0.4574462890625 0.4457525239107333 0.07096354166666667 0.018065887353878853
0 0.45364583333333336 0.48570337407013814 0.06336263020833334 0.018065887353878853
0 0.5982014973958333 0.16609657279489903 0.07122395833333334 0.018065887353878853
0 0.6044881184895833 0.20604742295430392 0.08379720052083334 0.018065887353878853
0 0.587939453125 0.2459982731137088 0.050699869791666664 0.018065887353878853
0 0.5896769205729167 0.2859491232731137 0.0541748046875 0.018065887353878853
0 0.5868977864583333 0.3258999734325186 0.04861653645833333 0.018065887353878853
0 0.586962890625 0.3658508235919235 0.048746744791666664 0.018065887353878853
0 0.5989461263020833 0.40580167375132836 0.07271321614583333 0.018065887353878853
0 0.6011555989583334 0.4457525239107333 0.07713216145833333 0.018065887353878853
0 0.5967976888020833 0.48570337407013814 0.06841634114583334 0.018065887353878853
0 0.7376057942708333 0.16609657279489903 0.06878255208333334 0.018065887353878853
0 0.7460693359375 0.20604742295430392 0.08570963541666667 0.018065887353878853
0 0.73492431640625 0.2459982731137088 0.06341959635416666 0.018065887353878853
0 0.7517781575520833 0.2859491232731137 0.09712727864583333 0.018065887353878853
0 0.73682861328125 0.3258999734325186 0.06722819010416667 0.018065887353878853
0 0.7415120442708333 0.3658508235919235 0.07659505208333334 0.018065887353878853
11 0.12254231770833333 0.06110520722635494 0.043212890625 0.05376594048884166
0 0.11707356770833334 0.04538057917109458 0.032275390625 0.018065887353878853
1 0.9700520833333334 0.11721240701381509 0.0078125 0.015940488841657812
0 0.32274983723958334 0.20490170031880978 0.044881184895833336 0.018065887353878853
0 0.33487141927083336 0.24060175345377258 0.06912434895833333 0.018065887353878853
0 0.33558756510416665 0.2763018065887354 0.070556640625 0.018065887353878853
0 0.3476765950520833 0.3120018597236982 0.09473470052083334 0.018065887353878853
0 0.33560384114583336 0.347701912858661 0.07058919270833333 0.018065887353878853
0 0.31844889322916664 0.3834019659936238 0.036279296875 0.018065887353878853
0 0.4298502604166667 0.20490170031880978 0.036279296875 0.018065887353878853
0 0.43489176432291665 0.24060175345377258 0.0463623046875 0.018065887353878853
0 0.42939453125 0.2763018065887354 0.03536783854166667 0.018065887353878853
0 0.43482666015625 0.3120018597236982 0.04623209635416667 0.018065887353878853
0 0.45191650390625 0.347701912858661 0.08041178385416667 0.018065887353878853
0 0.4150797526041667 0.3834019659936238 0.00673828125 0.018065887353878853
0 0.54375 0.20490170031880978 0.069921875 0.018065887353878853
0 0.5374918619791667 0.24060175345377258 0.05740559895833333 0.018065887353878853
0 0.54876708984375 0.2763018065887354 0.0799560546875 0.018065887353878853
0 0.541943359375 0.3120018597236982 0.06630859375 0.018065887353878853
0 0.5376057942708333 0.347701912858661 0.057633463541666666 0.018065887353878853
0 0.5315877278645833 0.3834019659936238 0.04559733072916667 0.018065887353878853
1 0.54876708984375 0.41755778427205104 0.0799560546875 0.017102816153028694
0 0.6384765625 0.20490170031880978 0.06612955729166667 0.018065887353878853
0 0.65255126953125 0.24060175345377258 0.09427897135416667 0.018065887353878853
0 0.64588623046875 0.2763018065887354 0.08094889322916667 0.018065887353878853
0 0.6251057942708333 0.3120018597236982 0.039388020833333336 0.018065887353878853
1 0.17390543619791668 0.19141870350690754 0.020906575520833335 0.016604675876726885
0 0.3063883463541667 0.16609657279489903 0.05009765625 0.018065887353878853
0 0.3160807291666667 0.20604742295430392 0.069482421875 0.018065887353878853
0 0.3155924479166667 0.2459982731137088 0.068505859375 0.018065887353878853
0 0.31004231770833335 0.2859491232731137 0.05740559895833333 0.018065887353878853
0 0.31015625 0.3258999734325186 0.057633463541666666 0.018065887353878853
0 0.30670166015625 0.3658508235919235 0.05072428385416667 0.018065887353878853
0 0.45533854166666665 0.16609657279489903 0.066748046875 0.018065887353878853
0 0.4570231119791667 0.20604742295430392 0.0701171875 0.018065887353878853
0 0.44447021484375 0.2459982731137088 0.04501139322916667 0.018065887353878853
0 0.45263671875 0.2859491232731137 0.06134440104166667 0.018065887353878853
0 0.45692545572916665 0.3258999734325186 0.069921875 0.018065887353878853
0 0.45913492838541664 0.3658508235919235 0.0743408203125 0.018065887353878853
0 0.5883707682291667 0.16609657279489903 0.0515625 0.018065887353878853
0 0.5950927734375 0.20604742295430392 0.06500651041666666 0.018065887353878853
0 0.6025675455729167 0.2459982731137088 0.0799560546875 0.018065887353878853
0 0.5904988606770833 0.2859491232731137 0.05581868489583333 0.018065887353878853
0 0.5892903645833333 0.3258999734325186 0.05340169270833333 0.018065887353878853
0 0.5877237955729167 0.3658508235919235 0.0502685546875 0.018065887353878853
0 0.74749755859375 0.16609657279489903 0.08856608072916666 0.018065887353878853
0 0.72987060546875 0.20604742295430392 0.05331217447916667 0.018065887353878853
0 0.72601318359375 0.2459982731137088 0.04559733072916667 0.018065887353878853
0 0.7363688151041666 0.2859491232731137 0.06630859375 0.018065887353878853
0 0.74207763671875 0.3258999734325186 0.07772623697916667 0.018065887353878853
11 0.17391357421875 0.06110520722635494 0.059529622395833336 0.05376594048884166
0 0.16844482421875 0.04538057917109458 0.04859212239583333 0.018065887353878853
1 0.9700520833333334 0.11721240701381509 0.0078125 0.015940488841657812
0 0.32729899088541664 0.20490170031880978 0.044881184895833336 0.018065887353878853
0 0.33942057291666666 0.24060175345377258 0.06912434895833333 0.018065887353878853
0 0.34013671875 0.2763018065887354 0.070556640625 0.018065887353878853
0 0.4339070638020833 0.20490170031880978 0.08365071614583333 0.018065887353878853
0 0.409765625 0.24060175345377258 0.03536783854166667 0.018065887353878853
0 0.401171875 0.2763018065887354 0.018180338541666667 0.018065887353878853
0 0.4052978515625 0.3120018597236982 0.026432291666666666 0.018065887353878853
0 0.41087239583333335 0.347701912858661 0.037581380208333334 0.018065887353878853
0 0.41739501953125 0.3834019659936238 0.05062662760416667 0.018065887353878853
0 0.5300048828125 0.20490170031880978 0.07521158854166667 0.018065887353878853
0 0.5209554036458334 0.24060175345377258 0.057112630208333334 0.018065887353878853
0 0.5347452799479167 0.2763018065887354 0.0846923828125 0.018065887353878853
0 0.5266682942708333 0.3120018597236982 0.06853841145833334 0.018065887353878853
0 0.53271484375 0.347701912858661 0.08063151041666666 0.018065887353878853
0 0.5255411783854167 0.3834019659936238 0.0662841796875 0.018065887353878853
1 0.5347452799479167 0.41755778427205104 0.0846923828125 0.017102816153028694
0 0.6268229166666667 0.20490170031880978 0.06612955729166667 0.018065887353878853
0 0.6408976236979167 0.24060175345377258 0.09427897135416667 0.018065887353878853
0 0.64444580078125 0.2763018065887354 0.10137532552083334 0.018065887353878853
0 0.6134521484375 0.3120018597236982 0.039388020833333336 0.018065887353878853
1 0.17390543619791668 0.19141870350690754 0.020906575520833335 0.016604675876726885
0 0.31448160807291664 0.16609657279489903 0.0662841796875 0.018065887353878853
0 0.32368570963541665 0.20604742295430392 0.0846923828125 0.018065887353878853
0 0.3150838216145833 0.2459982731137088 0.06748860677083333 0.018065887353878853
0 0.3143229166666667 0.2859491232731137 0.065966796875 0.018065887353878853
0 0.31663818359375 0.3258999734325186 0.07059733072916667 0.018065887353878853
0 0.32010498046875 0.3658508235919235 0.07753092447916667 0.018065887353878853
0 0.31387125651041664 0.40580167375132836 0.0650634765625 0.018065887353878853
0 0.3160807291666667 0.4457525239107333 0.069482421875 0.018065887353878853
0 0.45583902994791664 0.16609657279489903 0.0677490234375 0.018065887353878853
0 0.45072021484375 0.20604742295430392 0.057511393229166666 0.018065887353878853
0 0.45203857421875 0.2459982731137088 0.06014811197916667 0.018065887353878853
0 0.47655029296875 0.2859491232731137 0.10917154947916667 0.018065887353878853
0 0.462255859375 0.3258999734325186 0.08058268229166667 0.018065887353878853
0 0.45623372395833334 0.3658508235919235 0.06853841145833334 0.018065887353878853
0 0.4505208333333333 0.40580167375132836 0.057112630208333334 0.018065887353878853
0 0.46404622395833334 0.4457525239107333 0.08416341145833334 0.018065887353878853
0 0.6055013020833333 0.16609657279489903 0.08582356770833334 0.018065887353878853
0 0.6029052734375 0.20604742295430392 0.08063151041666666 0.018065887353878853
0 0.5985921223958334 0.2459982731137088 0.07200520833333333 0.018065887353878853
0 0.6146077473958333 0.2859491232731137 0.10403645833333333 0.018065887353878853
0 0.6149658203125 0.3258999734325186 0.10475260416666667 0.018065887353878853
0 0.6034871419270833 0.3658508235919235 0.08179524739583334 0.018065887353878853
0 0.6126424153645833 0.40580167375132836 0.10010579427083334 0.018065887353878853
0 0.5934814453125 0.4457525239107333 0.061783854166666666 0.018065887353878853
0 0.7358642578125 0.16609657279489903 0.06529947916666666 0.018065887353878853
0 0.7444620768229167 0.20604742295430392 0.0824951171875 0.018065887353878853
0 0.7408203125 0.2459982731137088 0.07521158854166667 0.018065887353878853
0 0.76298828125 0.2859491232731137 0.11954752604166667 0.018065887353878853
0 0.7501708984375 0.3258999734325186 0.09391276041666667 0.018065887353878853
0 0.7449178059895833 0.3658508235919235 0.08340657552083333 0.018065887353878853
11 0.22626139322916666 0.06110520722635494 0.045166015625 0.05376594048884166
0 0.22079264322916667 0.04538057917109458 0.034228515625 0.018065887353878853
1 0.9700520833333334 0.11721240701381509 0.0078125 0.015940488841657812
0 0.33540445963541665 0.20490170031880978 0.044881184895833336 0.018065887353878853
0 0.3475260416666667 0.24060175345377258 0.06912434895833333 0.018065887353878853
0 0.3482421875 0.2763018065887354 0.070556640625 0.018065887353878853
0 0.4183268229166667 0.20490170031880978 0.036279296875 0.018065887353878853
0 0.41787109375 0.24060175345377258 0.03536783854166667 0.018065887353878853
0 0.42336832682291664 0.2763018065887354 0.0463623046875 0.018065887353878853
0 0.44039306640625 0.3120018597236982 0.08041178385416667 0.018065887353878853
0 0.42330322265625 0.347701912858661 0.04623209635416667 0.018065887353878853
0 0.43993733723958334 0.3834019659936238 0.07950032552083333 0.018065887353878853
0 0.5210367838541666 0.20490170031880978 0.04754231770833333 0.018065887353878853
0 0.51842041015625 0.24060175345377258 0.0423095703125 0.018065887353878853
0 0.52159423828125 0.2763018065887354 0.0486572265625 0.018065887353878853
0 0.5229573567708333 0.3120018597236982 0.05138346354166667 0.018065887353878853
0 0.52135009765625 0.347701912858661 0.0481689453125 0.018065887353878853
0 0.5223551432291667 0.3834019659936238 0.05017903645833333 0.018065887353878853
1 0.5366780598958333 0.41755778427205104 0.07882486979166667 0.017102816153028694
0 0.6398966471354167 0.20490170031880978 0.09427897135416667 0.018065887353878853
0 0.6326456705729167 0.24060175345377258 0.07977701822916666 0.018065887353878853
0 0.612451171875 0.2763018065887354 0.039388020833333336 0.018065887353878853
1 0.17390543619791668 0.19141870350690754 0.020906575520833335 0.016604675876726885
0 0.30566813151041666 0.16609657279489903 0.0486572265625 0.018065887353878853
0 0.31637369791666664 0.20604742295430392 0.070068359375 0.018065887353878853
0 0.31082356770833336 0.2459982731137088 0.05896809895833333 0.018065887353878853
0 0.30542399088541666 0.2859491232731137 0.0481689453125 0.018065887353878853
0 0.30886637369791664 0.3258999734325186 0.0550537109375 0.018065887353878853
0 0.44765625 0.16609657279489903 0.05138346354166667 0.018065887353878853
0 0.45418701171875 0.20604742295430392 0.06444498697916666 0.018065887353878853
0 0.44710693359375 0.2459982731137088 0.05028483072916667 0.018065887353878853
0 0.44573567708333334 0.2859491232731137 0.04754231770833333 0.018065887353878853
0 0.44705403645833336 0.3258999734325186 0.05017903645833333 0.018065887353878853
0 0.5838338216145833 0.16609657279489903 0.04248860677083333 0.018065887353878853
0 0.59630126953125 0.20604742295430392 0.06742350260416667 0.018065887353878853
0 0.58536376953125 0.2459982731137088 0.045548502604166666 0.018065887353878853
0 0.5841878255208334 0.2859491232731137 0.043196614583333334 0.018065887353878853
0 0.59007568359375 0.3258999734325186 0.054972330729166664 0.018065887353878853
0 0.7302083333333333 0.16609657279489903 0.05398763020833333 0.018065887353878853
0 0.7243693033854167 0.20604742295430392 0.0423095703125 0.018065887353878853
0 0.7301472981770833 0.2459982731137088 0.05386555989583333 0.018065887353878853
0 0.73038330078125 0.2859491232731137 0.054337565104166666 0.018065887353878853
0 0.7276082356770833 0.3258999734325186 0.048787434895833336 0.018065887353878853
0 0.26292317708333335 0.04484922954303932 0.028157552083333332 0.018065887353878853
0 0.3095703125 0.04516471838469713 0.06513671875 0.023379383634431455
1 0.37518717447916666 0.04596174282678002 0.04422200520833333 0.017102816153028694
0 0.39100341796875 0.10127191817215728 0.04981282552083333 0.018065887353878853
0 0.40145263671875 0.137403692879915 0.07071126302083333 0.018065887353878853
0 0.4004150390625 0.1735354675876727 0.06863606770833333 0.018065887353878853
0 0.3893310546875 0.2096672422954304 0.046468098958333336 0.018065887353878853
0 0.40506591796875 0.2457990170031881 0.07793782552083334 0.018065887353878853
0 0.4040283203125 0.2819307917109458 0.07586263020833334 0.018065887353878853
0 0.4000732421875 0.3180625664187035 0.06795247395833333 0.018065887353878853
0 0.3958984375 0.3541943411264612 0.05960286458333333 0.018065887353878853
0 0.3740030924479167 0.3903261158342189 0.015812174479166666 0.018065887353878853
0 0.3733642578125 0.42645789054197664 0.014534505208333333 0.018065887353878853
0 0.8431355794270833 0.04538057917109458 0.03182779947916667 0.018065887353878853
1 0.8987386067708333 0.04543039319872476 0.03250325520833333 0.017102816153028694
0 0.9384033203125 0.04484922954303932 0.031201171875 0.018065887353878853
0 0.9728352864583333 0.04484922954303932 0.022037760416666666 0.018065887353878853
8 0.06727701822916667 0.13868225292242295 0.08455403645833333 0.06269925611052073
5 0.06927083333333334 0.19394261424017004 0.0875 0.04569606801275239
5 0.06927083333333334 0.23963868225292242 0.0875 0.04569606801275239
5 0.06927083333333334 0.28533475026567484 0.0875 0.04569606801275239
5 0.06927083333333334 0.33103081827842723 0.0875 0.04569606801275239
5 0.06927083333333334 0.3767268862911796 0.0875 0.04569606801275239
5 0.06927083333333334 0.422422954303932 0.0875 0.04569606801275239
2 0.5070963541666667 0.13868225292242295 0.78154296875 0.03506907545164718
1 0.9390380859375 0.13868225292242295 0.071923828125 0.05526036131774708
0 0.5569254557291666 0.3842654091392136 0.05810546875 0.025504782146652496
0 0.5 0.47193809776833157 0.119189453125 0.06057385759829968
0 0.9304931640625 0.5712008501594049 0.09734700520833334 0.020191285866099893
0 0.6727254231770833 0.6802271519659936 0.13614095052083333 0.030818278427205102
0 0.24750569661458333 0.8582126726886291 0.16167805989583334 0.23804463336875664
0 0.4158406575520833 0.8582126726886291 0.16167805989583334 0.23804463336875664
0 0.5841756184895833 0.8582126726886291 0.16167805989583334 0.23804463336875664
0 0.7525105794270833 0.8582126726886291 0.16167805989583334 0.23804463336875664
