8 0.5 0.08519859192348565 1.0 0.1703971838469713
0 0.22890625 0.046941418703506904 0.0578125 0.04250797024442083
0 0.3077596028645833 0.046941418703506904 0.0832275390625 0.040382571732199786
0 0.39695638020833335 0.047472768331562165 0.06599934895833333 0.020191285866099893
0 0.4759765625 0.047472768331562165 0.07112630208333333 0.020191285866099893
0 0.5404256184895834 0.047472768331562165 0.03685709635416667 0.020191285866099893
0 0.5940185546875 0.047472768331562165 0.0494140625 0.020191285866099893
0 0.6333089192708333 0.06288190754516472 0.0125 0.02763018065887354
0 0.6652750651041667 0.047472768331562165 0.0125 0.020191285866099893
0 0.20546875 0.1236384165781084 0.016666666666666666 0.03400637619553666
0 0.2393798828125 0.12470111583421892 0.04698893229166667 0.031880977683315624
8 0.7 0.1236384165781084 0.2 0.05951115834218916
5 0.784375 0.1236384165781084 0.030208333333333334 0.057385759829968117
1 0.784375 0.1236384165781084 0.021875 0.044633368756641874
2 0.6848958333333334 0.1236384165781084 0.16875 0.057385759829968117
1 0.7635416666666667 0.12257571732199787 0.025 0.04250797024442083
1 0.346875 0.20666179596174283 0.30104166666666665 0.040648246546227416
1 0.653125 0.20666179596174283 0.30104166666666665 0.040648246546227416
0 0.0875 0.6214632040382572 0.175 0.7570735919234857
0 0.5 0.6214632040382572 0.55 0.7570735919234857
0 0.9125 0.6214632040382572 0.175 0.7570735919234857
1 0.7877604166666666 0.6510029224229543 0.0140625 0.04675876726886291
1 0.21223958333333334 0.6510029224229543 0.0140625 0.04675876726886291
0 0.9786458333333333 0.9564293304994687 0.026041666666666668 0.053134962805526036
1 0.984375 0.5 0.020833333333333332 0.04250797024442083
