0 0.5 0.01700318809776833 0.6666666666666666 0.01700318809776833
0 0.7337727864583333 0.05100956429330499 0.020377604166666667 0.01700318809776833
0 0.7643961588541667 0.05100956429330499 0.015869140625 0.01700318809776833
0 0.794580078125 0.05100956429330499 0.019498697916666665 0.01700318809776833
0 0.8250813802083333 0.05100956429330499 0.01650390625 0.01700318809776833
0 0.19895833333333332 0.10626992561105207 0.06458333333333334 0.13177470775770456
1 0.2816162109375 0.10626992561105207 0.05944010416666667 0.0765143464399575
1 0.3415934244791667 0.10626992561105207 0.06051432291666667 0.0765143464399575
1 0.40758056640625 0.10626992561105207 0.0714599609375 0.0765143464399575
1 0.48336588541666664 0.10626992561105207 0.08011067708333333 0.0765143464399575
1 0.5533732096354167 0.10626992561105207 0.05990397135416667 0.0765143464399575
1 0.6036905924479167 0.10626992561105207 0.040730794270833336 0.0765143464399575
1 0.6736368815104167 0.10626992561105207 0.09916178385416667 0.0765143464399575
0 0.75753173828125 0.10626992561105207 0.0686279296875 0.0765143464399575
0 0.30465901692708336 0.19766206163655686 0.0721923828125 0.021253985122210415
0 0.2979817708333333 0.24442082890541977 0.058837890625 0.021253985122210415
0 0.29423421223958335 0.19766206163655686 0.0513427734375 0.021253985122210415
0 0.32869873046875 0.24654622741764082 0.12027180989583333 0.025504782146652496
0 0.32176106770833335 0.2975557917109458 0.106396484375 0.025504782146652496
0 0.3172403971354167 0.3485653560042508 0.09735514322916666 0.025504782146652496
0 0.31507568359375 0.39744952178533477 0.09302571614583334 0.021253985122210415
0 0.2990966796875 0.46971307120085015 0.06106770833333333 0.019128586609989374
0 0.30434977213541664 0.5589798087141339 0.07157389322916667 0.021253985122210415
0 0.29654134114583336 0.6057385759829969 0.05595703125 0.021253985122210415
0 0.32869873046875 0.1997874601487779 0.12027180989583333 0.025504782146652496
0 0.30107014973958335 0.24867162592986186 0.0650146484375 0.021253985122210415
0 0.3289794921875 0.3485653560042508 0.12083333333333333 0.04250797024442083
0 0.3289794921875 0.4165781083953241 0.12083333333333333 0.04250797024442083
0 0.30631917317708335 0.47396386822529224 0.0755126953125 0.021253985122210415
0 0.3033976236979167 0.19766206163655686 0.06966959635416667 0.021253985122210415
0 0.2919230143229167 0.26567481402763016 0.04672037760416667 0.021253985122210415
0 0.30261637369791666 0.3336875664187035 0.06810709635416666 0.021253985122210415
0 0.3041910807291667 0.42295430393198724 0.07125651041666667 0.021253985122210415
0 0.2958251953125 0.46971307120085015 0.054524739583333336 0.021253985122210415
0 0.3015218098958333 0.19766206163655686 0.06591796875 0.021253985122210415
0 0.30908610026041666 0.2678002125398512 0.08104654947916666 0.025504782146652496
0 0.29087727864583335 0.31668437832093516 0.04462890625 0.021253985122210415
0 0.29527587890625 0.36344314558979807 0.053426106770833336 0.021253985122210415
0 0.32563883463541665 0.410201912858661 0.11415201822916667 0.021253985122210415
0 0.3045450846354167 0.5207226354941552 0.07196451822916666 0.021253985122210415
0 0.2958251953125 0.5674814027630181 0.054524739583333336 0.021253985122210415
0 0.30247802734375 0.19766206163655686 0.06783040364583333 0.021253985122210415
0 0.303515625 0.24442082890541977 0.06990559895833333 0.021253985122210415
0 0.28522135416666666 0.2911795961742827 0.03331705729166667 0.021253985122210415
0 0.2910888671875 0.3379383634431456 0.04505208333333333 0.021253985122210415
0 0.31708170572916666 0.3846971307120085 0.09703776041666666 0.021253985122210415
0 0.30349527994791664 0.19766206163655686 0.06986490885416667 0.021253985122210415
0 0.30073649088541665 0.24442082890541977 0.06434733072916667 0.021253985122210415
0 0.3144734700520833 0.2911795961742827 0.0918212890625 0.021253985122210415
0 0.29147542317708336 0.3379383634431456 0.0458251953125 0.021253985122210415
0 0.3289794921875 0.43783209351753455 0.12083333333333333 0.04250797024442083
0 0.8229085286458333 0.10626992561105207 0.020833333333333332 0.04250797024442083
2 0.5 0.21891604675876727 0.4875 0.06376195536663125
1 0.6936482747395833 0.21891604675876727 0.08978678385416666 0.04250797024442083
0 0.22132161458333333 0.29436769394261425 0.10930989583333334 0.053134962805526036
0 0.34937744140625 0.29436769394261425 0.0811279296875 0.053134962805526036
0 0.4582316080729167 0.29436769394261425 0.07090657552083333 0.053134962805526036
0 0.5623209635416667 0.29436769394261425 0.07159830729166666 0.053134962805526036
0 0.6726888020833334 0.29436769394261425 0.08346354166666667 0.053134962805526036
0 0.7902872721354167 0.29436769394261425 0.0860595703125 0.053134962805526036
0 0.2453125 0.8267800212539851 0.12395833333333334 0.04250797024442083
0 0.41510416666666666 0.8267800212539851 0.12395833333333334 0.04250797024442083
0 0.5848958333333333 0.8267800212539851 0.12395833333333334 0.04250797024442083
0 0.7546875 0.8267800212539851 0.12395833333333334 0.04250797024442083
