0 0.20442708333333334 0.04410201912858661 0.07552083333333333 0.030818278427205102
0 0.28597412109375 0.04303931987247609 0.0688232421875 0.04782146652497343
0 0.34144694010416665 0.04303931987247609 0.04212239583333333 0.04782146652497343
8 0.396142578125 0.04410201912858661 0.06726888020833334 0.04994686503719448
0 0.396142578125 0.04303931987247609 0.06726888020833334 0.04782146652497343
8 0.45537109375 0.04410201912858661 0.051188151041666664 0.04994686503719448
0 0.45537109375 0.04303931987247609 0.051188151041666664 0.04782146652497343
0 0.4991984049479167 0.04303931987247609 0.03646647135416667 0.04782146652497343
0 0.7248372395833333 0.04303931987247609 0.06072591145833333 0.04782146652497343
1 0.7989542643229167 0.04410201912858661 0.06875813802083333 0.04994686503719448
0 0.3118204752604167 0.48791179596174283 0.10712076822916666 0.026567481402763018
0 0.40699869791666665 0.48791179596174283 0.051350911458333336 0.026567481402763018
0 0.36302490234375 0.6505047821466525 0.1387451171875 0.026567481402763018
1 0.24006754557291668 0.7472104144527099 0.10201009114583333 0.04994686503719448
0 0.25677083333333334 0.8297190488841658 0.13541666666666666 0.026567481402763018
