0 0.00026041666666666666 0.0005313496280552603 0.0005208333333333333 0.0010626992561105207
0 0.5 0.1332193145589798 0.203125 0.020191285866099893
0 0.22479654947916666 0.021253985122210415 0.078759765625 0.04250797024442083
0 0.31236165364583335 0.021253985122210415 0.09220377604166667 0.04250797024442083
0 0.3886800130208333 0.021253985122210415 0.05626627604166667 0.04250797024442083
8 0.5 0.22969248140276302 0.6291666666666667 0.034305260361317744
11 0.37923990885416664 0.22969248140276302 0.08369140625 0.034305260361317744
8 0.3758626302083333 0.22969248140276302 0.07693684895833333 0.034305260361317744
11 0.254296875 0.28555061105207225 0.16380208333333332 0.07741099893730075
0 0.254296875 0.28555061105207225 0.14296875 0.034903028692879916
11 0.4180989583333333 0.28555061105207225 0.16380208333333332 0.07741099893730075
0 0.4180989583333333 0.28555061105207225 0.14296875 0.034903028692879916
11 0.5819010416666667 0.28555061105207225 0.16380208333333332 0.07741099893730075
0 0.5819010416666667 0.28555061105207225 0.14296875 0.034903028692879916
11 0.745703125 0.28555061105207225 0.16380208333333332 0.07741099893730075
0 0.745703125 0.28555061105207225 0.14296875 0.034903028692879916
11 0.254296875 0.362961609989373 0.16380208333333332 0.07741099893730075
0 0.254296875 0.362961609989373 0.14296875 0.034903028692879916
11 0.4180989583333333 0.362961609989373 0.16380208333333332 0.07741099893730075
0 0.4180989583333333 0.362961609989373 0.14296875 0.034903028692879916
11 0.5819010416666667 0.362961609989373 0.16380208333333332 0.07741099893730075
0 0.5819010416666667 0.362961609989373 0.14296875 0.034903028692879916
11 0.745703125 0.362961609989373 0.16380208333333332 0.07741099893730075
0 0.745703125 0.362961609989373 0.14296875 0.034903028692879916
11 0.254296875 0.44037260892667374 0.16380208333333332 0.07741099893730075
0 0.254296875 0.44037260892667374 0.14296875 0.034903028692879916
11 0.4180989583333333 0.44037260892667374 0.16380208333333332 0.07741099893730075
0 0.4180989583333333 0.44037260892667374 0.14296875 0.034903028692879916
11 0.5819010416666667 0.44037260892667374 0.16380208333333332 0.07741099893730075
0 0.5819010416666667 0.44037260892667374 0.14296875 0.034903028692879916
11 0.745703125 0.44037260892667374 0.16380208333333332 0.07741099893730075
0 0.745703125 0.44037260892667374 0.14296875 0.034903028692879916
11 0.254296875 0.5177836078639745 0.16380208333333332 0.07741099893730075
0 0.254296875 0.5177836078639745 0.14296875 0.034903028692879916
11 0.4180989583333333 0.5177836078639745 0.16380208333333332 0.07741099893730075
0 0.4180989583333333 0.5177836078639745 0.14296875 0.034903028692879916
11 0.5819010416666667 0.5177836078639745 0.16380208333333332 0.07741099893730075
0 0.5819010416666667 0.5177836078639745 0.14296875 0.034903028692879916
1 0.5 0.5841192879914984 0.05828450520833333 0.03400637619553666
11 0.47198893229166666 0.22969248140276302 0.101806640625 0.034305260361317744
8 0.46861165364583335 0.22969248140276302 0.09505208333333333 0.034305260361317744
11 0.254296875 0.456711609989373 0.16380208333333332 0.41973299681190224
0 0.254296875 0.28555061105207225 0.14296875 0.034903028692879916
11 0.254296875 0.3348000797024442 0.14296875 0.02533873538788523
0 0.21418863932291668 0.3343517534537726 0.04712727864583333 0.020191285866099893
11 0.254296875 0.3601388150903294 0.14296875 0.02533873538788523
0 0.21016031901041668 0.35969048884165783 0.03907063802083333 0.020191285866099893
11 0.254296875 0.3854775504782147 0.14296875 0.02533873538788523
0 0.2333251953125 0.38502922422954305 0.085400390625 0.020191285866099893
11 0.254296875 0.4108162858660999 0.14296875 0.02533873538788523
0 0.231298828125 0.4103679596174283 0.08134765625 0.020191285866099893
11 0.254296875 0.43615502125398514 0.14296875 0.02533873538788523
0 0.22865804036458334 0.4357066950053135 0.07606608072916667 0.020191285866099893
11 0.254296875 0.46149375664187037 0.14296875 0.02533873538788523
0 0.22109781901041667 0.46104543039319873 0.06094563802083333 0.020191285866099893
11 0.254296875 0.4868324920297556 0.14296875 0.02533873538788523
0 0.2506184895833333 0.48638416578108395 0.11998697916666666 0.020191285866099893
11 0.254296875 0.5248405951115834 0.14296875 0.05067747077577046
0 0.23860677083333334 0.5243922688629118 0.09596354166666667 0.04553002125398512
11 0.254296875 0.5628486981934112 0.14296875 0.02533873538788523
0 0.2565388997395833 0.5624003719447397 0.13182779947916667 0.020191285866099893
11 0.254296875 0.5881874335812965 0.14296875 0.02533873538788523
0 0.23225504557291668 0.5877391073326249 0.08326009114583334 0.020191285866099893
11 0.254296875 0.6135261689691818 0.14296875 0.02533873538788523
0 0.23551025390625 0.6130778427205101 0.0897705078125 0.020191285866099893
11 0.4180989583333333 0.3806954038257173 0.16380208333333332 0.2677005844845909
0 0.4180989583333333 0.28555061105207225 0.14296875 0.034903028692879916
11 0.4180989583333333 0.3348000797024442 0.14296875 0.02533873538788523
0 0.39235026041666665 0.3343517534537726 0.07584635416666667 0.020191285866099893
11 0.4180989583333333 0.3601388150903294 0.14296875 0.02533873538788523
0 0.39105631510416666 0.35969048884165783 0.07325846354166667 0.020191285866099893
11 0.4180989583333333 0.3981469181721573 0.14296875 0.05067747077577046
0 0.4173177083333333 0.39769859192348567 0.12578125 0.04553002125398512
11 0.4180989583333333 0.43615502125398514 0.14296875 0.02533873538788523
0 0.4084228515625 0.4357066950053135 0.10799153645833333 0.020191285866099893
11 0.4180989583333333 0.46149375664187037 0.14296875 0.02533873538788523
0 0.40794677734375 0.46104543039319873 0.10703938802083333 0.020191285866099893
11 0.5819010416666667 0.35675146121147716 0.16380208333333332 0.21981269925611052
0 0.5819010416666667 0.4284836609989373 0.14296875 0.033840329436769394
1 0.5 0.6942082890541976 0.05828450520833333 0.03400637619553666
11 0.5625162760416667 0.22969248140276302 0.079248046875 0.034305260361317744
8 0.5591389973958333 0.22969248140276302 0.07249348958333333 0.034305260361317744
11 0.254296875 0.28555061105207225 0.16380208333333332 0.07741099893730075
0 0.254296875 0.28555061105207225 0.14296875 0.034903028692879916
11 0.4180989583333333 0.28555061105207225 0.16380208333333332 0.07741099893730075
0 0.4180989583333333 0.28555061105207225 0.14296875 0.034903028692879916
11 0.5819010416666667 0.28555061105207225 0.16380208333333332 0.07741099893730075
0 0.5819010416666667 0.28555061105207225 0.14296875 0.034903028692879916
11 0.745703125 0.28555061105207225 0.16380208333333332 0.07741099893730075
0 0.745703125 0.28555061105207225 0.14296875 0.034903028692879916
11 0.254296875 0.362961609989373 0.16380208333333332 0.07741099893730075
0 0.254296875 0.362961609989373 0.14296875 0.034903028692879916
1 0.5 0.42929729011689693 0.05828450520833333 0.03400637619553666
11 0.62403564453125 0.22969248140276302 0.04379069010416667 0.034305260361317744
8 0.6206583658854167 0.22969248140276302 0.0370361328125 0.034305260361317744
11 0.254296875 0.3806954038257173 0.16380208333333332 0.2677005844845909
0 0.254296875 0.28555061105207225 0.14296875 0.034903028692879916
11 0.254296875 0.3348000797024442 0.14296875 0.02533873538788523
0 0.22850341796875 0.3343517534537726 0.0757568359375 0.020191285866099893
11 0.254296875 0.3601388150903294 0.14296875 0.02533873538788523
0 0.239111328125 0.35969048884165783 0.09697265625 0.020191285866099893
11 0.254296875 0.3854775504782147 0.14296875 0.02533873538788523
0 0.22740071614583332 0.38502922422954305 0.07355143229166666 0.020191285866099893
11 0.254296875 0.4108162858660999 0.14296875 0.02533873538788523
0 0.23557942708333332 0.4103679596174283 0.08990885416666666 0.020191285866099893
11 0.254296875 0.43615502125398514 0.14296875 0.02533873538788523
0 0.24623616536458334 0.4357066950053135 0.11122233072916667 0.020191285866099893
11 0.254296875 0.46149375664187037 0.14296875 0.02533873538788523
0 0.24934488932291668 0.46104543039319873 0.11743977864583334 0.020191285866099893
11 0.4180989583333333 0.3680260361317747 0.16380208333333332 0.24236184909670563
0 0.4180989583333333 0.28555061105207225 0.14296875 0.034903028692879916
11 0.4180989583333333 0.3348000797024442 0.14296875 0.02533873538788523
0 0.3941650390625 0.3343517534537726 0.07947591145833334 0.020191285866099893
11 0.4180989583333333 0.3601388150903294 0.14296875 0.02533873538788523
0 0.4038167317708333 0.35969048884165783 0.098779296875 0.020191285866099893
11 0.4180989583333333 0.3854775504782147 0.14296875 0.02533873538788523
0 0.36831461588541664 0.38502922422954305 0.027775065104166666 0.020191285866099893
11 0.4180989583333333 0.4108162858660999 0.14296875 0.02533873538788523
0 0.38967692057291664 0.4103679596174283 0.07049967447916666 0.020191285866099893
11 0.4180989583333333 0.43615502125398514 0.14296875 0.02533873538788523
0 0.4105021158854167 0.4357066950053135 0.11215006510416667 0.020191285866099893
11 0.5819010416666667 0.41870350690754515 0.16380208333333332 0.34371679064824656
0 0.5819010416666667 0.28555061105207225 0.14296875 0.034903028692879916
11 0.5819010416666667 0.3474694473963868 0.14296875 0.05067747077577046
0 0.5838582356770833 0.3470211211477152 0.13125813802083333 0.04553002125398512
11 0.5819010416666667 0.3981469181721573 0.14296875 0.05067747077577046
0 0.5804728190104167 0.39769859192348567 0.1244873046875 0.04553002125398512
11 0.5819010416666667 0.44882438894792775 0.14296875 0.05067747077577046
0 0.5850260416666667 0.4483760626992561 0.13359375 0.04553002125398512
11 0.5819010416666667 0.4995018597236982 0.14296875 0.05067747077577046
0 0.5770467122395834 0.49905353347502657 0.11763509114583333 0.04553002125398512
11 0.5819010416666667 0.537509962805526 0.14296875 0.02533873538788523
0 0.57440185546875 0.5370616365568545 0.11234537760416667 0.020191285866099893
11 0.745703125 0.35675146121147716 0.16380208333333332 0.21981269925611052
0 0.745703125 0.4284836609989373 0.14296875 0.033840329436769394
11 0.254296875 0.6292674017003188 0.16380208333333332 0.07741099893730075
0 0.254296875 0.6292674017003188 0.14296875 0.034903028692879916
11 0.4180989583333333 0.6292674017003188 0.16380208333333332 0.07741099893730075
0 0.4180989583333333 0.6292674017003188 0.14296875 0.034903028692879916
11 0.5819010416666667 0.6292674017003188 0.16380208333333332 0.07741099893730075
0 0.5819010416666667 0.6292674017003188 0.14296875 0.034903028692879916
1 0.5 0.6956030818278427 0.05828450520833333 0.03400637619553666
1 0.6542643229166667 0.22969248140276302 0.016666666666666666 0.034305260361317744
1 0.6542643229166667 0.22954303931987247 0.016666666666666666 0.03400637619553666
0 0.68831787109375 0.022316684378320937 0.018253580729166666 0.04250797024442083
0 0.7072265625 0.021253985122210415 0.019563802083333335 0.04250797024442083
0 0.7657958984375 0.021253985122210415 0.09757486979166667 0.04250797024442083
5 0.38252360026041665 0.3431024176408077 0.23379720052083333 0.024276036131774707
2 0.2708333333333333 0.36639877789585545 0.010416666666666666 0.0010626992561105207
1 0.6427083333333333 0.3605539319872476 0.0125 0.012752391073326248
0 0.28506673177083336 0.5658541445270988 0.08258463541666666 0.020191285866099893
0 0.49998779296875 0.5658541445270988 0.12437337239583333 0.020191285866099893
0 0.7149169921875 0.5658541445270988 0.133935546875 0.020191285866099893
9 0.5 0.8054264080765143 0.78125 0.38914718384697133
0 0.21310628255208333 0.627856004250797 0.0501708984375 0.03400637619553666
0 0.3340657552083333 0.7413489638682252 0.29208984375 0.14196997874601489
0 0.9846354166666667 0.627856004250797 0.030729166666666665 0.03400637619553666
0 0.9846354166666667 0.7175461609989373 0.030729166666666665 0.0943643730074389
0 0.91011962890625 0.9485421094580234 0.0797607421875 0.0497808182784272
