1 0.18514404296875 0.1305459617428268 0.0421630859375 0.04260759829968119
11 0.05651041666666667 0.021253985122210415 0.11302083333333333 0.04250797024442083
0 0.02808837890625 0.021253985122210415 0.03534342447916667 0.025504782146652496
11 0.05651041666666667 0.06376195536663125 0.11302083333333333 0.04250797024442083
0 0.033056640625 0.06376195536663125 0.04527994791666667 0.025504782146652496
11 0.05651041666666667 0.10626992561105207 0.11302083333333333 0.04250797024442083
0 0.032633463541666664 0.10626992561105207 0.04443359375 0.025504782146652496
11 0.05651041666666667 0.1487778958554729 0.11302083333333333 0.04250797024442083
0 0.022269694010416667 0.1487778958554729 0.0237060546875 0.025504782146652496
11 0.05651041666666667 0.19128586609989373 0.11302083333333333 0.04250797024442083
0 0.01978759765625 0.19128586609989373 0.018741861979166666 0.025504782146652496
11 0.05651041666666667 0.23379383634431455 0.11302083333333333 0.04250797024442083
0 0.020426432291666668 0.23379383634431455 0.02001953125 0.025504782146652496
11 0.05651041666666667 0.2763018065887354 0.11302083333333333 0.04250797024442083
0 0.020564778645833334 0.2763018065887354 0.020296223958333335 0.025504782146652496
11 0.05651041666666667 0.021253985122210415 0.11302083333333333 0.04250797024442083
0 0.020707194010416666 0.021253985122210415 0.0205810546875 0.025504782146652496
11 0.05651041666666667 0.06376195536663125 0.11302083333333333 0.04250797024442083
0 0.021419270833333334 0.06376195536663125 0.022005208333333335 0.025504782146652496
11 0.05651041666666667 0.10626992561105207 0.11302083333333333 0.04250797024442083
0 0.022981770833333335 0.10626992561105207 0.025130208333333334 0.025504782146652496
11 0.05651041666666667 0.1487778958554729 0.11302083333333333 0.04250797024442083
0 0.022977701822916665 0.1487778958554729 0.0251220703125 0.025504782146652496
11 0.05651041666666667 0.19128586609989373 0.11302083333333333 0.04250797024442083
0 0.0177978515625 0.19128586609989373 0.014762369791666667 0.025504782146652496
11 0.05651041666666667 0.23379383634431455 0.11302083333333333 0.04250797024442083
0 0.0262451171875 0.23379383634431455 0.031656901041666664 0.025504782146652496
11 0.05651041666666667 0.021253985122210415 0.11302083333333333 0.04250797024442083
0 0.019217936197916667 0.021253985122210415 0.0176025390625 0.025504782146652496
11 0.05651041666666667 0.06376195536663125 0.11302083333333333 0.04250797024442083
0 0.021630859375 0.06376195536663125 0.022428385416666665 0.025504782146652496
11 0.05651041666666667 0.10626992561105207 0.11302083333333333 0.04250797024442083
0 0.03561604817708333 0.10626992561105207 0.050398763020833334 0.025504782146652496
11 0.05651041666666667 0.1487778958554729 0.11302083333333333 0.04250797024442083
0 0.018863932291666666 0.1487778958554729 0.01689453125 0.025504782146652496
11 0.05651041666666667 0.19128586609989373 0.11302083333333333 0.04250797024442083
0 0.03184814453125 0.19128586609989373 0.042862955729166666 0.025504782146652496
11 0.05651041666666667 0.021253985122210415 0.11302083333333333 0.04250797024442083
0 0.018509928385416666 0.021253985122210415 0.0161865234375 0.025504782146652496
11 0.05651041666666667 0.06376195536663125 0.11302083333333333 0.04250797024442083
0 0.03277587890625 0.06376195536663125 0.044718424479166664 0.025504782146652496
11 0.05651041666666667 0.10626992561105207 0.11302083333333333 0.04250797024442083
0 0.018790690104166667 0.10626992561105207 0.016748046875 0.025504782146652496
11 0.05651041666666667 0.1487778958554729 0.11302083333333333 0.04250797024442083
0 0.021134440104166666 0.1487778958554729 0.021435546875 0.025504782146652496
11 0.05651041666666667 0.19128586609989373 0.11302083333333333 0.04250797024442083
0 0.03106689453125 0.19128586609989373 0.041300455729166664 0.025504782146652496
11 0.05651041666666667 0.23379383634431455 0.11302083333333333 0.04250797024442083
0 0.02276611328125 0.23379383634431455 0.024698893229166668 0.025504782146652496
11 0.05651041666666667 0.2763018065887354 0.11302083333333333 0.04250797024442083
0 0.020499674479166667 0.2763018065887354 0.020166015625 0.025504782146652496
11 0.05651041666666667 0.021253985122210415 0.11302083333333333 0.04250797024442083
0 0.029793294270833333 0.021253985122210415 0.03875325520833333 0.025504782146652496
11 0.05651041666666667 0.06376195536663125 0.11302083333333333 0.04250797024442083
0 0.018790690104166667 0.06376195536663125 0.016748046875 0.025504782146652496
11 0.05651041666666667 0.10626992561105207 0.11302083333333333 0.04250797024442083
0 0.0231201171875 0.10626992561105207 0.025406901041666666 0.025504782146652496
11 0.05651041666666667 0.1487778958554729 0.11302083333333333 0.04250797024442083
0 0.020780436197916665 0.1487778958554729 0.0207275390625 0.025504782146652496
11 0.05651041666666667 0.19128586609989373 0.11302083333333333 0.04250797024442083
0 0.037736002604166666 0.19128586609989373 0.054638671875 0.025504782146652496
11 0.05651041666666667 0.23379383634431455 0.11302083333333333 0.04250797024442083
0 0.023905436197916668 0.23379383634431455 0.0269775390625 0.025504782146652496
11 0.05651041666666667 0.2763018065887354 0.11302083333333333 0.04250797024442083
0 0.025252278645833334 0.2763018065887354 0.029671223958333333 0.025504782146652496
11 0.05651041666666667 0.3188097768331562 0.11302083333333333 0.04250797024442083
0 0.0237548828125 0.3188097768331562 0.026676432291666666 0.025504782146652496
11 0.05651041666666667 0.021253985122210415 0.11302083333333333 0.04250797024442083
0 0.028157552083333332 0.021253985122210415 0.035481770833333336 0.025504782146652496
11 0.05651041666666667 0.06376195536663125 0.11302083333333333 0.04250797024442083
0 0.028658040364583335 0.06376195536663125 0.036482747395833334 0.025504782146652496
11 0.05651041666666667 0.10626992561105207 0.11302083333333333 0.04250797024442083
0 0.019718424479166666 0.10626992561105207 0.018603515625 0.025504782146652496
11 0.05651041666666667 0.1487778958554729 0.11302083333333333 0.04250797024442083
0 0.0232666015625 0.1487778958554729 0.025699869791666666 0.025504782146652496
11 0.05651041666666667 0.19128586609989373 0.11302083333333333 0.04250797024442083
0 0.018509928385416666 0.19128586609989373 0.0161865234375 0.025504782146652496
11 0.05651041666666667 0.021253985122210415 0.11302083333333333 0.04250797024442083
0 0.016805013020833332 0.021253985122210415 0.012776692708333334 0.025504782146652496
11 0.05651041666666667 0.06376195536663125 0.11302083333333333 0.04250797024442083
0 0.033203125 0.06376195536663125 0.045572916666666664 0.025504782146652496
11 0.05651041666666667 0.10626992561105207 0.11302083333333333 0.04250797024442083
0 0.021561686197916666 0.10626992561105207 0.0222900390625 0.025504782146652496
11 0.05651041666666667 0.1487778958554729 0.11302083333333333 0.04250797024442083
0 0.01396484375 0.1487778958554729 0.007096354166666667 0.025504782146652496
11 0.05651041666666667 0.19128586609989373 0.11302083333333333 0.04250797024442083
0 0.026814778645833332 0.19128586609989373 0.032796223958333336 0.025504782146652496
11 0.05651041666666667 0.23379383634431455 0.11302083333333333 0.04250797024442083
0 0.021207682291666665 0.23379383634431455 0.02158203125 0.025504782146652496
11 0.05651041666666667 0.2763018065887354 0.11302083333333333 0.04250797024442083
0 0.020068359375 0.2763018065887354 0.019303385416666666 0.025504782146652496
11 0.05651041666666667 0.021253985122210415 0.11302083333333333 0.04250797024442083
0 0.02745361328125 0.021253985122210415 0.034073893229166666 0.025504782146652496
11 0.05651041666666667 0.021253985122210415 0.11302083333333333 0.04250797024442083
0 0.04107259114583333 0.021253985122210415 0.06131184895833333 0.025504782146652496
11 0.05651041666666667 0.06376195536663125 0.11302083333333333 0.04250797024442083
0 0.03411865234375 0.06376195536663125 0.047403971354166664 0.025504782146652496
11 0.05651041666666667 0.10626992561105207 0.11302083333333333 0.04250797024442083
0 0.025537109375 0.10626992561105207 0.030240885416666665 0.025504782146652496
11 0.05651041666666667 0.1487778958554729 0.11302083333333333 0.04250797024442083
0 0.030716959635416666 0.1487778958554729 0.0406005859375 0.025504782146652496
11 0.05651041666666667 0.19128586609989373 0.11302083333333333 0.04250797024442083
0 0.021134440104166666 0.19128586609989373 0.021435546875 0.025504782146652496
11 0.05651041666666667 0.23379383634431455 0.11302083333333333 0.04250797024442083
0 0.024825032552083334 0.23379383634431455 0.028816731770833333 0.025504782146652496
11 0.05651041666666667 0.2763018065887354 0.11302083333333333 0.04250797024442083
0 0.020353190104166665 0.2763018065887354 0.019873046875 0.025504782146652496
11 0.05651041666666667 0.3188097768331562 0.11302083333333333 0.04250797024442083
0 0.02659912109375 0.3188097768331562 0.032364908854166666 0.025504782146652496
11 0.05651041666666667 0.021253985122210415 0.11302083333333333 0.04250797024442083
0 0.020849609375 0.021253985122210415 0.020865885416666667 0.025504782146652496
11 0.05651041666666667 0.06376195536663125 0.11302083333333333 0.04250797024442083
0 0.03426513671875 0.06376195536663125 0.04769694010416667 0.025504782146652496
11 0.05651041666666667 0.10626992561105207 0.11302083333333333 0.04250797024442083
0 0.029862467447916666 0.10626992561105207 0.0388916015625 0.025504782146652496
11 0.05651041666666667 0.1487778958554729 0.11302083333333333 0.04250797024442083
0 0.026529947916666668 0.1487778958554729 0.0322265625 0.025504782146652496
11 0.05651041666666667 0.19128586609989373 0.11302083333333333 0.04250797024442083
0 0.030928548177083334 0.19128586609989373 0.04102376302083333 0.025504782146652496
11 0.05651041666666667 0.23379383634431455 0.11302083333333333 0.04250797024442083
0 0.02723388671875 0.23379383634431455 0.03363444010416667 0.025504782146652496
11 0.05651041666666667 0.2763018065887354 0.11302083333333333 0.04250797024442083
0 0.031640625 0.2763018065887354 0.04244791666666667 0.025504782146652496
11 0.05651041666666667 0.021253985122210415 0.11302083333333333 0.04250797024442083
0 0.039021809895833336 0.021253985122210415 0.057210286458333336 0.025504782146652496
11 0.05651041666666667 0.06376195536663125 0.11302083333333333 0.04250797024442083
0 0.02510986328125 0.06376195536663125 0.029386393229166665 0.025504782146652496
11 0.05651041666666667 0.10626992561105207 0.11302083333333333 0.04250797024442083
0 0.03277180989583333 0.10626992561105207 0.04471028645833333 0.025504782146652496
11 0.05651041666666667 0.1487778958554729 0.11302083333333333 0.04250797024442083
0 0.022770182291666666 0.1487778958554729 0.02470703125 0.025504782146652496
11 0.05651041666666667 0.19128586609989373 0.11302083333333333 0.04250797024442083
0 0.027876790364583334 0.19128586609989373 0.03492024739583333 0.025504782146652496
11 0.05651041666666667 0.23379383634431455 0.11302083333333333 0.04250797024442083
0 0.026883951822916665 0.23379383634431455 0.0329345703125 0.025504782146652496
11 0.05651041666666667 0.2763018065887354 0.11302083333333333 0.04250797024442083
0 0.029154459635416668 0.2763018065887354 0.0374755859375 0.025504782146652496
11 0.05651041666666667 0.3188097768331562 0.11302083333333333 0.04250797024442083
0 0.03170572916666667 0.3188097768331562 0.042578125 0.025504782146652496
11 0.05651041666666667 0.361317747077577 0.11302083333333333 0.04250797024442083
0 0.02603759765625 0.361317747077577 0.031241861979166667 0.025504782146652496
11 0.05651041666666667 0.4038257173219979 0.11302083333333333 0.04250797024442083
0 0.03284505208333333 0.4038257173219979 0.04485677083333333 0.025504782146652496
11 0.05651041666666667 0.4463336875664187 0.11302083333333333 0.04250797024442083
0 0.029012044270833332 0.4463336875664187 0.037190755208333336 0.025504782146652496
11 0.05651041666666667 0.48884165781083955 0.11302083333333333 0.04250797024442083
0 0.02205810546875 0.48884165781083955 0.023282877604166665 0.025504782146652496
11 0.05651041666666667 0.5313496280552603 0.11302083333333333 0.04250797024442083
0 0.03503824869791667 0.5313496280552603 0.0492431640625 0.025504782146652496
11 0.05651041666666667 0.5738575982996812 0.11302083333333333 0.04250797024442083
0 0.027876790364583334 0.5738575982996812 0.03492024739583333 0.025504782146652496
11 0.05651041666666667 0.021253985122210415 0.11302083333333333 0.04250797024442083
0 0.037740071614583336 0.021253985122210415 0.054646809895833336 0.025504782146652496
0 0.5 0.13043803134962806 0.06927083333333334 0.04239173751328374
1 0.8223958333333333 0.1305459617428268 0.010416666666666666 0.021253985122210415
5 0.8278645833333333 0.12842056323060574 0.0005208333333333333 0.0010626992561105207
2 0.7677083333333333 0.12842056323060574 0.11979166666666667 0.030818278427205102
1 0.6994791666666667 0.12842056323060574 0.016666666666666666 0.023379383634431455
11 0.17232259114583334 0.19371014877789586 0.016520182291666668 0.01700318809776833
0 0.17232259114583334 0.19371014877789586 0.016520182291666668 0.01700318809776833
11 0.20726318359375 0.19371014877789586 0.022111002604166666 0.01700318809776833
0 0.20726318359375 0.19371014877789586 0.022111002604166666 0.01700318809776833
11 0.24742024739583332 0.19371014877789586 0.026953125 0.01700318809776833
0 0.24742024739583332 0.19371014877789586 0.026953125 0.01700318809776833
11 0.2944091796875 0.19371014877789586 0.03577473958333333 0.01700318809776833
0 0.2944091796875 0.19371014877789586 0.03577473958333333 0.01700318809776833
11 0.3356852213541667 0.19371014877789586 0.01552734375 0.01700318809776833
0 0.3356852213541667 0.19371014877789586 0.01552734375 0.01700318809776833
11 0.37851155598958336 0.19371014877789586 0.03887532552083333 0.01700318809776833
0 0.37851155598958336 0.19371014877789586 0.03887532552083333 0.01700318809776833
11 0.4264933268229167 0.19371014877789586 0.025838216145833332 0.01700318809776833
0 0.4264933268229167 0.19371014877789586 0.025838216145833332 0.01700318809776833
11 0.47453206380208335 0.19371014877789586 0.0389892578125 0.01700318809776833
0 0.47453206380208335 0.19371014877789586 0.0389892578125 0.01700318809776833
11 0.5199015299479167 0.19371014877789586 0.020499674479166667 0.01700318809776833
0 0.5199015299479167 0.19371014877789586 0.020499674479166667 0.01700318809776833
11 0.5634765625 0.19371014877789586 0.035400390625 0.01700318809776833
0 0.5634765625 0.19371014877789586 0.035400390625 0.01700318809776833
11 0.6045084635416667 0.19371014877789586 0.015413411458333333 0.01700318809776833
0 0.6045084635416667 0.19371014877789586 0.015413411458333333 0.01700318809776833
11 0.5678059895833333 0.19371014877789586 0.023111979166666668 0.01700318809776833
0 0.5678059895833333 0.19371014877789586 0.023111979166666668 0.01700318809776833
11 0.6197591145833333 0.19371014877789586 0.030794270833333335 0.01700318809776833
0 0.6197591145833333 0.19371014877789586 0.030794270833333335 0.01700318809776833
11 0.69876708984375 0.19371014877789586 0.0772216796875 0.01700318809776833
0 0.69095458984375 0.19371014877789586 0.0615966796875 0.01700318809776833
0 0.328125 0.4898047290116897 0.328125 0.4965462274176408
0 0.2421875 0.8929496546227418 0.15625 0.21410069075451646
0 0.4140625 0.8929496546227418 0.15625 0.21410069075451646
0 0.5859375 0.2961942082890542 0.15625 0.07531880977683315
0 0.5859375 0.40658209351753455 0.15625 0.07531880977683315
0 0.5859375 0.5169699787460149 0.15625 0.07531880977683315
0 0.5859375 0.6397864638682252 0.15625 0.1001760095642933
0 0.5859375 0.7750315488841658 0.15625 0.1001760095642933
0 0.5859375 0.9102766339001063 0.15625 0.1001760095642933
0 0.5859375 0.99771685706695 0.15625 0.004566285866099894
0 0.7578125 0.9778327577045696 0.15625 0.044334484590860784
