0 0.0546875 0.05022914452709883 0.06770833333333333 0.019128586609989374
1 0.3121826171875 0.04250797024442083 0.04513346354166667 0.025504782146652496
0 0.3689453125 0.04250797024442083 0.026725260416666667 0.023379383634431455
0 0.42498372395833334 0.04250797024442083 0.043684895833333334 0.023379383634431455
0 0.47605794270833335 0.04250797024442083 0.016796875 0.023379383634431455
0 0.5290201822916667 0.04250797024442083 0.0474609375 0.023379383634431455
0 0.6020222981770833 0.04250797024442083 0.05687662760416667 0.023379383634431455
0 0.66978759765625 0.04250797024442083 0.0369873046875 0.023379383634431455
0 0.93739013671875 0.04250797024442083 0.08355305989583334 0.05526036131774708
0 0.5 0.2598299681190223 0.04384765625 0.052072263549415514
0 0.5 0.42401700318809776 0.037060546875 0.019128586609989374
0 0.2682291666666667 0.8768348166843783 0.08333333333333333 0.10436038788522849
0 0.27042236328125 0.988418238575983 0.0877197265625 0.023163522848034006
0 0.3831298828125 0.8890309511158342 0.039713541666666664 0.026567481402763018
0 0.3748046875 0.9326016206163655 0.023063151041666667 0.026567481402763018
0 0.38208414713541666 0.9761722901168969 0.0376220703125 0.026567481402763018
0 0.48636474609375 0.8890309511158342 0.04110514322916667 0.026567481402763018
0 0.48388671875 0.9326016206163655 0.036149088541666666 0.026567481402763018
0 0.49537760416666665 0.9761722901168969 0.059130859375 0.026567481402763018
0 0.5865193684895833 0.8890309511158342 0.036336263020833336 0.026567481402763018
0 0.58465576171875 0.9326016206163655 0.032609049479166666 0.026567481402763018
0 0.587255859375 0.9761722901168969 0.03780924479166667 0.026567481402763018
0 0.6962076822916666 0.8890309511158342 0.050634765625 0.026567481402763018
0 0.69754638671875 0.9326016206163655 0.05331217447916667 0.026567481402763018
0 0.6937784830729167 0.9761722901168969 0.0457763671875 0.026567481402763018
