0 0.11752115885416667 0.012752391073326248 0.014208984375 0.01487778958554729
0 0.13869222005208334 0.012752391073326248 0.012508138020833334 0.01487778958554729
0 0.15918782552083333 0.012752391073326248 0.012858072916666666 0.01487778958554729
0 0.17777099609375 0.012752391073326248 0.008683268229166667 0.01487778958554729
0 0.194091796875 0.012752391073326248 0.008333333333333333 0.01487778958554729
0 0.21041259765625 0.012752391073326248 0.008683268229166667 0.01487778958554729
0 0.31100260416666664 0.013283740701381509 0.025 0.018065887353878853
0 0.3419921875 0.013283740701381509 0.0109375 0.020191285866099893
0 0.36444091796875 0.013283740701381509 0.007918294270833333 0.020191285866099893
0 0.3926188151041667 0.013283740701381509 0.022395833333333334 0.011689691817215728
0 0.43246256510416664 0.013283740701381509 0.03125 0.018065887353878853
0 0.55537109375 0.012752391073326248 0.0564453125 0.01700318809776833
0 0.6093831380208333 0.012752391073326248 0.039078776041666666 0.01700318809776833
0 0.7209879557291666 0.012752391073326248 0.05205078125 0.025504782146652496
0 0.8138264973958333 0.012752391073326248 0.007796223958333333 0.019128586609989374
0 0.8278727213541667 0.012752391073326248 0.007796223958333333 0.019128586609989374
0 0.8416666666666667 0.012752391073326248 0.007291666666666667 0.019128586609989374
0 0.85703125 0.012752391073326248 0.0109375 0.019128586609989374
0 0.8723958333333334 0.012752391073326248 0.007291666666666667 0.019128586609989374
0 0.8859375 0.012752391073326248 0.007291666666666667 0.019128586609989374
0 0.13671875 0.07970244420828905 0.05260416666666667 0.10626992561105207
0 0.22513834635416666 0.06875996280552604 0.09298502604166667 0.03125
0 0.4349568684895833 0.06875996280552604 0.2332275390625 0.028692879914984058
1 0.5806559244791667 0.06822861317747078 0.037337239583333334 0.030818278427205102
2 0.80467529296875 0.05951115834218916 0.13856608072916668 0.018065887353878853
5 0.8833333333333333 0.062483395324123274 0.009895833333333333 0.031880977683315624
2 0.88046875 0.062483395324123274 0.015625 0.031880977683315624
0 0.23345947265625 0.11475491498405951 0.10962727864583334 0.03616498405951116
0 0.3325887044270833 0.11475491498405951 0.0508056640625 0.03616498405951116
0 0.398046875 0.11475491498405951 0.04228515625 0.03616498405951116
0 0.45209147135416666 0.11475491498405951 0.027978515625 0.03616498405951116
0 0.5006754557291667 0.11475491498405951 0.03136393229166667 0.03616498405951116
0 0.56092529296875 0.11475491498405951 0.051310221354166664 0.03616498405951116
0 0.6255086263020834 0.11475491498405951 0.04003092447916667 0.03616498405951116
0 0.6833170572916667 0.11475491498405951 0.037760416666666664 0.03616498405951116
0 0.7499593098958334 0.11475491498405951 0.057698567708333336 0.03616498405951116
0 0.8147216796875 0.11475491498405951 0.03400065104166667 0.03616498405951116
0 0.8700846354166667 0.11475491498405951 0.038899739583333336 0.03616498405951116
0 0.5 0.15591790648246545 1.0 0.046160998937300746
0 0.2532552083333333 0.3695038522848034 0.28567708333333336 0.3278759298618491
0 0.28181559244791665 0.5874734325185972 0.2285400390625 0.048884165781083955
0 0.28181559244791665 0.6742826780021254 0.2285400390625 0.048884165781083955
0 0.28181559244791665 0.7610919234856536 0.2285400390625 0.048884165781083955
0 0.28181559244791665 0.8479011689691818 0.2285400390625 0.048884165781083955
0 0.5779093424479167 0.2385759829968119 0.2285400390625 0.048884165781083955
0 0.5779093424479167 0.32585015940488843 0.2285400390625 0.024442082890541977
0 0.5779093424479167 0.4131243358129649 0.2285400390625 0.024442082890541977
0 0.5779093424479167 0.5004151168969182 0.2285400390625 0.048884165781083955
0 0.5779093424479167 0.5874734325185972 0.2285400390625 0.024442082890541977
0 0.5779093424479167 0.6742826780021254 0.2285400390625 0.048884165781083955
0 0.5779093424479167 0.7610919234856536 0.2285400390625 0.024442082890541977
0 0.5779093424479167 0.8479011689691818 0.2285400390625 0.048884165781083955
0 0.72752685546875 0.21247343251859724 0.049845377604166664 0.024442082890541977
0 0.7870157877604167 0.5073060573857598 0.1688232421875 0.07013815090329437
0 0.7679931640625 0.58913390010627 0.13077799479166666 0.021253985122210415
0 0.7799845377604167 0.6587407013815091 0.1547607421875 0.04569606801275239
0 0.7859578450520833 0.7405685441020191 0.16670735677083334 0.04569606801275239
0 0.78726806640625 0.8101753453772582 0.16932779947916668 0.021253985122210415
0 0.78154296875 0.8675611052072264 0.15787760416666666 0.021253985122210415
0 0.789892578125 0.9249468650371945 0.17457682291666668 0.021253985122210415
0 0.7935953776041667 0.9858528161530287 0.181982421875 0.028294367693942613
0 0.4967041015625 0.9628055260361318 0.05730794270833333 0.022316684378320937
1 0.6459879557291667 0.9628055260361318 0.07972005208333334 0.04144527098831031
