0 0.018229166666666668 0.03719447396386823 0.036458333333333336 0.07438894792773645
0 0.05140380859375 0.036663124335812966 0.029890950520833334 0.07332624867162593
0 0.08916015625 0.036663124335812966 0.04562174479166667 0.07332624867162593
0 0.13050537109375 0.036663124335812966 0.037068684895833336 0.07332624867162593
1 0.17169189453125 0.036663124335812966 0.045304361979166666 0.07332624867162593
0 0.16806640625 0.09670563230605739 0.03805338541666667 0.04675876726886291
0 0.1666748046875 0.1434643995749203 0.03527018229166667 0.04675876726886291
0 0.16877034505208333 0.1902231668437832 0.03946126302083333 0.04675876726886291
0 0.16558430989583334 0.23698193411264612 0.03308919270833333 0.04675876726886291
0 0.17740885416666666 0.28374070138150903 0.05673828125 0.04675876726886291
1 0.21474202473958334 0.036663124335812966 0.0407958984375 0.07332624867162593
0 0.22884928385416667 0.09670563230605739 0.06901041666666667 0.04675876726886291
0 0.22580973307291666 0.1434643995749203 0.06293131510416666 0.04675876726886291
0 0.21227213541666667 0.1902231668437832 0.03585611979166667 0.04675876726886291
0 0.21896565755208333 0.23698193411264612 0.0492431640625 0.04675876726886291
0 0.22697347005208332 0.28374070138150903 0.0652587890625 0.04675876726886291
1 0.26545817057291665 0.036663124335812966 0.06063639322916667 0.07332624867162593
0 0.2692464192708333 0.09670563230605739 0.068212890625 0.04675876726886291
0 0.26736653645833336 0.1434643995749203 0.064453125 0.04675876726886291
0 0.27191569010416666 0.1902231668437832 0.07355143229166666 0.04675876726886291
0 0.25194091796875 0.23698193411264612 0.03360188802083333 0.04675876726886291
0 0.2624593098958333 0.28374070138150903 0.054638671875 0.04675876726886291
1 0.31680094401041664 0.036663124335812966 0.04204915364583333 0.07332624867162593
0 0.330908203125 0.09670563230605739 0.070263671875 0.04675876726886291
0 0.31855875651041665 0.1434643995749203 0.04556477864583333 0.04675876726886291
0 0.32378743489583334 0.1902231668437832 0.05602213541666667 0.04675876726886291
1 0.8912679036458333 0.03719447396386823 0.029166666666666667 0.07438894792773645
0 0.9529256184895833 0.037244287991498405 0.0733154296875 0.038356801275239105
0 0.54327392578125 0.42096174282678 0.03612467447916667 0.015940488841657812
0 0.280224609375 0.8885992295430393 0.025667317708333335 0.021253985122210415
0 0.288916015625 0.9162294102019128 0.025 0.021253985122210415
0 0.444970703125 0.9921210812964931 0.07744140625 0.015757837407013815
0 0.666162109375 0.9438595908607864 0.028190104166666667 0.021253985122210415
