0 0.2911458333333333 0.03028692879914984 0.07395833333333333 0.06057385759829968
0 0.37798665364583334 0.03028692879914984 0.058056640625 0.06057385759829968
0 0.44366861979166666 0.03028692879914984 0.04830729166666667 0.06057385759829968
0 0.4947265625 0.03028692879914984 0.02880859375 0.06057385759829968
0 0.7035970052083333 0.03028692879914984 0.011458333333333333 0.06057385759829968
0 0.7338297526041667 0.03028692879914984 0.024007161458333332 0.06057385759829968
0 0.58428955078125 0.24916976620616366 0.10098470052083333 0.028692879914984058
0 0.49999593098958334 0.3113376726886291 0.0881591796875 0.04675876726886291
0 0.62265625 0.5198342853347503 0.22864583333333333 0.09180725292242295
0 0.5960693359375 0.6470344048884166 0.018863932291666666 0.020191285866099893
0 0.6461588541666666 0.7109125929861849 0.03815104166666667 0.04250797024442083
1 0.240625 0.5977351222104145 0.025 0.057385759829968117
1 0.759375 0.5977351222104145 0.025 0.057385759829968117
0 0.29340006510416666 0.8467969580233794 0.078466796875 0.18037659404888418
0 0.37603352864583334 0.8467969580233794 0.078466796875 0.18037659404888418
0 0.4586669921875 0.8467969580233794 0.078466796875 0.18037659404888418
0 0.5413004557291666 0.8467969580233794 0.078466796875 0.18037659404888418
0 0.6239339192708333 0.8467969580233794 0.078466796875 0.18037659404888418
