1 0.15194091796875 0.049415515409139216 0.020548502604166668 0.01381509032943677
0 0.18114420572916667 0.049415515409139216 0.015983072916666667 0.01381509032943677
0 0.22598876953125 0.049415515409139216 0.06328938802083334 0.01381509032943677
0 0.5 0.04782146652497343 0.11458333333333333 0.09564293304994687
0 0.8109375 0.04994686503719448 0.010026041666666667 0.019128586609989374
0 0.8323567708333334 0.05100956429330499 0.011979166666666667 0.019128586609989374
0 0.8535481770833333 0.048884165781083955 0.0095703125 0.019128586609989374
8 0.8275390625 0.04410201912858661 0.1046875 0.022316684378320937
0 0.26119791666666664 0.1275239107332625 0.030208333333333334 0.06376195536663125
0 0.30182291666666666 0.1275239107332625 0.051041666666666666 0.06376195536663125
0 0.3497395833333333 0.1275239107332625 0.04479166666666667 0.06376195536663125
0 0.39479166666666665 0.1275239107332625 0.0453125 0.06376195536663125
0 0.45286458333333335 0.1275239107332625 0.07083333333333333 0.06376195536663125
0 0.50703125 0.1275239107332625 0.0375 0.06376195536663125
0 0.5473958333333333 0.1275239107332625 0.043229166666666666 0.06376195536663125
0 0.5822916666666667 0.1275239107332625 0.0265625 0.06376195536663125
0 0.621875 0.1275239107332625 0.05260416666666667 0.06376195536663125
0 0.6674479166666667 0.1275239107332625 0.03854166666666667 0.06376195536663125
0 0.7052083333333333 0.1275239107332625 0.03697916666666667 0.06376195536663125
0 0.7388020833333333 0.1275239107332625 0.030208333333333334 0.06376195536663125
0 0.36514485677083336 0.17800212539851223 0.08717447916666667 0.03719447396386823
0 0.4418253580729167 0.17800212539851223 0.0661865234375 0.03719447396386823
0 0.50550537109375 0.17800212539851223 0.061173502604166666 0.03719447396386823
0 0.56510009765625 0.17800212539851223 0.05801595052083333 0.03719447396386823
0 0.6362752278645833 0.17800212539851223 0.08433430989583333 0.03719447396386823
2 0.4457275390625 0.24887088204038257 0.6089680989583334 0.03825717321997875
1 0.8075236002604167 0.24940223166843783 0.10244954427083333 0.039319872476089264
0 0.17492268880208334 0.24433780552603612 0.0738525390625 0.029191020191285867
0 0.24725748697916666 0.24433780552603612 0.069775390625 0.029191020191285867
0 0.32043863932291666 0.24433780552603612 0.07554524739583333 0.029191020191285867
0 0.3816731770833333 0.24433780552603612 0.045882161458333334 0.029191020191285867
0 0.43756510416666666 0.24433780552603612 0.06486002604166667 0.029191020191285867
0 0.16658935546875 0.41961676408076515 0.038191731770833334 0.019128586609989374
0 0.5 0.3597901168969182 0.6850260416666667 0.031880977683315624
0 0.5 0.41227749734325186 0.030810546875 0.019128586609989374
0 0.41731363932291665 0.7378121679064825 0.2531982421875 0.25830233793836344
0 0.30862630208333336 0.8837506641870351 0.03582356770833333 0.01487778958554729
0 0.41385498046875 0.9250963071200851 0.24628092447916666 0.05423087141339001
0 0.20378824869791667 0.6724644659936238 0.12508951822916667 0.12760693411264612
0 0.14758707682291666 0.7530552603613178 0.012687174479166667 0.01487778958554729
0 0.2005126953125 0.7984192348565357 0.11853841145833334 0.06439293304994687
0 0.20378824869791667 0.9942215727948991 0.12508951822916667 0.011556854410201912
0 0.5746297200520833 0.6171625929861849 0.012687174479166667 0.01487778958554729
0 0.6257161458333333 0.6798369420828906 0.11486002604166666 0.09688828374070138
0 0.5752888997395833 0.7879914984059511 0.014005533854166667 0.01487778958554729
0 0.6265787760416667 0.8506658475026567 0.11658528645833334 0.09688828374070138
0 0.6272705078125 0.9751594048884166 0.11796875 0.049681190223166846
1 0.767578125 0.49309245483528164 0.016927083333333332 0.039319872476089264
