0 0.17916666666666667 0.03453772582359192 0.06666666666666667 0.04357066950053135
2 0.31145833333333334 0.0281615302869288 0.178125 0.040382571732199786
1 0.39010416666666664 0.0281615302869288 0.008333333333333333 0.01700318809776833
0 0.6869832356770833 0.02804529755579171 0.07466634114583333 0.018065887353878853
0 0.7550130208333333 0.02804529755579171 0.022021484375 0.018065887353878853
0 0.7970865885416667 0.0281615302869288 0.04129231770833333 0.0563230605738576
0 0.83594970703125 0.0281615302869288 0.03643391927083333 0.0563230605738576
0 0.15918375651041666 0.08411928799149841 0.04336751302083333 0.05844845908607864
0 0.1979248046875 0.08411928799149841 0.03411458333333333 0.05844845908607864
0 0.23134358723958334 0.08411928799149841 0.03272298177083333 0.05844845908607864
0 0.2746378580729167 0.08411928799149841 0.05386555989583333 0.05844845908607864
0 0.32349039713541666 0.08411928799149841 0.043839518229166666 0.05844845908607864
0 0.7082926432291666 0.08411928799149841 0.038427734375 0.05844845908607864
0 0.7664835611979167 0.08411928799149841 0.0779541015625 0.05844845908607864
0 0.8300740559895833 0.08411928799149841 0.04922688802083333 0.05844845908607864
0 0.403955078125 0.13868225292242295 0.045638020833333334 0.018065887353878853
0 0.67286376953125 0.13868225292242295 0.0154052734375 0.018065887353878853
0 0.9869791666666666 0.1392136025504782 0.021875 0.044633368756641874
0 0.403955078125 0.13868225292242295 0.045638020833333334 0.018065887353878853
0 0.67286376953125 0.13868225292242295 0.0154052734375 0.018065887353878853
0 0.9869791666666666 0.1392136025504782 0.021875 0.044633368756641874
1 0.24401041666666667 0.6642866631243358 0.0640625 0.10945802337938364
0 0.32991129557291665 0.6998870882040382 0.03607584635416667 0.01700318809776833
0 0.3980916341145833 0.6998870882040382 0.0247314453125 0.01700318809776833
0 0.43916422526041665 0.6998870882040382 0.03851725260416667 0.01700318809776833
0 0.48127848307291665 0.6329370350690755 0.029109700520833334 0.01700318809776833
0 0.22887369791666667 0.7736782678002125 0.023372395833333334 0.04768862911795962
0 0.25500081380208334 0.7609922954303932 0.023689778645833333 0.022316684378320937
0 0.2623494466145833 0.7811835812964931 0.019816080729166668 0.015940488841657812
0 0.365625 0.7652430924548352 0.011165364583333334 0.015940488841657812
0 0.390283203125 0.7652430924548352 0.007291666666666667 0.015940488841657812
0 0.27108561197916664 0.8987612911795961 0.10779622395833334 0.20247741764080765
0 0.3764892578125 0.8350325451647184 0.085546875 0.01700318809776833
0 0.35454915364583334 0.8857764346439958 0.052083333333333336 0.07173219978746015
0 0.35290934244791666 0.9391770722635494 0.019816080729166668 0.015940488841657812
0 0.22887369791666667 0.8436835812964931 0.023372395833333334 0.04768862911795962
0 0.3294921875 0.8320603081827843 0.17267252604166666 0.022316684378320937
0 0.26536865234375 0.8522515940488842 0.0258544921875 0.015940488841657812
0 0.365625 0.8352484059511158 0.011165364583333334 0.015940488841657812
0 0.390283203125 0.8352484059511158 0.007291666666666667 0.015940488841657812
0 0.27108561197916664 0.9337639479277364 0.10779622395833334 0.1324721041445271
0 0.38048909505208334 0.9135394527098831 0.09354654947916667 0.03400637619553666
0 0.35454915364583334 0.9689907678002125 0.052083333333333336 0.06201846439957492
0 0.22887369791666667 0.9136888947927736 0.023372395833333334 0.04768862911795962
0 0.2932535807291667 0.9020656216790648 0.1001953125 0.022316684378320937
0 0.33089599609375 0.9222569075451648 0.1569091796875 0.015940488841657812
0 0.365625 0.9052537194473964 0.011165364583333334 0.015940488841657812
0 0.390283203125 0.9052537194473964 0.007291666666666667 0.015940488841657812
0 0.27108561197916664 0.9687666046758767 0.10779622395833334 0.06246679064824655
0 0.3764892578125 0.9832707890541976 0.085546875 0.033458421891604674
0 0.22887369791666667 0.9799249468650372 0.023372395833333334 0.040150106269925614
0 0.28943277994791666 0.9720709351753454 0.0925537109375 0.022316684378320937
0 0.27651774088541664 0.9921459883103082 0.04815266927083333 0.015708023379383634
0 0.365625 0.9752590329436769 0.011165364583333334 0.015940488841657812
0 0.390283203125 0.9752590329436769 0.007291666666666667 0.015940488841657812
0 0.23690185546875 0.18972502656748141 0.049845377604166664 0.022316684378320937
0 0.7782145182291667 0.2597967587672689 0.194091796875 0.18969181721572795
0 0.7782145182291667 0.45161397449521784 0.194091796875 0.18969181721572795
0 0.7782145182291667 0.6434311902231669 0.194091796875 0.18969181721572795
0 0.4640625 0.9379483262486716 0.065625 0.12410334750265675
0 0.5369791666666667 0.9379483262486716 0.065625 0.12410334750265675
0 0.6098958333333333 0.9379483262486716 0.065625 0.12410334750265675
0 0.6828125 0.9379483262486716 0.065625 0.12410334750265675
0 0.7557291666666667 0.9379483262486716 0.065625 0.12410334750265675
0 0.8286458333333333 0.9379483262486716 0.065625 0.12410334750265675
