1 0.04068196614583333 0.04197662061636557 0.05636393229166667 0.04250797024442083
0 0.117822265625 0.0657711211477152 0.08125 0.022316684378320937
2 0.4462076822916667 0.04197662061636557 0.1875 0.04250797024442083
0 0.7667887369791667 0.04197662061636557 0.111474609375 0.04250797024442083
0 0.8742146809895833 0.04197662061636557 0.08671061197916667 0.04250797024442083
0 0.9566975911458333 0.04197662061636557 0.06158854166666667 0.04250797024442083
0 0.03780924479166667 0.10753188097768332 0.033951822916666666 0.021253985122210415
0 0.09184977213541666 0.10753188097768332 0.04912923177083333 0.021253985122210415
0 0.17156982421875 0.10753188097768332 0.08531087239583333 0.021253985122210415
0 0.2577392578125 0.10753188097768332 0.062027994791666666 0.021253985122210415
0 0.31553548177083335 0.10753188097768332 0.028564453125 0.021253985122210415
0 0.3659586588541667 0.10753188097768332 0.047281901041666664 0.021253985122210415
0 0.41690266927083336 0.10753188097768332 0.029606119791666666 0.021253985122210415
0 0.4626220703125 0.10753188097768332 0.03683268229166667 0.021253985122210415
0 0.5229654947916667 0.10753188097768332 0.058854166666666666 0.021253985122210415
0 0.5841593424479167 0.10753188097768332 0.038533528645833336 0.021253985122210415
0 0.6325276692708334 0.10753188097768332 0.033203125 0.021253985122210415
0 0.6784871419270834 0.10753188097768332 0.0337158203125 0.021253985122210415
0 0.3104166666666667 0.20717654091392135 0.37083333333333335 0.033906748140276305
0 0.3104166666666667 0.2622874601487779 0.37083333333333335 0.07631509032943677
0 0.3104166666666667 0.5563728746014878 0.37083333333333335 0.511855738575983
0 0.3104166666666667 0.9642667375132837 0.37083333333333335 0.025504782146652496
0 0.3104166666666667 0.9885095642933049 0.37083333333333335 0.02298087141339001
0 0.59478759765625 0.20297555791710944 0.18124186197916667 0.025504782146652496
0 0.59478759765625 0.25823591923485656 0.18124186197916667 0.08501594048884166
0 0.59478759765625 0.36769394261424015 0.18124186197916667 0.025504782146652496
0 0.59478759765625 0.410201912858661 0.18124186197916667 0.05951115834218916
0 0.59478759765625 0.5069075451647184 0.18124186197916667 0.025504782146652496
0 0.59478759765625 0.5494155154091392 0.18124186197916667 0.05951115834218916
0 0.59478759765625 0.6546227417640808 0.18124186197916667 0.025504782146652496
0 0.59478759765625 0.7098831030818279 0.18124186197916667 0.08501594048884166
0 0.59478759765625 0.8193411264612115 0.18124186197916667 0.025504782146652496
0 0.59478759765625 0.8618490967056323 0.18124186197916667 0.05951115834218916
0 0.7843709309895833 0.3170413788522848 0.18124186197916667 0.2536364240170032
0 0.7843709309895833 0.4566119819341126 0.18124186197916667 0.025504782146652496
0 0.7843709309895833 0.524624734325186 0.18124186197916667 0.11052072263549416
0 0.7843709309895833 0.7609009697130712 0.18124186197916667 0.2536364240170032
0 0.7843709309895833 0.9004715727948991 0.18124186197916667 0.025504782146652496
0 0.7843709309895833 0.9557319341126461 0.18124186197916667 0.08501594048884166
0 0.43356119791666664 0.9617428267800212 0.28274739583333336 0.025504782146652496
0 0.6308390299479166 0.9617428267800212 0.08680826822916667 0.04250797024442083
1 0.9790486653645833 0.9617428267800212 0.04190266927083333 0.0765143464399575
