0 0.29661458333333335 0.07863974495217853 0.1890625 0.09564293304994687
5 0.5002604166666667 0.09195669500531349 0.0005208333333333333 0.0010626992561105207
8 0.55062255859375 0.10947462805526036 0.09916178385416667 0.031847768331562165
2 0.67257080078125 0.10947462805526036 0.14473470052083334 0.031847768331562165
1 0.7550211588541667 0.10947462805526036 0.020166015625 0.031847768331562165
1 0.7893229166666667 0.1126461211477152 0.03177083333333333 0.08076514346439957
1 0.7994791666666666 0.1806588735387885 0.020833333333333332 0.04250797024442083
1 0.20833333333333334 0.45483528161530284 0.020833333333333332 0.07013815090329437
9 0.09375 0.45164718384697133 0.1875 0.5951115834218916
0 0.09375 0.45164718384697133 0.1875 0.5951115834218916
0 0.5 0.45164718384697133 0.625 0.5951115834218916
9 0.90625 0.45164718384697133 0.1875 0.5951115834218916
0 0.90625 0.45164718384697133 0.1875 0.5951115834218916
1 0.7916666666666666 0.45483528161530284 0.020833333333333332 0.07013815090329437
0 0.2607503255208333 0.7789585547290117 0.07521158854166667 0.025504782146652496
0 0.34656168619791666 0.7789585547290117 0.0964111328125 0.025504782146652496
0 0.43094482421875 0.7789585547290117 0.07235514322916667 0.025504782146652496
0 0.4925333658854167 0.7789585547290117 0.050821940104166664 0.025504782146652496
0 0.5470377604166666 0.7789585547290117 0.058186848958333336 0.025504782146652496
0 0.5973673502604167 0.7789585547290117 0.04247233072916667 0.025504782146652496
0 0.672998046875 0.7789585547290117 0.1087890625 0.025504782146652496
0 0.7521199544270833 0.7789585547290117 0.049454752604166666 0.025504782146652496
0 0.37007242838541665 0.9034936238044633 0.0294677734375 0.020191285866099893
0 0.42291259765625 0.9034936238044633 0.042277018229166664 0.020191285866099893
0 0.48158365885416665 0.9034936238044633 0.04112955729166667 0.020191285866099893
0 0.5312662760416667 0.9034936238044633 0.024300130208333333 0.020191285866099893
0 0.5956258138020833 0.9034936238044633 0.0704833984375 0.020191285866099893
0 0.6672444661458333 0.9034936238044633 0.038818359375 0.020191285866099893
0 0.72890625 0.9722037725823592 0.13802083333333334 0.055592454835281614
