0 0.54168701171875 0.019659936238044632 0.0708251953125 0.039319872476089264
0 0.6076131184895833 0.019659936238044632 0.0599853515625 0.039319872476089264
0 0.6727701822916666 0.019659936238044632 0.069287109375 0.039319872476089264
0 0.7459228515625 0.019659936238044632 0.0759765625 0.039319872476089264
1 0.8276326497395833 0.020191285866099893 0.07806803385416666 0.03719447396386823
1 0.8276326497395833 0.020191285866099893 0.0520263671875 0.025106269925611054
0 0.14375 0.09883103081827843 0.020833333333333332 0.04250797024442083
0 0.20586344401041667 0.09883103081827843 0.07110188802083334 0.03506907545164718
0 0.27605794270833334 0.09883103081827843 0.069287109375 0.03506907545164718
0 0.3436686197916667 0.09883103081827843 0.06593424479166667 0.03506907545164718
0 0.4135538736979167 0.09883103081827843 0.07383626302083333 0.03506907545164718
0 0.4814249674479167 0.09883103081827843 0.061905924479166666 0.03506907545164718
0 0.54498291015625 0.09883103081827843 0.0652099609375 0.03506907545164718
0 0.6029093424479167 0.09883103081827843 0.050642903645833334 0.03506907545164718
1 0.7138590494791667 0.09883103081827843 0.016666666666666666 0.04250797024442083
0 0.25555419921875 0.9989373007438895 0.22777506510416667 0.0021253985122210413
0 0.49999593098958334 0.9989373007438895 0.22777506510416667 0.0021253985122210413
0 0.7444376627604167 0.9989373007438895 0.22777506510416667 0.0021253985122210413
