0 0.00026041666666666666 0.0005313496280552603 0.0005208333333333333 0.0010626992561105207
0 0.25885416666666666 0.025504782146652496 0.036458333333333336 0.05100956429330499
5 0.5 0.025504782146652496 0.21458333333333332 0.03400637619553666
2 0.5 0.025504782146652496 0.21458333333333332 0.03400637619553666
1 0.596875 0.025504782146652496 0.016666666666666666 0.03400637619553666
1 0.7427083333333333 0.025504782146652496 0.03333333333333333 0.05100956429330499
0 0.3799357096354167 0.04197662061636557 0.0586181640625 0.018065887353878853
1 0.7385416666666667 0.04250797024442083 0.05 0.03400637619553666
1 0.7927083333333333 0.04250797024442083 0.05 0.03400637619553666
0 0.4814453125 0.21094580233793836 0.019873046875 0.05100956429330499
0 0.5141031901041667 0.21094580233793836 0.028776041666666665 0.05100956429330499
5 0.46982014973958336 0.2778958554729012 0.10214029947916667 0.01700318809776833
2 0.5 0.3097768331562168 0.1625 0.03400637619553666
5 0.43475748697916666 0.35334750265674814 0.03201497395833333 0.01700318809776833
2 0.5 0.38522848034006374 0.1625 0.03400637619553666
1 0.5 0.43623804463336874 0.1625 0.03400637619553666
1 0.5 0.47874601487778956 0.1625 0.03400637619553666
1 0.5 0.4798087141339001 0.07174479166666667 0.01700318809776833
0 0.5 0.5223166843783209 0.03455403645833333 0.01487778958554729
1 0.5 0.5977683315621679 0.1625 0.03400637619553666
1 0.44166666666666665 0.6445270988310308 0.016666666666666666 0.03400637619553666
1 0.4708333333333333 0.6445270988310308 0.016666666666666666 0.03400637619553666
1 0.5 0.6445270988310308 0.016666666666666666 0.03400637619553666
1 0.5291666666666667 0.6445270988310308 0.016666666666666666 0.03400637619553666
1 0.5583333333333333 0.6445270988310308 0.016666666666666666 0.03400637619553666
0 0.36266682942708334 0.9128586609989373 0.03143717447916667 0.01487778958554729
1 0.36266682942708334 0.9128586609989373 0.03143717447916667 0.019128586609989374
0 0.3987060546875 0.9128586609989373 0.023974609375 0.01487778958554729
0 0.42927652994791665 0.9128586609989373 0.020499674479166667 0.01487778958554729
0 0.4647135416666667 0.9128586609989373 0.033707682291666666 0.01487778958554729
0 0.4996337890625 0.9128586609989373 0.019466145833333334 0.01487778958554729
0 0.5272013346354166 0.9128586609989373 0.019002278645833332 0.01487778958554729
0 0.5514607747395833 0.9128586609989373 0.012849934895833333 0.01487778958554729
0 0.5762939453125 0.9128586609989373 0.020149739583333333 0.01487778958554729
0 0.6011311848958333 0.9128586609989373 0.012858072916666666 0.01487778958554729
1 0.6303059895833333 0.9128586609989373 0.028824869791666666 0.021253985122210415
1 0.6303059895833333 0.9128586609989373 0.022574869791666667 0.019128586609989374
0 0.61304931640625 0.7130712008501594 0.07896321614583333 0.02975557917109458
0 0.61304931640625 0.742826780021254 0.07896321614583333 0.02975557917109458
0 0.61304931640625 0.7725823591923485 0.07896321614583333 0.02975557917109458
0 0.61304931640625 0.8023379383634431 0.07896321614583333 0.02975557917109458
0 0.61304931640625 0.8320935175345378 0.07896321614583333 0.02975557917109458
0 0.61304931640625 0.8682252922422954 0.07896321614583333 0.04250797024442083
0 0.49999593098958334 0.971307120085016 0.12113444010416667 0.01487778958554729
1 0.66875 0.08076514346439957 0.0125 0.025504782146652496
