0 0.11901041666666666 0.02975557917109458 0.07135416666666666 0.057385759829968117
0 0.190283203125 0.02975557917109458 0.037858072916666666 0.057385759829968117
11 0.23349202473958333 0.026036131774707757 0.04751790364583333 0.052072263549415514
0 0.23349202473958333 0.026567481402763018 0.043351236979166666 0.05100956429330499
11 0.28999430338541665 0.026036131774707757 0.06171061197916667 0.052072263549415514
0 0.28999430338541665 0.026567481402763018 0.0575439453125 0.05100956429330499
11 0.35208740234375 0.026036131774707757 0.058699544270833334 0.052072263549415514
0 0.35208740234375 0.026567481402763018 0.05453287760416667 0.05100956429330499
11 0.40320231119791666 0.026036131774707757 0.039754231770833336 0.052072263549415514
0 0.40320231119791666 0.026567481402763018 0.03558756510416667 0.05100956429330499
11 0.4495768229166667 0.026567481402763018 0.04921875 0.053134962805526036
1 0.45113932291666664 0.02709883103081828 0.05234375 0.052072263549415514
11 0.4998697916666667 0.026567481402763018 0.047591145833333334 0.053134962805526036
1 0.5014322916666667 0.02709883103081828 0.05071614583333333 0.052072263549415514
1 0.8297648111979167 0.02948990435706695 0.06449381510416667 0.05472901168969182
1 0.8830891927083333 0.02948990435706695 0.04111328125 0.05472901168969182
1 0.25797119140625 0.5703374070138151 0.09823404947916667 0.053134962805526036
1 0.25797119140625 0.5703374070138151 0.09823404947916667 0.053134962805526036
0 0.25907796223958335 0.6319739638682252 0.10044759114583333 0.019128586609989374
