1 0.9838541666666667 0.02975557917109458 0.023958333333333335 0.03825717321997875
0 0.6577962239583334 0.02975557917109458 0.052327473958333336 0.019128586609989374
0 0.0544921875 0.09372509298618491 0.030859375 0.04079768862911796
1 0.316748046875 0.09086078639744952 0.05504557291666667 0.03719447396386823
0 0.3475870768229167 0.2507970244420829 0.1323486328125 0.08076514346439957
0 0.3475870768229167 0.33156216790648246 0.1323486328125 0.08076514346439957
0 0.3475870768229167 0.412327311370882 0.1323486328125 0.08076514346439957
0 0.3475870768229167 0.5058448459086079 0.1323486328125 0.10626992561105207
0 0.3475870768229167 0.61211477151966 0.1323486328125 0.10626992561105207
0 0.3475870768229167 0.7056323060573858 0.1323486328125 0.08076514346439957
0 0.4939371744791667 0.2635494155154091 0.11451822916666667 0.10626992561105207
0 0.4939371744791667 0.3698193411264612 0.11451822916666667 0.10626992561105207
0 0.4939371744791667 0.463336875664187 0.11451822916666667 0.08076514346439957
0 0.4939371744791667 0.5441020191285866 0.11451822916666667 0.08076514346439957
0 0.4939371744791667 0.6376195536663124 0.11451822916666667 0.10626992561105207
0 0.49443359375 0.7207259564293305 0.096875 0.04632704569606801
1 0.6439046223958333 0.5759829968119022 0.09791666666666667 0.02975557917109458
1 0.6439046223958333 0.5759829968119022 0.09791666666666667 0.02975557917109458
1 0.37277425130208336 0.09086078639744952 0.0570068359375 0.03719447396386823
0 0.3426513671875 0.22210414452709884 0.042317708333333336 0.021253985122210415
0 0.36686604817708335 0.28033674282678 0.0907470703125 0.05526036131774708
0 0.36686604817708335 0.3355971041445271 0.0907470703125 0.05526036131774708
0 0.36686604817708335 0.3908574654622742 0.0907470703125 0.05526036131774708
0 0.36686604817708335 0.44611782678002126 0.0907470703125 0.05526036131774708
0 0.36686604817708335 0.5162559776833157 0.0907470703125 0.08501594048884166
0 0.48270263671875 0.28033674282678 0.0950927734375 0.05526036131774708
0 0.48270263671875 0.3355971041445271 0.0950927734375 0.05526036131774708
0 0.48270263671875 0.3908574654622742 0.0950927734375 0.05526036131774708
0 0.48270263671875 0.4609956163655685 0.0950927734375 0.08501594048884166
0 0.48270263671875 0.531133767268863 0.0950927734375 0.05526036131774708
0 0.3701416015625 0.660567215727949 0.09729817708333334 0.05526036131774708
0 0.3701416015625 0.7158275770456961 0.09729817708333334 0.05526036131774708
0 0.3701416015625 0.7710879383634431 0.09729817708333334 0.05526036131774708
0 0.48597819010416665 0.660567215727949 0.08854166666666667 0.05526036131774708
0 0.48597819010416665 0.7158275770456961 0.08854166666666667 0.05526036131774708
0 0.48597819010416665 0.7710879383634431 0.08854166666666667 0.05526036131774708
0 0.6334879557291667 0.29308913390010627 0.11897786458333333 0.08076514346439957
0 0.6334879557291667 0.3866066684378321 0.11897786458333333 0.10626992561105207
0 0.6334879557291667 0.4801242029755579 0.11897786458333333 0.08076514346439957
0 0.4327392578125 0.09086078639744952 0.06292317708333334 0.03719447396386823
1 0.49517415364583334 0.09086078639744952 0.06194661458333333 0.03719447396386823
0 0.3441650390625 0.28033674282678 0.08854166666666667 0.05526036131774708
0 0.3441650390625 0.3355971041445271 0.08854166666666667 0.05526036131774708
0 0.3441650390625 0.3908574654622742 0.08854166666666667 0.05526036131774708
0 0.3441650390625 0.44611782678002126 0.08854166666666667 0.05526036131774708
0 0.3441650390625 0.5755512752391073 0.08854166666666667 0.05526036131774708
0 0.3441650390625 0.6456894261424017 0.08854166666666667 0.08501594048884166
0 0.4786376953125 0.28033674282678 0.09290364583333334 0.05526036131774708
0 0.4786376953125 0.3355971041445271 0.09290364583333334 0.05526036131774708
0 0.4786376953125 0.3908574654622742 0.09290364583333334 0.05526036131774708
0 0.4786376953125 0.5202909139213603 0.09290364583333334 0.05526036131774708
0 0.4786376953125 0.5755512752391073 0.09290364583333334 0.05526036131774708
1 0.6177978515625 0.5759829968119022 0.09791666666666667 0.02975557917109458
1 0.6177978515625 0.5759829968119022 0.09791666666666667 0.02975557917109458
0 0.5494873046875 0.09086078639744952 0.0466796875 0.03719447396386823
0 0.5976399739583333 0.09086078639744952 0.04962565104166667 0.03719447396386823
0 0.6666097005208333 0.09086078639744952 0.08831380208333334 0.03719447396386823
0 0.8619791666666666 0.09139213602550478 0.0625 0.04250797024442083
0 0.9296875 0.09139213602550478 0.0625 0.04250797024442083
1 0.5 0.4368856269925611 0.215625 0.11052072263549416
1 0.44114583333333335 0.4496380180658874 0.09791666666666667 0.05100956429330499
1 0.5588541666666667 0.4496380180658874 0.09791666666666667 0.05100956429330499
