0 0.180517578125 0.04101354941551541 0.051041666666666666 0.05526036131774708
11 0.23920491536458333 0.04101354941551541 0.049666341145833334 0.05526036131774708
1 0.23920491536458333 0.04101354941551541 0.049666341145833334 0.05526036131774708
1 0.23920491536458333 0.04101354941551541 0.049666341145833334 0.05526036131774708
1 0.22982991536458333 0.041005247077577044 0.030916341145833335 0.023794500531349627
11 0.303955078125 0.04101354941551541 0.054833984375 0.05526036131774708
1 0.303955078125 0.04101354941551541 0.054833984375 0.05526036131774708
1 0.303955078125 0.04101354941551541 0.054833984375 0.05526036131774708
1 0.294580078125 0.041005247077577044 0.036083984375 0.023794500531349627
11 0.36429036458333336 0.04101354941551541 0.04083658854166667 0.05526036131774708
1 0.36429036458333336 0.04101354941551541 0.04083658854166667 0.05526036131774708
1 0.36429036458333336 0.04101354941551541 0.04083658854166667 0.05526036131774708
1 0.35491536458333334 0.041005247077577044 0.022086588541666667 0.023794500531349627
11 0.4107177734375 0.04101354941551541 0.027018229166666668 0.05526036131774708
1 0.4107177734375 0.04101354941551541 0.027018229166666668 0.05526036131774708
1 0.4107177734375 0.041005247077577044 0.027018229166666668 0.023794500531349627
1 0.4107177734375 0.041005247077577044 0.027018229166666668 0.023794500531349627
11 0.45898030598958334 0.04101354941551541 0.0445068359375 0.05526036131774708
1 0.45898030598958334 0.04101354941551541 0.0445068359375 0.05526036131774708
1 0.45898030598958334 0.04101354941551541 0.0445068359375 0.05526036131774708
1 0.4496053059895833 0.041005247077577044 0.0257568359375 0.023794500531349627
1 0.6984619140625 0.04101354941551541 0.0619140625 0.02676673751328374
1 0.6984619140625 0.04101354941551541 0.0619140625 0.02676673751328374
1 0.6984619140625 0.04101354941551541 0.0619140625 0.02676673751328374
1 0.7508585611979167 0.04101354941551541 0.026212565104166665 0.02676673751328374
1 0.7508585611979167 0.04101354941551541 0.026212565104166665 0.02676673751328374
1 0.7508585611979167 0.04101354941551541 0.026212565104166665 0.02676673751328374
1 0.8086466471354167 0.04101354941551541 0.07269694010416666 0.05951115834218916
1 0.8086466471354167 0.04101354941551541 0.07269694010416666 0.05951115834218916
1 0.79197998046875 0.04101354941551541 0.0185302734375 0.02676673751328374
1 0.8220784505208333 0.04101354941551541 0.025 0.02975557917109458
1 0.8054117838541667 0.04101354941551541 0.010416666666666666 0.021253985122210415
1 0.7573974609375 0.15726288522848034 0.115185546875 0.03144925611052072
1 0.7448974609375 0.1581097236981934 0.090185546875 0.02975557917109458
1 0.7282307942708334 0.1581097236981934 0.05685221354166667 0.02676673751328374
1 0.777490234375 0.1581097236981934 0.025 0.02975557917109458
1 0.7608235677083334 0.1581097236981934 0.010416666666666666 0.021253985122210415
1 0.777490234375 0.1581097236981934 0.010416666666666666 0.021253985122210415
1 0.8324951171875 0.14472635494155153 0.008333333333333333 0.023379383634431455
1 0.8324951171875 0.14153825717321997 0.008333333333333333 0.01700318809776833
1 0.8280680338541667 0.14153825717321997 0.0005208333333333333 0.0010626992561105207
1 0.49999593098958334 0.418471041445271 0.9199951171875 0.09989373007438895
1 0.44609375 0.4364373007438895 0.09680989583333334 0.028692879914984058
1 0.44609375 0.43653692879914985 0.09680989583333334 0.05951115834218916
1 0.42942708333333335 0.43653692879914985 0.042643229166666664 0.02676673751328374
1 0.47158203125 0.43653692879914985 0.025 0.02975557917109458
1 0.4549153645833333 0.43653692879914985 0.010416666666666666 0.021253985122210415
1 0.47158203125 0.43653692879914985 0.010416666666666666 0.021253985122210415
1 0.5494384765625 0.43759962805526037 0.105712890625 0.061636556854410204
1 0.5494384765625 0.43759962805526037 0.105712890625 0.05951115834218916
1 0.5327718098958333 0.43759962805526037 0.05154622395833333 0.02676673751328374
1 0.5793782552083333 0.43759962805526037 0.025 0.02975557917109458
1 0.5627115885416667 0.43759962805526037 0.010416666666666666 0.021253985122210415
1 0.5793782552083333 0.43759962805526037 0.010416666666666666 0.021253985122210415
