0 0.015214029947916667 0.0005313496280552603 0.030428059895833335 0.0010626992561105207
0 0.25348307291666666 0.10902630180658873 0.11822916666666666 0.06927470775770457
0 0.22635498046875 0.024442082890541977 0.05948079427083333 0.048884165781083955
0 0.30232340494791665 0.024442082890541977 0.05078938802083333 0.048884165781083955
0 0.3606486002604167 0.024442082890541977 0.0241943359375 0.048884165781083955
0 0.42520751953125 0.024442082890541977 0.0632568359375 0.048884165781083955
0 0.5401407877604166 0.03294367693942614 0.0173583984375 0.031880977683315624
0 0.5739298502604167 0.03294367693942614 0.029386393229166665 0.031880977683315624
0 0.6139729817708334 0.03294367693942614 0.029866536458333332 0.031880977683315624
1 0.66015625 0.02665050478214665 0.036458333333333336 0.03629782146652497
1 0.66015625 0.02665050478214665 0.036458333333333336 0.03629782146652497
1 0.7018229166666666 0.026144062167906483 0.036458333333333336 0.035284936238044635
1 0.7018229166666666 0.026144062167906483 0.036458333333333336 0.035284936238044635
5 0.734375 0.009032943676939426 0.0005208333333333333 0.0010626992561105207
2 0.7755208333333333 0.02497343251859724 0.06510416666666667 0.018065887353878853
1 0.79039306640625 0.024442082890541977 0.007234700520833333 0.031880977683315624
0 0.36453450520833336 0.11849096705632306 0.026139322916666666 0.022316684378320937
0 0.4184977213541667 0.11849096705632306 0.044287109375 0.022316684378320937
0 0.26953125 0.19732996811902231 0.14322916666666666 0.06057385759829968
0 0.26953125 0.257903825717322 0.14322916666666666 0.06057385759829968
0 0.26953125 0.31847768331562165 0.14322916666666666 0.06057385759829968
0 0.26953125 0.37905154091392135 0.14322916666666666 0.06057385759829968
0 0.26953125 0.43962539851222104 0.14322916666666666 0.06057385759829968
0 0.26953125 0.5001992561105207 0.14322916666666666 0.06057385759829968
0 0.4231770833333333 0.19732996811902231 0.14322916666666666 0.06057385759829968
0 0.4231770833333333 0.257903825717322 0.14322916666666666 0.06057385759829968
0 0.4231770833333333 0.31847768331562165 0.14322916666666666 0.06057385759829968
0 0.4231770833333333 0.37905154091392135 0.14322916666666666 0.06057385759829968
0 0.4231770833333333 0.43962539851222104 0.14322916666666666 0.06057385759829968
0 0.4231770833333333 0.5001992561105207 0.14322916666666666 0.06057385759829968
0 0.5768229166666666 0.19732996811902231 0.14322916666666666 0.06057385759829968
0 0.5768229166666666 0.257903825717322 0.14322916666666666 0.06057385759829968
0 0.5768229166666666 0.31847768331562165 0.14322916666666666 0.06057385759829968
0 0.5768229166666666 0.37905154091392135 0.14322916666666666 0.06057385759829968
0 0.5768229166666666 0.43962539851222104 0.14322916666666666 0.06057385759829968
0 0.5768229166666666 0.5001992561105207 0.14322916666666666 0.06057385759829968
0 0.73046875 0.19732996811902231 0.14322916666666666 0.06057385759829968
0 0.73046875 0.257903825717322 0.14322916666666666 0.06057385759829968
0 0.73046875 0.31847768331562165 0.14322916666666666 0.06057385759829968
0 0.73046875 0.37905154091392135 0.14322916666666666 0.06057385759829968
0 0.4938761393229167 0.11849096705632306 0.0689697265625 0.022316684378320937
0 0.5768229166666666 0.19732996811902231 0.14322916666666666 0.06057385759829968
0 0.5768229166666666 0.257903825717322 0.14322916666666666 0.06057385759829968
0 0.5768229166666666 0.31847768331562165 0.14322916666666666 0.06057385759829968
0 0.5768229166666666 0.37905154091392135 0.14322916666666666 0.06057385759829968
0 0.73046875 0.19732996811902231 0.14322916666666666 0.06057385759829968
0 0.73046875 0.257903825717322 0.14322916666666666 0.06057385759829968
0 0.73046875 0.31847768331562165 0.14322916666666666 0.06057385759829968
0 0.5911092122395833 0.11849096705632306 0.08799641927083333 0.022316684378320937
0 0.3850301106770833 0.3593916046758767 0.07631022135416667 0.04675876726886291
0 0.5768229166666666 0.19732996811902231 0.14322916666666666 0.06057385759829968
0 0.5768229166666666 0.257903825717322 0.14322916666666666 0.06057385759829968
0 0.5768229166666666 0.31847768331562165 0.14322916666666666 0.06057385759829968
0 0.5768229166666666 0.37905154091392135 0.14322916666666666 0.06057385759829968
0 0.5768229166666666 0.43962539851222104 0.14322916666666666 0.06057385759829968
0 0.73046875 0.19732996811902231 0.14322916666666666 0.06057385759829968
0 0.73046875 0.257903825717322 0.14322916666666666 0.06057385759829968
0 0.73046875 0.31847768331562165 0.14322916666666666 0.06057385759829968
0 0.73046875 0.37905154091392135 0.14322916666666666 0.06057385759829968
0 0.73046875 0.43962539851222104 0.14322916666666666 0.06057385759829968
0 0.6740030924479167 0.11849096705632306 0.04029134114583333 0.022316684378320937
0 0.5768229166666666 0.19732996811902231 0.14322916666666666 0.06057385759829968
0 0.5768229166666666 0.257903825717322 0.14322916666666666 0.06057385759829968
0 0.5768229166666666 0.31847768331562165 0.14322916666666666 0.06057385759829968
0 0.73046875 0.19732996811902231 0.14322916666666666 0.06057385759829968
0 0.73046875 0.257903825717322 0.14322916666666666 0.06057385759829968
0 0.73046875 0.31847768331562165 0.14322916666666666 0.06057385759829968
0 0.73328857421875 0.11849096705632306 0.04077962239583333 0.022316684378320937
0 0.783740234375 0.11849096705632306 0.022623697916666668 0.022316684378320937
1 0.9671875 0.7821466524973433 0.059375 0.09564293304994687
0 0.9609375 0.5456960680127524 0.078125 0.09139213602550478
