0 0.37447916666666664 0.06985587141339002 0.25104166666666666 0.1290847502656748
11 0.26767578125 0.1647183846971307 0.037434895833333336 0.053134962805526036
0 0.26767578125 0.1647183846971307 0.037434895833333336 0.053134962805526036
11 0.30677897135416665 0.1647183846971307 0.040771484375 0.053134962805526036
0 0.30677897135416665 0.1647183846971307 0.040771484375 0.053134962805526036
11 0.3687215169270833 0.1647183846971307 0.08311360677083333 0.053134962805526036
0 0.3687215169270833 0.1647183846971307 0.08311360677083333 0.053134962805526036
11 0.43075358072916664 0.1647183846971307 0.04095052083333333 0.053134962805526036
0 0.43075358072916664 0.1647183846971307 0.04095052083333333 0.053134962805526036
11 0.47921956380208336 0.1647183846971307 0.0559814453125 0.053134962805526036
0 0.47921956380208336 0.1647183846971307 0.0559814453125 0.053134962805526036
11 0.5263712565104167 0.1647183846971307 0.03832194010416667 0.053134962805526036
0 0.5263712565104167 0.1647183846971307 0.03832194010416667 0.053134962805526036
11 0.5737955729166667 0.1647183846971307 0.05652669270833333 0.053134962805526036
0 0.5737955729166667 0.1647183846971307 0.05652669270833333 0.053134962805526036
11 0.6259602864583333 0.1647183846971307 0.047802734375 0.053134962805526036
0 0.6259602864583333 0.1647183846971307 0.047802734375 0.053134962805526036
11 0.7380208333333333 0.1647183846971307 0.026041666666666668 0.053134962805526036
0 0.7380208333333333 0.1647183846971307 0.026041666666666668 0.053134962805526036
0 0.4068196614583333 0.34962805526036134 0.3053059895833333 0.06376195536663125
0 0.4166666666666667 0.5421094580233794 0.33541666666666664 0.3849628055260361
0 0.41102294921875 0.7685972369819342 0.3032958984375 0.04250797024442083
0 0.6286458333333333 0.3961211477151966 0.06770833333333333 0.10361317747077577
0 0.7013020833333333 0.41073326248671627 0.0671875 0.13708820403825717
0 0.6286458333333333 0.5757173219978746 0.06770833333333333 0.10361317747077577
0 0.7023274739583333 0.5786397449521785 0.06923828125 0.11370882040382571
0 0.6286458333333333 0.7319341126461212 0.06770833333333333 0.10361317747077577
0 0.7025797526041667 0.7231668437832094 0.06974283854166667 0.09032943676939426
0 0.2828125 0.871413390010627 0.046875 0.07173219978746015
0 0.35830078125 0.8668969181721573 0.09368489583333334 0.0669500531349628
0 0.4505208333333333 0.871413390010627 0.046875 0.07173219978746015
0 0.52501220703125 0.878586609989373 0.09169108072916667 0.09032943676939426
0 0.6182291666666667 0.871413390010627 0.046875 0.07173219978746015
0 0.6904296875 0.8552072263549415 0.087109375 0.04357066950053135
0 0.4060465494791667 0.984192348565356 0.303759765625 0.031615302869287994
0 0.6729166666666667 0.984192348565356 0.15625 0.031615302869287994
1 0.48337726593017577 0.5312433516434478 0.05935872395833333 0.014133887133866896
1 0.49943602879842125 0.5394261488879019 0.09147624969482422 0.030499481622774972
0 0.5455729166666666 0.4029224164681024 0.018229166666666668 0.03719447396386823
1 0.86171875 0.8753071865037194 0.03125 0.053134962805526036
1 0.89296875 0.8753071865037194 0.03125 0.053134962805526036
1 0.92421875 0.8753071865037194 0.03125 0.053134962805526036
9 0.89296875 0.9451132438894793 0.19635416666666666 0.006376195536663124
1 0.8015625 0.9741506708289054 0.026041666666666668 0.05169865834218916
0 0.8720499674479166 0.787302404357067 0.14613444010416668 0.0437865302869288
