0 0.7306111653645834 0.7640807651434643 0.04418131510416667 0.01700318809776833
0 0.5720255533854167 0.8172157279489904 0.04418131510416667 0.01700318809776833
0 0.48942464192708335 0.8384697130712009 0.048234049479166666 0.01700318809776833
0 0.20645345052083333 0.8809776833156217 0.063232421875 0.01700318809776833
0 0.82158203125 0.8809776833156217 0.045393880208333334 0.01700318809776833
1 0.5 0.9187035069075452 0.6989583333333333 0.03294367693942614
1 0.16686197916666667 0.9187035069075452 0.03268229166666667 0.03294367693942614
1 0.16686197916666667 0.9187035069075452 0.031640625 0.030818278427205102
1 0.16686197916666667 0.9187035069075452 0.031640625 0.030818278427205102
1 0.16686197916666667 0.9187035069075452 0.031640625 0.030818278427205102
1 0.20328369140625 0.9187035069075452 0.034562174479166666 0.03294367693942614
1 0.20328369140625 0.9187035069075452 0.0335205078125 0.030818278427205102
1 0.20328369140625 0.9187035069075452 0.0335205078125 0.030818278427205102
0 0.24058837890625 0.9194341126461212 0.0344482421875 0.01700318809776833
0 0.04136962890625 0.02975557917109458 0.07544759114583334 0.03825717321997875
0 0.047403971354166664 0.031880977683315624 0.07814127604166667 0.053134962805526036
1 0.1162841796875 0.031880977683315624 0.05441080729166667 0.053134962805526036
8 0.22109375 0.02922422954303932 0.13020833333333334 0.03719447396386823
2 0.46798909505208336 0.031880977683315624 0.5708740234375 0.040382571732199786
2 0.7651448567708333 0.031880977683315624 0.0234375 0.04250797024442083
0 0.8031656901041667 0.031880977683315624 0.028645833333333332 0.053134962805526036
0 0.8564412434895833 0.031880977683315624 0.0716552734375 0.053134962805526036
0 0.91568603515625 0.031880977683315624 0.04058430989583333 0.053134962805526036
0 0.9656453450520833 0.031880977683315624 0.053084309895833334 0.053134962805526036
1 0.8565104166666667 0.09192348565356004 0.06971028645833334 0.03506907545164718
0 0.87720947265625 0.12646121147715197 0.028312174479166667 0.012752391073326248
1 0.02288818359375 0.0844845908607864 0.0301513671875 0.04144527098831031
1 0.20208333333333334 0.17375132837407015 0.03567708333333333 0.03294367693942614
1 0.20208333333333334 0.17375132837407015 0.03463541666666667 0.030818278427205102
1 0.20208333333333334 0.17375132837407015 0.03463541666666667 0.030818278427205102
1 0.20208333333333334 0.17375132837407015 0.03463541666666667 0.030818278427205102
1 0.25804036458333335 0.17375132837407015 0.06204427083333333 0.03294367693942614
1 0.25804036458333335 0.17375132837407015 0.06100260416666667 0.030818278427205102
1 0.25804036458333335 0.17375132837407015 0.06100260416666667 0.030818278427205102
1 0.25804036458333335 0.17375132837407015 0.06100260416666667 0.030818278427205102
0 0.06523030598958333 0.08395324123273114 0.051407877604166666 0.02975557917109458
0 0.12069091796875 0.08395324123273114 0.05951334635416667 0.02975557917109458
0 0.17928059895833334 0.08395324123273114 0.057666015625 0.02975557917109458
0 0.22449951171875 0.08395324123273114 0.03277180989583333 0.02975557917109458
0 0.27348225911458335 0.08395324123273114 0.06519368489583334 0.02975557917109458
0 0.3446858723958333 0.08395324123273114 0.07721354166666666 0.02975557917109458
0 0.407373046875 0.08395324123273114 0.04816080729166667 0.02975557917109458
0 0.46140950520833335 0.08395324123273114 0.059912109375 0.02975557917109458
0 0.5105875651041667 0.08395324123273114 0.03844401041666667 0.02975557917109458
0 0.547412109375 0.08395324123273114 0.035205078125 0.02975557917109458
0 0.6028116861979167 0.08395324123273114 0.07559407552083333 0.02975557917109458
0 0.6519246419270833 0.08395324123273114 0.0226318359375 0.02975557917109458
0 0.6899617513020834 0.08395324123273114 0.0534423828125 0.02975557917109458
0 0.08407796223958333 0.12539851222104145 0.08910319010416666 0.02975557917109458
0 0.16386311848958332 0.12539851222104145 0.07046712239583333 0.02975557917109458
0 0.21365966796875 0.12539851222104145 0.0291259765625 0.02975557917109458
0 0.2608154296875 0.12539851222104145 0.065185546875 0.02975557917109458
0 0.32472330729166665 0.12539851222104145 0.06263020833333334 0.02975557917109458
0 0.3876261393229167 0.12539851222104145 0.06317545572916666 0.02975557917109458
0 0.44106852213541664 0.12539851222104145 0.04370930989583333 0.02975557917109458
0 0.4991658528645833 0.12539851222104145 0.0724853515625 0.02975557917109458
0 0.5706339518229167 0.12539851222104145 0.07045084635416667 0.02975557917109458
0 0.8958333333333334 0.0844845908607864 0.20833333333333334 0.04144527098831031
1 0.5 0.22741764080765142 0.78125 0.24442082890541977
0 0.13125 0.23804463336875664 0.04375 0.26567481402763016
0 0.0546875 0.42401700318809776 0.109375 0.6376195536663124
0 0.5 0.42401700318809776 0.78125 0.6376195536663124
0 0.9453125 0.42401700318809776 0.109375 0.6376195536663124
0 0.86875 0.23804463336875664 0.04375 0.26567481402763016
0 0.6737589518229167 0.39213602550478216 0.17064615885416667 0.01700318809776833
0 0.2109375 0.6802852683315622 0.18229166666666666 0.3695038522848034
0 0.4036458333333333 0.6802852683315622 0.18229166666666666 0.3695038522848034
0 0.5963541666666666 0.6569058846971307 0.16145833333333334 0.3227450850159405
0 0.5963541666666666 0.8507488708820404 0.16145833333333334 0.017949654622741763
1 0.7890625 0.5452643464399575 0.16145833333333334 0.03294367693942614
1 0.7890625 0.5452643464399575 0.16041666666666668 0.030818278427205102
1 0.7890625 0.5452643464399575 0.16041666666666668 0.030818278427205102
0 0.7890625 0.7481402763018066 0.15625 0.26567481402763016
0 0.2109375 0.9815605074388948 0.18229166666666666 0.03687898512221041
0 0.4036458333333333 0.9815605074388948 0.18229166666666666 0.03687898512221041
0 0.5963541666666666 0.9960646918172157 0.18229166666666666 0.007870616365568545
0 0.7890625 0.9960646918172157 0.18229166666666666 0.007870616365568545
