0 0.6298095703125 0.10950783740701381 0.019547526041666666 0.05100956429330499
0 0.43696695963541665 0.4280685441020191 0.055281575520833334 0.05100956429330499
0 0.47965901692708335 0.5024574920297555 0.23848470052083334 0.07226354941551541
0 0.42647705078125 0.5343384697130712 0.08807779947916666 0.05100956429330499
1 0.5 0.8660334750265675 0.3125 0.16790648246546228
1 0.5 0.8224628055260361 0.2791666666666667 0.05951115834218916
1 0.5 0.8989771519659936 0.2791666666666667 0.05951115834218916
0 0.55343017578125 0.9254117959617428 0.0422607421875 0.05100956429330499
0 0.3936075846354167 0.9466657810839533 0.0663818359375 0.05100956429330499
9 0.5 0.010626992561105207 1.0 0.021253985122210415
0 0.22515462239583334 0.011274574920297556 0.052099609375 0.01487778958554729
0 0.29660237630208336 0.011274574920297556 0.0736572265625 0.01487778958554729
0 0.36197102864583336 0.011274574920297556 0.03994140625 0.01487778958554729
0 0.41482747395833336 0.011274574920297556 0.0486328125 0.01487778958554729
0 0.5088541666666667 0.011274574920297556 0.12228190104166667 0.01487778958554729
0 0.59072265625 0.011274574920297556 0.02431640625 0.01487778958554729
0 0.6373291015625 0.011274574920297556 0.0517578125 0.01487778958554729
0 0.7233723958333333 0.011274574920297556 0.10319010416666667 0.01487778958554729
0 0.8175821940104167 0.011274574920297556 0.0680908203125 0.01487778958554729
0 0.9011922200520833 0.011274574920297556 0.08199055989583333 0.01487778958554729
0 0.9644816080729167 0.011274574920297556 0.027449544270833334 0.01487778958554729
0 0.9933878580729166 0.011274574920297556 0.013224283854166666 0.01487778958554729
0 0.5 0.05100956429330499 0.07552083333333333 0.05951115834218916
0 0.19957682291666667 0.05154091392136025 0.0658203125 0.039319872476089264
0 0.276171875 0.0536663124335813 0.060286458333333334 0.04357066950053135
0 0.34732666015625 0.0536663124335813 0.05493977864583333 0.04357066950053135
1 0.6885416666666667 0.053134962805526036 0.041666666666666664 0.03400637619553666
0 0.7283854166666667 0.1392136025504782 0.1203125 0.04675876726886291
0 0.7283854166666667 0.18703506907545164 0.1203125 0.04675876726886291
0 0.7283854166666667 0.23485653560042508 0.1203125 0.04675876726886291
0 0.7283854166666667 0.2826780021253985 0.1203125 0.04675876726886291
5 0.7041788736979167 0.4182385759829968 0.035441080729166664 0.01487778958554729
7 0.7216389973958334 0.4102683315621679 0.0005208333333333333 0.0010626992561105207
5 0.7563435872395833 0.4182385759829968 0.0350830078125 0.01487778958554729
7 0.7736246744791667 0.4102683315621679 0.0005208333333333333 0.0010626992561105207
5 0.7039957682291667 0.4475624335812965 0.035074869791666664 0.01487778958554729
7 0.7212727864583334 0.4395921891604676 0.0005208333333333333 0.0010626992561105207
5 0.7525187174479167 0.4475624335812965 0.027433268229166665 0.01487778958554729
7 0.7659749348958333 0.4395921891604676 0.0005208333333333333 0.0010626992561105207
1 0.7283854166666667 0.5013283740701382 0.09947916666666666 0.04250797024442083
0 0.7421875 0.053134962805526036 0.057291666666666664 0.03400637619553666
0 0.8046875 0.053134962805526036 0.057291666666666664 0.03400637619553666
0 0.27097981770833335 0.10839532412327312 0.04309895833333333 0.04675876726886291
0 0.32844645182291665 0.10839532412327312 0.0635009765625 0.04675876726886291
0 0.38509928385416664 0.10839532412327312 0.04147135416666667 0.04675876726886291
0 0.44625651041666664 0.10839532412327312 0.072509765625 0.04675876726886291
0 0.51036376953125 0.10839532412327312 0.04737141927083333 0.04675876726886291
0 0.57381591796875 0.10786397449521785 0.03994954427083333 0.018065887353878853
0 0.6234903971354167 0.10786397449521785 0.027791341145833332 0.018065887353878853
0 0.6722330729166667 0.10786397449521785 0.03894856770833333 0.018065887353878853
0 0.3020833333333333 0.153028692879915 0.015625 0.031880977683315624
13 0.3020833333333333 0.16312433581296493 0.015625 0.018065887353878853
0 0.3229166666666667 0.153028692879915 0.015625 0.031880977683315624
13 0.3229166666666667 0.16312433581296493 0.015625 0.018065887353878853
0 0.34375 0.153028692879915 0.015625 0.031880977683315624
13 0.34375 0.16312433581296493 0.015625 0.018065887353878853
0 0.3645833333333333 0.153028692879915 0.015625 0.031880977683315624
13 0.3645833333333333 0.16312433581296493 0.015625 0.018065887353878853
0 0.3854166666666667 0.153028692879915 0.015625 0.031880977683315624
13 0.3854166666666667 0.16312433581296493 0.015625 0.018065887353878853
0 0.40625 0.153028692879915 0.015625 0.031880977683315624
13 0.40625 0.16312433581296493 0.015625 0.018065887353878853
0 0.4270833333333333 0.153028692879915 0.015625 0.031880977683315624
13 0.4270833333333333 0.16312433581296493 0.015625 0.018065887353878853
0 0.4479166666666667 0.153028692879915 0.015625 0.031880977683315624
13 0.4479166666666667 0.16312433581296493 0.015625 0.018065887353878853
0 0.46875 0.153028692879915 0.015625 0.031880977683315624
13 0.46875 0.16312433581296493 0.015625 0.018065887353878853
0 0.4895833333333333 0.153028692879915 0.015625 0.031880977683315624
13 0.4895833333333333 0.16312433581296493 0.015625 0.018065887353878853
0 0.5104166666666666 0.153028692879915 0.015625 0.031880977683315624
13 0.5104166666666666 0.16312433581296493 0.015625 0.018065887353878853
0 0.53125 0.153028692879915 0.015625 0.031880977683315624
13 0.53125 0.16312433581296493 0.015625 0.018065887353878853
0 0.5520833333333334 0.153028692879915 0.015625 0.031880977683315624
13 0.5520833333333334 0.16312433581296493 0.015625 0.018065887353878853
0 0.5729166666666666 0.153028692879915 0.015625 0.031880977683315624
13 0.5729166666666666 0.16312433581296493 0.015625 0.018065887353878853
0 0.59375 0.153028692879915 0.015625 0.031880977683315624
13 0.59375 0.16312433581296493 0.015625 0.018065887353878853
0 0.6145833333333334 0.153028692879915 0.015625 0.031880977683315624
13 0.6145833333333334 0.16312433581296493 0.015625 0.018065887353878853
0 0.6354166666666666 0.153028692879915 0.015625 0.031880977683315624
13 0.6354166666666666 0.16312433581296493 0.015625 0.018065887353878853
0 0.65625 0.153028692879915 0.015625 0.031880977683315624
13 0.65625 0.16312433581296493 0.015625 0.018065887353878853
0 0.6770833333333334 0.153028692879915 0.015625 0.031880977683315624
13 0.6770833333333334 0.16312433581296493 0.015625 0.018065887353878853
0 0.6979166666666666 0.153028692879915 0.015625 0.031880977683315624
13 0.6979166666666666 0.16312433581296493 0.015625 0.018065887353878853
13 0.4126708984375 0.7267783607863975 0.340966796875 0.5464432784272051
0 0.3111775716145833 0.9759564293304994 0.12548014322916667 0.04808714133900106
0 0.4126708984375 0.7267783607863975 0.340966796875 0.5464432784272051
0 0.6395263671875 0.5228314293304994 0.08357747395833333 0.06588735387885228
0 0.6553263346354167 0.5733179463336876 0.0135498046875 0.01701979277364506
0 0.67464599609375 0.5593783209351754 0.16631673177083334 0.2116431987247609
0 0.6368570963541667 0.7411164984059511 0.07823893229166666 0.04516471838469713
0 0.6494791666666667 0.7812416976620616 0.020133463541666667 0.01701979277364506
0 0.67464599609375 0.7880247077577046 0.16631673177083334 0.2116431987247609
0 0.6406575520833333 0.9735902630180658 0.08583984375 0.05281947396386823
0 0.67464599609375 0.9554247476089267 0.16631673177083334 0.08915050478214666
