0 0.0703125 0.04782146652497343 0.09895833333333333 0.05100956429330499
1 0.8715250651041667 0.04782146652497343 0.08714192708333333 0.09564293304994687
2 0.7653564453125 0.04782146652497343 0.29739583333333336 0.09139213602550478
1 0.8682210286458333 0.04782146652497343 0.01875 0.03825717321997875
0 0.65048828125 0.16684378320935175 0.04474283854166667 0.021253985122210415
1 0.8932210286458333 0.04782146652497343 0.01875 0.03825717321997875
1 0.9578084309895833 0.04782146652497343 0.08438313802083333 0.09564293304994687
1 0.0892578125 0.14686005579171094 0.13684895833333333 0.0684278692879915
1 0.07366129557291666 0.24185540648246545 0.10565592447916666 0.0684278692879915
1 0.07413330078125 0.33685075717322 0.10659993489583333 0.0684278692879915
1 0.04895426432291667 0.4318461078639745 0.05624186197916667 0.0684278692879915
1 0.06051839192708333 0.526841458554729 0.0793701171875 0.0684278692879915
1 0.054825846354166666 0.6218368092454836 0.06798502604166666 0.0684278692879915
0 0.13002522786458334 0.04729011689691817 0.05313313802083333 0.024442082890541977
0 0.20364583333333333 0.04729011689691817 0.060595703125 0.024442082890541977
0 0.2656982421875 0.04729011689691817 0.029996744791666665 0.024442082890541977
0 0.3335164388020833 0.04729011689691817 0.07212727864583333 0.024442082890541977
0 0.40245361328125 0.04729011689691817 0.03223470052083333 0.024442082890541977
0 0.4562744140625 0.04729011689691817 0.04189453125 0.024442082890541977
0 0.5187093098958333 0.04729011689691817 0.049462890625 0.024442082890541977
0 0.0703125 0.04782146652497343 0.09895833333333333 0.05100956429330499
1 0.9534586588541667 0.04782146652497343 0.051416015625 0.03825717321997875
1 0.9489583333333333 0.6503719447396387 0.027083333333333334 0.05526036131774708
1 0.9489583333333333 0.6503719447396387 0.027083333333333334 0.05526036131774708
0 0.325 0.9448392667375133 0.325 0.11032146652497343
0 0.675 0.9448392667375133 0.325 0.11032146652497343
