8 0.16436767578125 0.018065887353878853 0.06206868489583333 0.036131774707757705
1 0.16436767578125 0.018065887353878853 0.06206868489583333 0.036131774707757705
8 0.21874186197916667 0.018065887353878853 0.04251302083333333 0.036131774707757705
1 0.21874186197916667 0.018065887353878853 0.04251302083333333 0.036131774707757705
1 0.26103108723958335 0.018065887353878853 0.03789876302083333 0.036131774707757705
8 0.7963460286458334 0.018065887353878853 0.028125 0.036131774707757705
1 0.7963460286458334 0.018065887353878853 0.028125 0.036131774707757705
8 0.8278605143229166 0.018065887353878853 0.0307373046875 0.036131774707757705
1 0.8278605143229166 0.018065887353878853 0.0307373046875 0.036131774707757705
1 0.8559895833333333 0.018065887353878853 0.021354166666666667 0.036131774707757705
0 0.18527018229166667 0.08289054197662062 0.10387369791666666 0.03825717321997875
8 0.35063069661458335 0.0924548352816153 0.0388427734375 0.040382571732199786
1 0.35063069661458335 0.0924548352816153 0.0388427734375 0.040382571732199786
8 0.40406901041666665 0.0924548352816153 0.03470052083333333 0.040382571732199786
1 0.40406901041666665 0.0924548352816153 0.03470052083333333 0.040382571732199786
8 0.4617228190104167 0.0924548352816153 0.04727376302083333 0.040382571732199786
1 0.4617228190104167 0.0924548352816153 0.04727376302083333 0.040382571732199786
8 0.5140909830729167 0.0924548352816153 0.024129231770833332 0.040382571732199786
1 0.5140909830729167 0.0924548352816153 0.024129231770833332 0.040382571732199786
8 0.5780558268229167 0.0924548352816153 0.07046712239583333 0.040382571732199786
1 0.5780558268229167 0.0924548352816153 0.07046712239583333 0.040382571732199786
8 0.64786376953125 0.0924548352816153 0.0358154296875 0.040382571732199786
1 0.64786376953125 0.0924548352816153 0.0358154296875 0.040382571732199786
8 0.7128214518229167 0.0924548352816153 0.0607666015625 0.040382571732199786
1 0.7128214518229167 0.0924548352816153 0.0607666015625 0.040382571732199786
8 0.78641357421875 0.0924548352816153 0.053084309895833334 0.040382571732199786
1 0.78641357421875 0.0924548352816153 0.053084309895833334 0.040382571732199786
8 0.84814453125 0.0924548352816153 0.03704427083333333 0.040382571732199786
1 0.84814453125 0.0924548352816153 0.03704427083333333 0.040382571732199786
0 0.5 0.15621679064824653 0.296337890625 0.019128586609989374
1 0.5 0.3565356004250797 0.0067708333333333336 0.01381509032943677
5 0.475 0.3708820403825717 0.05 0.04250797024442083
1 0.5 0.3565356004250797 0.0067708333333333336 0.01381509032943677
5 0.525 0.3708820403825717 0.05 0.04250797024442083
2 0.5 0.44739638682252925 0.4166666666666667 0.05951115834218916
1 0.6092203776041667 0.44739638682252925 0.064892578125 0.05951115834218916
1 0.675 0.44739638682252925 0.06666666666666667 0.05951115834218916
0 0.41744791666666664 0.5079702444208289 0.024658203125 0.021253985122210415
0 0.5194091796875 0.5079702444208289 0.037060546875 0.021253985122210415
0 0.3790812174479167 0.8501594048884166 0.0468505859375 0.04250797024442083
0 0.42810465494791666 0.8501594048884166 0.0511962890625 0.04250797024442083
0 0.48304850260416665 0.8501594048884166 0.05869140625 0.04250797024442083
0 0.5361490885416667 0.8501594048884166 0.047509765625 0.04250797024442083
0 0.5841552734375 0.8501594048884166 0.048502604166666664 0.04250797024442083
0 0.6263712565104167 0.8501594048884166 0.035929361979166664 0.04250797024442083
