0 0.10777587890625 0.025504782146652496 0.045760091145833334 0.05100956429330499
0 0.16332194010416667 0.025504782146652496 0.06533203125 0.05100956429330499
2 0.8491455078125 0.025504782146652496 0.11145833333333334 0.05100956429330499
8 0.8652750651041666 0.023379383634431455 0.0828125 0.04675876726886291
0 0.14565022786458334 0.12433581296493093 0.1090087890625 0.08289054197662062
0 0.10801595052083333 0.23208355472901168 0.03125 0.053134962805526036
0 0.18355712890625 0.23208355472901168 0.09087727864583334 0.053134962805526036
0 0.30146891276041665 0.23208355472901168 0.0736083984375 0.053134962805526036
0 0.40714111328125 0.23208355472901168 0.07867024739583334 0.053134962805526036
0 0.5217081705729166 0.23208355472901168 0.08780110677083333 0.053134962805526036
0 0.6254191080729167 0.23208355472901168 0.0504638671875 0.053134962805526036
0 0.7133056640625 0.23208355472901168 0.08269856770833334 0.053134962805526036
1 0.4947916666666667 0.8563031349628055 0.10050455729166667 0.04250797024442083
0 0.4947916666666667 0.8563031349628055 0.09842122395833333 0.03825717321997875
