0 0.00026041666666666666 0.0005313496280552603 0.0005208333333333333 0.0010626992561105207
0 0.00026041666666666666 0.0005313496280552603 0.0005208333333333333 0.0010626992561105207
0 0.08818766276041666 0.8714881110520722 0.12637532552083333 0.03183116365568544
0 0.13731689453125 0.9277364505844846 0.0503662109375 0.04250797024442083
1 0.15833333333333333 0.7626693676939427 0.016666666666666666 0.03400637619553666
1 0.8583333333333333 0.045048485653560046 0.0125 0.025504782146652496
0 0.16458333333333333 0.1126461211477152 0.0625 0.03400637619553666
1 0.24149169921875 0.1126461211477152 0.024650065104166667 0.03400637619553666
1 0.058333333333333334 0.09139213602550478 0.11666666666666667 0.03825717321997875
0 0.058333333333333334 0.1275239107332625 0.11666666666666667 0.03400637619553666
0 0.058333333333333334 0.16153028692879914 0.11666666666666667 0.03400637619553666
0 0.058333333333333334 0.19553666312433582 0.11666666666666667 0.03400637619553666
0 0.058333333333333334 0.22954303931987247 0.11666666666666667 0.03400637619553666
0 0.058333333333333334 0.2635494155154091 0.11666666666666667 0.03400637619553666
0 0.058333333333333334 0.2975557917109458 0.11666666666666667 0.03400637619553666
0 0.058333333333333334 0.33156216790648246 0.11666666666666667 0.03400637619553666
1 0.175 0.09139213602550478 0.11666666666666667 0.03825717321997875
0 0.175 0.1275239107332625 0.11666666666666667 0.03400637619553666
0 0.175 0.16153028692879914 0.11666666666666667 0.03400637619553666
0 0.175 0.19553666312433582 0.11666666666666667 0.03400637619553666
0 0.175 0.22954303931987247 0.11666666666666667 0.03400637619553666
0 0.175 0.2635494155154091 0.11666666666666667 0.03400637619553666
0 0.175 0.2975557917109458 0.11666666666666667 0.03400637619553666
0 0.175 0.33156216790648246 0.11666666666666667 0.03400637619553666
0 0.175 0.3655685441020191 0.11666666666666667 0.03400637619553666
0 0.175 0.3995749202975558 0.11666666666666667 0.03400637619553666
0 0.175 0.43358129649309246 0.11666666666666667 0.03400637619553666
1 0.175 0.4867162592986185 0.11666666666666667 0.03825717321997875
0 0.175 0.5228480340063762 0.11666666666666667 0.03400637619553666
0 0.175 0.5568544102019128 0.11666666666666667 0.03400637619553666
0 0.175 0.5908607863974495 0.11666666666666667 0.03400637619553666
1 0.2916666666666667 0.09139213602550478 0.11666666666666667 0.03825717321997875
0 0.2916666666666667 0.1275239107332625 0.11666666666666667 0.03400637619553666
0 0.2916666666666667 0.16153028692879914 0.11666666666666667 0.03400637619553666
0 0.2916666666666667 0.19553666312433582 0.11666666666666667 0.03400637619553666
0 0.2916666666666667 0.22954303931987247 0.11666666666666667 0.03400637619553666
0 0.2916666666666667 0.2635494155154091 0.11666666666666667 0.03400637619553666
0 0.2916666666666667 0.2975557917109458 0.11666666666666667 0.03400637619553666
0 0.2916666666666667 0.33156216790648246 0.11666666666666667 0.03400637619553666
0 0.2916666666666667 0.3655685441020191 0.11666666666666667 0.03400637619553666
0 0.2916666666666667 0.3995749202975558 0.11666666666666667 0.03400637619553666
0 0.2916666666666667 0.43358129649309246 0.11666666666666667 0.03400637619553666
1 0.4083333333333333 0.09139213602550478 0.11666666666666667 0.03825717321997875
0 0.4083333333333333 0.1275239107332625 0.11666666666666667 0.03400637619553666
0 0.4083333333333333 0.16153028692879914 0.11666666666666667 0.03400637619553666
0 0.4083333333333333 0.19553666312433582 0.11666666666666667 0.03400637619553666
0 0.4083333333333333 0.22954303931987247 0.11666666666666667 0.03400637619553666
1 0.2619222005208333 0.1126461211477152 0.015169270833333333 0.03400637619553666
0 0.3126708984375 0.16153028692879914 0.11666666666666667 0.03825717321997875
0 0.3126708984375 0.1997874601487779 0.11666666666666667 0.03825717321997875
0 0.3126708984375 0.23804463336875664 0.11666666666666667 0.03825717321997875
0 0.3126708984375 0.2763018065887354 0.11666666666666667 0.03825717321997875
0 0.3126708984375 0.3145589798087141 0.11666666666666667 0.03825717321997875
1 0.2853190104166667 0.1126461211477152 0.030582682291666666 0.03400637619553666
0 0.3283610026041667 0.16153028692879914 0.11666666666666667 0.03825717321997875
0 0.3283610026041667 0.1997874601487779 0.11666666666666667 0.03825717321997875
0 0.3283610026041667 0.23804463336875664 0.11666666666666667 0.03825717321997875
0 0.3283610026041667 0.2763018065887354 0.11666666666666667 0.03825717321997875
0 0.3283610026041667 0.3145589798087141 0.11666666666666667 0.03825717321997875
0 0.3283610026041667 0.3528161530286929 0.11666666666666667 0.03825717321997875
0 0.3283610026041667 0.39107332624867164 0.11666666666666667 0.03825717321997875
0 0.3283610026041667 0.4293304994686504 0.11666666666666667 0.03825717321997875
0 0.3283610026041667 0.4675876726886291 0.11666666666666667 0.03825717321997875
0 0.3283610026041667 0.5058448459086079 0.11666666666666667 0.03825717321997875
0 0.3283610026041667 0.5441020191285866 0.11666666666666667 0.03825717321997875
0 0.3283610026041667 0.5823591923485654 0.11666666666666667 0.03825717321997875
0 0.3283610026041667 0.620616365568544 0.11666666666666667 0.03825717321997875
0 0.4304443359375 0.25717321997874604 0.06666666666666667 0.153028692879915
0 0.5033610026041667 0.25717321997874604 0.06666666666666667 0.153028692879915
0 0.5762776692708333 0.25717321997874604 0.06666666666666667 0.153028692879915
0 0.4304443359375 0.42295430393198724 0.06666666666666667 0.153028692879915
0 0.5033610026041667 0.42295430393198724 0.06666666666666667 0.153028692879915
0 0.5762776692708333 0.42295430393198724 0.06666666666666667 0.153028692879915
0 0.4304443359375 0.5887353878852285 0.06666666666666667 0.153028692879915
0 0.5033610026041667 0.5887353878852285 0.06666666666666667 0.153028692879915
0 0.5762776692708333 0.5887353878852285 0.06666666666666667 0.153028692879915
1 0.31750895182291666 0.1126461211477152 0.032755533854166664 0.03400637619553666
1 0.058333333333333334 0.09139213602550478 0.11666666666666667 0.03825717321997875
0 0.058333333333333334 0.1275239107332625 0.11666666666666667 0.03400637619553666
0 0.058333333333333334 0.16153028692879914 0.11666666666666667 0.03400637619553666
0 0.058333333333333334 0.19553666312433582 0.11666666666666667 0.03400637619553666
0 0.058333333333333334 0.22954303931987247 0.11666666666666667 0.03400637619553666
0 0.058333333333333334 0.2635494155154091 0.11666666666666667 0.03400637619553666
0 0.058333333333333334 0.2975557917109458 0.11666666666666667 0.03400637619553666
0 0.058333333333333334 0.33156216790648246 0.11666666666666667 0.03400637619553666
0 0.058333333333333334 0.3655685441020191 0.11666666666666667 0.03400637619553666
0 0.058333333333333334 0.3995749202975558 0.11666666666666667 0.03400637619553666
0 0.058333333333333334 0.43358129649309246 0.11666666666666667 0.03400637619553666
0 0.058333333333333334 0.4675876726886291 0.11666666666666667 0.03400637619553666
0 0.058333333333333334 0.5015940488841658 0.11666666666666667 0.03400637619553666
1 0.175 0.09139213602550478 0.11666666666666667 0.03825717321997875
0 0.175 0.1275239107332625 0.11666666666666667 0.03400637619553666
0 0.175 0.16153028692879914 0.11666666666666667 0.03400637619553666
0 0.175 0.19553666312433582 0.11666666666666667 0.03400637619553666
0 0.175 0.22954303931987247 0.11666666666666667 0.03400637619553666
0 0.175 0.2635494155154091 0.11666666666666667 0.03400637619553666
0 0.175 0.2975557917109458 0.11666666666666667 0.03400637619553666
0 0.175 0.33156216790648246 0.11666666666666667 0.03400637619553666
0 0.175 0.3655685441020191 0.11666666666666667 0.03400637619553666
0 0.175 0.3995749202975558 0.11666666666666667 0.03400637619553666
0 0.175 0.43358129649309246 0.11666666666666667 0.03400637619553666
0 0.175 0.4675876726886291 0.11666666666666667 0.03400637619553666
0 0.175 0.5015940488841658 0.11666666666666667 0.03400637619553666
1 0.2916666666666667 0.09139213602550478 0.11666666666666667 0.03825717321997875
0 0.2916666666666667 0.1275239107332625 0.11666666666666667 0.03400637619553666
0 0.2916666666666667 0.16153028692879914 0.11666666666666667 0.03400637619553666
0 0.2916666666666667 0.19553666312433582 0.11666666666666667 0.03400637619553666
0 0.2916666666666667 0.22954303931987247 0.11666666666666667 0.03400637619553666
0 0.2916666666666667 0.2635494155154091 0.11666666666666667 0.03400637619553666
0 0.2916666666666667 0.2975557917109458 0.11666666666666667 0.03400637619553666
0 0.2916666666666667 0.33156216790648246 0.11666666666666667 0.03400637619553666
0 0.2916666666666667 0.3655685441020191 0.11666666666666667 0.03400637619553666
0 0.2916666666666667 0.3995749202975558 0.11666666666666667 0.03400637619553666
0 0.2916666666666667 0.43358129649309246 0.11666666666666667 0.03400637619553666
0 0.2916666666666667 0.4675876726886291 0.11666666666666667 0.03400637619553666
1 0.4083333333333333 0.09139213602550478 0.11666666666666667 0.03825717321997875
0 0.4083333333333333 0.1275239107332625 0.11666666666666667 0.03400637619553666
0 0.4083333333333333 0.16153028692879914 0.11666666666666667 0.03400637619553666
0 0.4083333333333333 0.19553666312433582 0.11666666666666667 0.03400637619553666
1 0.525 0.09139213602550478 0.11666666666666667 0.03825717321997875
0 0.525 0.1275239107332625 0.11666666666666667 0.03400637619553666
0 0.525 0.16153028692879914 0.11666666666666667 0.03400637619553666
0 0.525 0.19553666312433582 0.11666666666666667 0.03400637619553666
1 0.6416666666666667 0.09139213602550478 0.11666666666666667 0.03825717321997875
0 0.6416666666666667 0.1275239107332625 0.11666666666666667 0.03400637619553666
0 0.6416666666666667 0.16153028692879914 0.11666666666666667 0.03400637619553666
0 0.6416666666666667 0.19553666312433582 0.11666666666666667 0.03400637619553666
0 0.6416666666666667 0.22954303931987247 0.11666666666666667 0.03400637619553666
0 0.6416666666666667 0.2635494155154091 0.11666666666666667 0.03400637619553666
0 0.6416666666666667 0.2975557917109458 0.11666666666666667 0.03400637619553666
0 0.6416666666666667 0.33156216790648246 0.11666666666666667 0.03400637619553666
0 0.6416666666666667 0.3655685441020191 0.11666666666666667 0.03400637619553666
0 0.6416666666666667 0.3995749202975558 0.11666666666666667 0.03400637619553666
0 0.6416666666666667 0.43358129649309246 0.11666666666666667 0.03400637619553666
0 0.6416666666666667 0.4675876726886291 0.11666666666666667 0.03400637619553666
1 0.36678466796875 0.1126461211477152 0.06475423177083334 0.03400637619553666
1 0.058333333333333334 0.09139213602550478 0.11666666666666667 0.03825717321997875
0 0.058333333333333334 0.1275239107332625 0.11666666666666667 0.03400637619553666
0 0.058333333333333334 0.16153028692879914 0.11666666666666667 0.03400637619553666
0 0.058333333333333334 0.19553666312433582 0.11666666666666667 0.03400637619553666
0 0.058333333333333334 0.22954303931987247 0.11666666666666667 0.03400637619553666
0 0.058333333333333334 0.2635494155154091 0.11666666666666667 0.03400637619553666
0 0.058333333333333334 0.2975557917109458 0.11666666666666667 0.03400637619553666
0 0.058333333333333334 0.33156216790648246 0.11666666666666667 0.03400637619553666
0 0.058333333333333334 0.3655685441020191 0.11666666666666667 0.03400637619553666
0 0.058333333333333334 0.3995749202975558 0.11666666666666667 0.03400637619553666
0 0.058333333333333334 0.43358129649309246 0.11666666666666667 0.03400637619553666
0 0.058333333333333334 0.4675876726886291 0.11666666666666667 0.03400637619553666
1 0.175 0.09139213602550478 0.11666666666666667 0.03825717321997875
0 0.175 0.1275239107332625 0.11666666666666667 0.03400637619553666
0 0.175 0.16153028692879914 0.11666666666666667 0.03400637619553666
0 0.175 0.19553666312433582 0.11666666666666667 0.03400637619553666
0 0.175 0.22954303931987247 0.11666666666666667 0.03400637619553666
0 0.175 0.2635494155154091 0.11666666666666667 0.03400637619553666
0 0.175 0.2975557917109458 0.11666666666666667 0.03400637619553666
0 0.175 0.33156216790648246 0.11666666666666667 0.03400637619553666
0 0.175 0.3655685441020191 0.11666666666666667 0.03400637619553666
0 0.175 0.3995749202975558 0.11666666666666667 0.03400637619553666
1 0.2916666666666667 0.09139213602550478 0.11666666666666667 0.03825717321997875
0 0.2916666666666667 0.1275239107332625 0.11666666666666667 0.03400637619553666
0 0.2916666666666667 0.16153028692879914 0.11666666666666667 0.03400637619553666
0 0.2916666666666667 0.19553666312433582 0.11666666666666667 0.03400637619553666
0 0.2916666666666667 0.22954303931987247 0.11666666666666667 0.03400637619553666
0 0.2916666666666667 0.2635494155154091 0.11666666666666667 0.03400637619553666
0 0.2916666666666667 0.2975557917109458 0.11666666666666667 0.03400637619553666
0 0.2916666666666667 0.33156216790648246 0.11666666666666667 0.03400637619553666
0 0.2916666666666667 0.3655685441020191 0.11666666666666667 0.03400637619553666
0 0.2916666666666667 0.3995749202975558 0.11666666666666667 0.03400637619553666
1 0.4083333333333333 0.09139213602550478 0.11666666666666667 0.03825717321997875
0 0.4083333333333333 0.1275239107332625 0.11666666666666667 0.03400637619553666
0 0.4083333333333333 0.16153028692879914 0.11666666666666667 0.03400637619553666
1 0.4083333333333333 0.2146652497343252 0.11666666666666667 0.03825717321997875
0 0.4083333333333333 0.2507970244420829 0.11666666666666667 0.03400637619553666
0 0.4083333333333333 0.28480340063761955 0.11666666666666667 0.03400637619553666
0 0.4083333333333333 0.3188097768331562 0.11666666666666667 0.03400637619553666
0 0.4083333333333333 0.3528161530286929 0.11666666666666667 0.03400637619553666
0 0.4083333333333333 0.38682252922422955 0.11666666666666667 0.03400637619553666
0 0.4083333333333333 0.4208289054197662 0.11666666666666667 0.03400637619553666
1 0.525 0.09139213602550478 0.11666666666666667 0.03825717321997875
0 0.525 0.1275239107332625 0.11666666666666667 0.03400637619553666
0 0.525 0.16153028692879914 0.11666666666666667 0.03400637619553666
0 0.525 0.19553666312433582 0.11666666666666667 0.03400637619553666
0 0.525 0.22954303931987247 0.11666666666666667 0.03400637619553666
0 0.525 0.2635494155154091 0.11666666666666667 0.03400637619553666
0 0.525 0.2975557917109458 0.11666666666666667 0.03400637619553666
0 0.525 0.33156216790648246 0.11666666666666667 0.03400637619553666
0 0.525 0.3655685441020191 0.11666666666666667 0.03400637619553666
1 0.6416666666666667 0.09139213602550478 0.11666666666666667 0.03825717321997875
0 0.6416666666666667 0.1275239107332625 0.11666666666666667 0.03400637619553666
0 0.6416666666666667 0.16153028692879914 0.11666666666666667 0.03400637619553666
0 0.6416666666666667 0.19553666312433582 0.11666666666666667 0.03400637619553666
0 0.6416666666666667 0.22954303931987247 0.11666666666666667 0.03400637619553666
1 0.6416666666666667 0.2826780021253985 0.11666666666666667 0.03825717321997875
0 0.6416666666666667 0.3188097768331562 0.11666666666666667 0.03400637619553666
1 0.42175699869791666 0.1126461211477152 0.044148763020833336 0.03400637619553666
1 0.058333333333333334 0.09139213602550478 0.11666666666666667 0.03825717321997875
0 0.058333333333333334 0.1275239107332625 0.11666666666666667 0.03400637619553666
0 0.058333333333333334 0.16153028692879914 0.11666666666666667 0.03400637619553666
0 0.058333333333333334 0.19553666312433582 0.11666666666666667 0.03400637619553666
0 0.058333333333333334 0.22954303931987247 0.11666666666666667 0.03400637619553666
0 0.058333333333333334 0.2635494155154091 0.11666666666666667 0.03400637619553666
1 0.175 0.09139213602550478 0.11666666666666667 0.03825717321997875
0 0.175 0.1275239107332625 0.11666666666666667 0.03400637619553666
0 0.175 0.16153028692879914 0.11666666666666667 0.03400637619553666
0 0.175 0.19553666312433582 0.11666666666666667 0.03400637619553666
0 0.175 0.22954303931987247 0.11666666666666667 0.03400637619553666
0 0.175 0.2635494155154091 0.11666666666666667 0.03400637619553666
0 0.175 0.2975557917109458 0.11666666666666667 0.03400637619553666
0 0.175 0.33156216790648246 0.11666666666666667 0.03400637619553666
0 0.175 0.3655685441020191 0.11666666666666667 0.03400637619553666
0 0.175 0.3995749202975558 0.11666666666666667 0.03400637619553666
1 0.2916666666666667 0.09139213602550478 0.11666666666666667 0.03825717321997875
0 0.2916666666666667 0.1275239107332625 0.11666666666666667 0.03400637619553666
0 0.2916666666666667 0.16153028692879914 0.11666666666666667 0.03400637619553666
0 0.2916666666666667 0.19553666312433582 0.11666666666666667 0.03400637619553666
0 0.2916666666666667 0.22954303931987247 0.11666666666666667 0.03400637619553666
0 0.2916666666666667 0.2635494155154091 0.11666666666666667 0.03400637619553666
1 0.46221923828125 0.1126461211477152 0.03573404947916667 0.03400637619553666
1 0.502685546875 0.16153028692879914 0.11666666666666667 0.03825717321997875
0 0.502685546875 0.19766206163655686 0.11666666666666667 0.03400637619553666
0 0.502685546875 0.2316684378320935 0.11666666666666667 0.03400637619553666
0 0.502685546875 0.26567481402763016 0.11666666666666667 0.03400637619553666
0 0.502685546875 0.29968119022316686 0.11666666666666667 0.03400637619553666
0 0.502685546875 0.3336875664187035 0.11666666666666667 0.03400637619553666
0 0.502685546875 0.36769394261424015 0.11666666666666667 0.03400637619553666
0 0.502685546875 0.40170031880977686 0.11666666666666667 0.03400637619553666
0 0.502685546875 0.4357066950053135 0.11666666666666667 0.03400637619553666
0 0.502685546875 0.46971307120085015 0.11666666666666667 0.03400637619553666
1 0.6193522135416667 0.16153028692879914 0.11666666666666667 0.03825717321997875
0 0.6193522135416667 0.19766206163655686 0.11666666666666667 0.03400637619553666
0 0.6193522135416667 0.2316684378320935 0.11666666666666667 0.03400637619553666
0 0.6193522135416667 0.26567481402763016 0.11666666666666667 0.03400637619553666
0 0.50377197265625 0.1126461211477152 0.04632975260416667 0.03400637619553666
0 0.5522989908854167 0.1126461211477152 0.0496826171875 0.03400637619553666
1 0.71478271484375 0.1126461211477152 0.0344482421875 0.03400637619553666
1 0.7558919270833333 0.09139213602550478 0.11666666666666667 0.03825717321997875
0 0.7558919270833333 0.1275239107332625 0.11666666666666667 0.03400637619553666
0 0.7558919270833333 0.16153028692879914 0.11666666666666667 0.03400637619553666
0 0.7558919270833333 0.19553666312433582 0.11666666666666667 0.03400637619553666
0 0.7558919270833333 0.22954303931987247 0.11666666666666667 0.03400637619553666
0 0.7558919270833333 0.2635494155154091 0.11666666666666667 0.03400637619553666
1 0.87255859375 0.09139213602550478 0.11666666666666667 0.03825717321997875
0 0.87255859375 0.1275239107332625 0.11666666666666667 0.03400637619553666
0 0.87255859375 0.16153028692879914 0.11666666666666667 0.03400637619553666
0 0.87255859375 0.19553666312433582 0.11666666666666667 0.03400637619553666
0 0.87255859375 0.22954303931987247 0.11666666666666667 0.03400637619553666
0 0.87255859375 0.2635494155154091 0.11666666666666667 0.03400637619553666
1 0.9654459635416667 0.09139213602550478 0.06910807291666667 0.03825717321997875
0 0.9654459635416667 0.1275239107332625 0.06910807291666667 0.03400637619553666
0 0.9654459635416667 0.16153028692879914 0.06910807291666667 0.03400637619553666
0 0.9654459635416667 0.19553666312433582 0.06910807291666667 0.03400637619553666
0 0.7568888346354167 0.1126461211477152 0.048722330729166666 0.03400637619553666
1 0.80625 0.1126461211477152 0.020833333333333332 0.04250797024442083
1 0.83125 0.1126461211477152 0.020833333333333332 0.04250797024442083
1 0.85625 0.1126461211477152 0.020833333333333332 0.04250797024442083
1 0.00026041666666666666 0.15568544102019127 0.0005208333333333333 0.0010626992561105207
0 0.18924153645833333 0.5852484059511158 0.03681640625 0.04250797024442083
0 0.24426676432291666 0.5852484059511158 0.05240071614583333 0.04250797024442083
0 0.18924153645833333 0.572529224229543 0.03681640625 0.04250797024442083
0 0.24426676432291666 0.572529224229543 0.05240071614583333 0.04250797024442083
0 0.19910074869791666 0.6031316418703507 0.056534830729166666 0.04250797024442083
0 0.19910074869791666 0.572529224229543 0.056534830729166666 0.04250797024442083
0 0.18924153645833333 0.6158508235919234 0.03681640625 0.04250797024442083
0 0.24426676432291666 0.6158508235919234 0.05240071614583333 0.04250797024442083
0 0.18924153645833333 0.572529224229543 0.03681640625 0.04250797024442083
0 0.24426676432291666 0.572529224229543 0.05240071614583333 0.04250797024442083
0 0.18924153645833333 0.5852484059511158 0.03681640625 0.04250797024442083
0 0.24426676432291666 0.5852484059511158 0.05240071614583333 0.04250797024442083
0 0.18924153645833333 0.572529224229543 0.03681640625 0.04250797024442083
0 0.24426676432291666 0.572529224229543 0.05240071614583333 0.04250797024442083
1 0.13958333333333334 0.4952012486716259 0.029166666666666667 0.05951115834218916
1 0.8604166666666667 0.4952012486716259 0.029166666666666667 0.05951115834218916
1 0.775 0.7842554463336876 0.008333333333333333 0.01700318809776833
1 0.2625 0.7773479011689692 0.08333333333333333 0.04569606801275239
1 0.3541666666666667 0.7773479011689692 0.08333333333333333 0.04569606801275239
1 0.44583333333333336 0.7773479011689692 0.08333333333333333 0.04569606801275239
1 0.5375 0.7773479011689692 0.08333333333333333 0.04569606801275239
1 0.6291666666666667 0.7773479011689692 0.08333333333333333 0.04569606801275239
1 0.7208333333333333 0.7773479011689692 0.08333333333333333 0.04569606801275239
1 0.36070556640625 0.9835198591923485 0.055948893229166664 0.03296028161530287
1 0.42798258463541666 0.9835198591923485 0.028605143229166668 0.03296028161530287
1 0.4829833984375 0.9835198591923485 0.031396484375 0.03296028161530287
1 0.5599527994791667 0.9835198591923485 0.07254231770833333 0.03296028161530287
1 0.6442464192708334 0.9835198591923485 0.046044921875 0.03296028161530287
1 0.9708333333333333 0.9489904357066951 0.025 0.05100956429330499
1 0.9953125 0.6424017003188098 0.009375 0.09351753453772582
