0 0.20520833333333333 0.0589798087141339 0.125 0.1179596174282678
0 0.31215006510416665 0.05100956429330499 0.057291666666666664 0.05100956429330499
0 0.3174845377604167 0.08660998937300744 0.04662272135416667 0.015940488841657812
1 0.4032958984375 0.1461211477151966 0.234375 0.07545164718384698
2 0.4032958984375 0.14930924548352817 0.234375 0.0669500531349628
1 0.4032958984375 0.21891604675876727 0.234375 0.05100956429330499
0 0.40459798177083334 0.27577045696068014 0.23697916666666666 0.05419766206163656
0 0.40459798177083334 0.3299681190223167 0.23697916666666666 0.05419766206163656
0 0.40459798177083334 0.3841657810839532 0.23697916666666666 0.05419766206163656
0 0.40459798177083334 0.4383634431455898 0.23697916666666666 0.05419766206163656
0 0.40459798177083334 0.49256110520722635 0.23697916666666666 0.05419766206163656
0 0.40459798177083334 0.546758767268863 0.23697916666666666 0.05419766206163656
0 0.40459798177083334 0.6009564293304994 0.23697916666666666 0.05419766206163656
0 0.40459798177083334 0.655154091392136 0.23697916666666666 0.05419766206163656
0 0.40459798177083334 0.7093517534537725 0.23697916666666666 0.05419766206163656
0 0.40459798177083334 0.7635494155154091 0.23697916666666666 0.05419766206163656
0 0.40459798177083334 0.8177470775770457 0.23697916666666666 0.05419766206163656
0 0.40459798177083334 0.8719447396386822 0.23697916666666666 0.05419766206163656
0 0.40459798177083334 0.9261424017003188 0.23697916666666666 0.05419766206163656
0 0.40459798177083334 0.9766206163655685 0.23697916666666666 0.04675876726886291
1 0.5371500651041666 0.15090329436769395 0.020833333333333332 0.04250797024442083
0 0.36531168619791665 0.048352816153028694 0.029239908854166666 0.04569606801275239
0 0.3676228841145833 0.08660998937300744 0.0338623046875 0.020191285866099893
0 0.4005208333333333 0.08660998937300744 0.021516927083333335 0.020191285866099893
5 0.44244791666666666 0.03453772582359192 0.0005208333333333333 0.0010626992561105207
2 0.5098958333333333 0.06057385759829968 0.13541666666666666 0.053134962805526036
1 0.5713541666666667 0.05419766206163656 0.03125 0.06376195536663125
0 0.6239583333333333 0.05526036131774708 0.03125 0.0765143464399575
0 0.66875 0.05526036131774708 0.03125 0.0765143464399575
0 0.7138020833333333 0.05526036131774708 0.03697916666666667 0.0765143464399575
0 0.7583333333333333 0.05526036131774708 0.03125 0.0765143464399575
0 0.8046875 0.05526036131774708 0.03125 0.0765143464399575
0 0.8473958333333333 0.05526036131774708 0.03125 0.0765143464399575
0 0.22740071614583332 0.4293304994686504 0.169384765625 0.053134962805526036
0 0.5819783528645833 0.4293304994686504 0.08182779947916667 0.031880977683315624
0 0.6583455403645834 0.4293304994686504 0.06048990885416667 0.031880977683315624
0 0.7303385416666667 0.4293304994686504 0.07307942708333333 0.031880977683315624
0 0.8146891276041667 0.4293304994686504 0.085205078125 0.031880977683315624
0 0.31875 0.691817215727949 0.35208333333333336 0.41445270988310307
0 0.16979166666666667 0.7279489904357067 0.021875 0.03825717321997875
0 0.21208089192708332 0.7279489904357067 0.0574951171875 0.020191285866099893
0 0.31875 0.8278427205100957 0.31979166666666664 0.14240170031880978
0 0.590625 0.5828905419766206 0.17083333333333334 0.19659936238044634
0 0.771875 0.5828905419766206 0.17083333333333334 0.19659936238044634
0 0.590625 0.8007438894792773 0.17083333333333334 0.19659936238044634
0 0.771875 0.8007438894792773 0.17083333333333334 0.19659936238044634
0 0.228125 0.9601487778958555 0.17083333333333334 0.07970244420828905
0 0.409375 0.9601487778958555 0.17083333333333334 0.07970244420828905
0 0.590625 0.9601487778958555 0.17083333333333334 0.07970244420828905
0 0.771875 0.9601487778958555 0.17083333333333334 0.07970244420828905
0 0.97109375 0.9399574920297555 0.03177083333333333 0.0669500531349628
0 0.4743448893229167 0.32252922422954305 0.4278564453125 0.04144527098831031
0 0.48857421875 0.779489904357067 0.45631510416666665 0.04144527098831031
1 0.49947916666666664 0.7869287991498406 0.521875 0.06269925611052073
1 0.3154825846354167 0.7933049946865037 0.1101318359375 0.04994686503719448
1 0.6949462890625 0.7933049946865037 0.08719075520833333 0.04994686503719448
