0 0.0390625 0.031880977683315624 0.06145833333333333 0.044633368756641874
2 0.5226765950520833 0.031880977683315624 0.22451985677083333 0.022316684378320937
1 0.6489583333333333 0.031880977683315624 0.027083333333333334 0.048884165781083955
1 0.934375 0.031880977683315624 0.052083333333333336 0.03825717321997875
1 0.9760416666666667 0.031880977683315624 0.014583333333333334 0.021253985122210415
0 0.0625 0.11052072263549416 0.11666666666666667 0.05100956429330499
0 0.0625 0.16153028692879914 0.11666666666666667 0.05100956429330499
0 0.0625 0.21253985122210414 0.11666666666666667 0.05100956429330499
0 0.0625 0.2635494155154091 0.11666666666666667 0.05100956429330499
0 0.0625 0.3145589798087141 0.11666666666666667 0.05100956429330499
1 0.0625 0.48352816153028694 0.10833333333333334 0.05100956429330499
0 0.0625 0.5791710945802337 0.10833333333333334 0.05526036131774708
1 0.1612548828125 0.11583421891604676 0.022509765625 0.044633368756641874
1 0.22117919921875 0.11583421891604676 0.0848388671875 0.044633368756641874
1 0.29247639973958334 0.11583421891604676 0.04525553385416667 0.044633368756641874
1 0.34063720703125 0.11583421891604676 0.03856608072916667 0.044633368756641874
1 0.40458577473958335 0.11583421891604676 0.0768310546875 0.044633368756641874
1 0.47982584635416664 0.11583421891604676 0.06114908854166667 0.044633368756641874
1 0.5358968098958333 0.11583421891604676 0.038492838541666664 0.044633368756641874
1 0.5826090494791667 0.11583421891604676 0.042431640625 0.044633368756641874
1 0.6343668619791667 0.11583421891604676 0.048583984375 0.044633368756641874
1 0.6952107747395834 0.11583421891604676 0.06060384114583333 0.044633368756641874
1 0.7515665690104166 0.11583421891604676 0.03960774739583333 0.044633368756641874
1 0.7986368815104167 0.11583421891604676 0.042032877604166664 0.044633368756641874
1 0.8436197916666667 0.11583421891604676 0.03543294270833333 0.044633368756641874
1 0.8827311197916666 0.11583421891604676 0.030289713541666666 0.044633368756641874
1 0.92017822265625 0.11583421891604676 0.0321044921875 0.044633368756641874
1 0.9642618815104167 0.11583421891604676 0.043562825520833334 0.044633368756641874
1 0.9961466471354167 0.11583421891604676 0.007706705729166667 0.044633368756641874
1 0.24947916666666667 0.4364123937300744 0.19895833333333332 0.5412626195536663
0 0.24947916666666667 0.4364123937300744 0.19895833333333332 0.5412626195536663
1 0.1625 0.6836643198724761 0.020833333333333332 0.04250797024442083
9 0.24947916666666667 0.705981004250797 0.19895833333333332 0.003188097768331562
0 0.15625 0.73254848565356 0.0125 0.025504782146652496
0 0.19452311197916666 0.73254848565356 0.06404622395833333 0.022316684378320937
1 0.45677083333333335 0.4364123937300744 0.19895833333333332 0.5412626195536663
0 0.45677083333333335 0.4364123937300744 0.19895833333333332 0.5412626195536663
0 0.36354166666666665 0.73254848565356 0.0125 0.025504782146652496
0 0.4103312174479167 0.73254848565356 0.0810791015625 0.022316684378320937
1 0.6640625 0.4364123937300744 0.19895833333333332 0.5412626195536663
0 0.6640625 0.4364123937300744 0.19895833333333332 0.5412626195536663
0 0.5708333333333333 0.73254848565356 0.0125 0.025504782146652496
0 0.60572509765625 0.73254848565356 0.05728352864583333 0.022316684378320937
1 0.8713541666666667 0.4364123937300744 0.19895833333333332 0.5412626195536663
0 0.8713541666666667 0.4364123937300744 0.19895833333333332 0.5412626195536663
0 0.778125 0.73254848565356 0.0125 0.025504782146652496
0 0.8099812825520833 0.73254848565356 0.05121256510416667 0.022316684378320937
1 0.24947916666666667 0.8896536264612115 0.19895833333333332 0.22069274707757705
0 0.24947916666666667 0.8896536264612115 0.19895833333333332 0.22069274707757705
1 0.45677083333333335 0.8896536264612115 0.19895833333333332 0.22069274707757705
0 0.45677083333333335 0.8896536264612115 0.19895833333333332 0.22069274707757705
1 0.6640625 0.8896536264612115 0.19895833333333332 0.22069274707757705
0 0.6640625 0.8896536264612115 0.19895833333333332 0.22069274707757705
1 0.8713541666666667 0.8896536264612115 0.19895833333333332 0.22069274707757705
0 0.8713541666666667 0.8896536264612115 0.19895833333333332 0.22069274707757705
1 0.9598958333333333 0.9617428267800212 0.046875 0.03400637619553666
