1 0.18546549479166666 0.021253985122210415 0.042805989583333336 0.04250797024442083
0 0.5193684895833334 0.021253985122210415 0.6041666666666666 0.04250797024442083
1 0.82978515625 0.021253985122210415 0.008333333333333333 0.04250797024442083
1 0.17239583333333333 0.11370882040382571 0.008333333333333333 0.024442082890541977
0 0.1890625 0.10944972104144528 0.017708333333333333 0.028310972369819342
1 0.20235595703125 0.10945802337938364 0.0453369140625 0.03719447396386823
1 0.20417887369791668 0.11211477151965994 0.03335774739583333 0.031880977683315624
1 0.24842122395833333 0.10945802337938364 0.046793619791666664 0.03719447396386823
1 0.250244140625 0.11211477151965994 0.034814453125 0.031880977683315624
1 0.2966389973958333 0.10945802337938364 0.049641927083333336 0.03719447396386823
1 0.2984619140625 0.11211477151965994 0.03766276041666667 0.031880977683315624
1 0.336865234375 0.10945802337938364 0.030810546875 0.03719447396386823
1 0.33868815104166666 0.11211477151965994 0.018831380208333335 0.031880977683315624
1 0.37403564453125 0.10945802337938364 0.0435302734375 0.03719447396386823
1 0.37585856119791666 0.11211477151965994 0.03155110677083333 0.031880977683315624
1 0.41281331380208336 0.10945802337938364 0.03402506510416667 0.03719447396386823
1 0.41463623046875 0.11211477151965994 0.0220458984375 0.031880977683315624
1 0.46496988932291666 0.10945802337938364 0.0702880859375 0.03719447396386823
1 0.46679280598958334 0.11211477151965994 0.058308919270833336 0.031880977683315624
1 0.5244466145833333 0.10945802337938364 0.026790364583333334 0.03719447396386823
1 0.52626953125 0.11211477151965994 0.014811197916666666 0.031880977683315624
1 0.7334798177083334 0.11211477151965994 0.03466796875 0.018065887353878853
0 0.729052734375 0.11158342189160468 0.025813802083333334 0.01700318809776833
1 0.7711588541666666 0.11211477151965994 0.03235677083333333 0.018065887353878853
0 0.8080729166666667 0.14452709883103082 0.10364583333333334 0.03825717321997875
0 0.8080729166666667 0.1849096705632306 0.10364583333333334 0.03825717321997875
0 0.8080729166666667 0.2252922422954304 0.10364583333333334 0.03825717321997875
0 0.8080729166666667 0.26567481402763016 0.10364583333333334 0.03825717321997875
0 0.8080729166666667 0.30605738575983 0.10364583333333334 0.03825717321997875
0 0.8080729166666667 0.34643995749202977 0.10364583333333334 0.03825717321997875
0 0.8080729166666667 0.38682252922422955 0.10364583333333334 0.03825717321997875
0 0.8080729166666667 0.42720510095642933 0.10364583333333334 0.03825717321997875
0 0.8080729166666667 0.4675876726886291 0.10364583333333334 0.03825717321997875
0 0.8080729166666667 0.5079702444208289 0.10364583333333334 0.03825717321997875
0 0.8080729166666667 0.5557917109458024 0.10364583333333334 0.053134962805526036
0 0.8080729166666667 0.6036131774707758 0.10364583333333334 0.03825717321997875
0 0.8080642700195313 0.11052072263549416 0.013045247395833333 0.01700318809776833
0 0.8297887166341146 0.11158342189160468 0.01416015625 0.019128586609989374
1 0.5736897786458334 0.06907545164718384 0.13020833333333334 0.031880977683315624
0 0.6704305013020834 0.06854410201912858 0.03931477864583333 0.019128586609989374
1 0.699462890625 0.07173219978746015 0.011458333333333333 0.026567481402763018
0 0.7319580078125 0.06801275239107332 0.026448567708333332 0.012752391073326248
0 0.7947265625 0.06801275239107332 0.082421875 0.021253985122210415
1 0.1703125 0.17906482465462273 0.0125 0.018065887353878853
1 0.18693440755208332 0.1786414054197662 0.0103271484375 0.021038124335812966
1 0.20690104166666667 0.1786414054197662 0.015022786458333333 0.021038124335812966
1 0.23037109375 0.1786414054197662 0.017333984375 0.021038124335812966
1 0.26263020833333334 0.1786414054197662 0.03260091145833333 0.021038124335812966
1 0.29099934895833335 0.1786414054197662 0.009554036458333333 0.021038124335812966
1 0.3163818359375 0.1786414054197662 0.026627604166666666 0.021038124335812966
1 0.34744466145833336 0.1786414054197662 0.020914713541666668 0.021038124335812966
1 0.37128092447916666 0.1786414054197662 0.012174479166666667 0.021038124335812966
1 0.3996663411458333 0.1786414054197662 0.030013020833333334 0.021038124335812966
0 0.21354166666666666 0.23910733262486716 0.09895833333333333 0.07013815090329437
0 0.3385416666666667 0.23910733262486716 0.09895833333333333 0.07013815090329437
0 0.4635416666666667 0.23910733262486716 0.09895833333333333 0.07013815090329437
0 0.5885416666666666 0.23910733262486716 0.09895833333333333 0.07013815090329437
0 0.7135416666666666 0.23910733262486716 0.09895833333333333 0.07013815090329437
0 0.2954508463541667 0.29563795164718387 0.2627766927083333 0.021669102019128587
0 0.25854899088541666 0.6535600425079703 0.0794677734375 0.023379383634431455
0 0.36013997395833336 0.6535600425079703 0.071630859375 0.023379383634431455
0 0.4544759114583333 0.6535600425079703 0.06495768229166667 0.023379383634431455
0 0.5484578450520833 0.6535600425079703 0.0709228515625 0.023379383634431455
0 0.6412312825520833 0.6535600425079703 0.06254069010416667 0.023379383634431455
0 0.7325032552083334 0.6535600425079703 0.067919921875 0.023379383634431455
0 0.32760416666666664 0.8469713071200851 0.328125 0.30605738575983
0 0.584375 0.7837407013815091 0.15625 0.179596174282678
0 0.5761189778645833 0.9160467587672688 0.13973795572916667 0.07013815090329437
0 0.584375 0.98990435706695 0.15625 0.020191285866099893
0 0.75869140625 0.7890541976620616 0.13717447916666667 0.06482465462274177
0 0.75220947265625 0.8953241232731137 0.12421061197916666 0.06482465462274177
0 0.7588419596354167 0.9845908607863975 0.1374755859375 0.030818278427205102
