1 0.8579915364583334 0.1274740967056323 0.02431640625 0.01700318809776833
0 0.7799519856770833 0.15621679064824653 0.027596028645833333 0.04144527098831031
1 0.21666666666666667 0.21891604675876727 0.020833333333333332 0.040382571732199786
1 0.23958333333333334 0.21891604675876727 0.020833333333333332 0.040382571732199786
0 0.5 0.1785334750265675 0.19205729166666666 0.04250797024442083
0 0.33621826171875 0.2598299681190223 0.028458658854166666 0.018065887353878853
0 0.3795572916666667 0.2598299681190223 0.033219401041666666 0.018065887353878853
0 0.42644856770833334 0.2598299681190223 0.035563151041666664 0.018065887353878853
0 0.46971435546875 0.2598299681190223 0.025968424479166665 0.018065887353878853
0 0.5171346028645833 0.2598299681190223 0.0438720703125 0.018065887353878853
0 0.5704793294270833 0.2598299681190223 0.0378173828125 0.018065887353878853
0 0.62210693359375 0.2598299681190223 0.04043782552083333 0.018065887353878853
0 0.6664143880208333 0.2598299681190223 0.023177083333333334 0.018065887353878853
0 0.221875 0.3283740701381509 0.03125 0.06376195536663125
0 0.2997355143229167 0.30924548352816156 0.1161376953125 0.01700318809776833
0 0.3906168619791667 0.332624867162593 0.03125 0.06376195536663125
0 0.46847737630208336 0.30499468650371947 0.1161376953125 0.01700318809776833
0 0.5593587239583333 0.332624867162593 0.03125 0.06376195536663125
0 0.63721923828125 0.30499468650371947 0.1161376953125 0.01700318809776833
0 0.7487589518229166 0.3427205100956429 0.08194173177083333 0.018065887353878853
0 0.47601318359375 0.5689260095642933 0.2380615234375 0.32382438894792775
0 0.25606689453125 0.41764080765143463 0.037703450520833334 0.01700318809776833
0 0.2753662109375 0.5239107332624867 0.138232421875 0.17003188097768332
0 0.2503255208333333 0.7765342720510096 0.026220703125 0.01700318809776833
0 0.3235595703125 0.8232930393198725 0.234619140625 0.05100956429330499
0 0.5089274088541667 0.7765342720510096 0.056005859375 0.01700318809776833
0 0.5265543619791667 0.8190422422954304 0.13699544270833333 0.04250797024442083
0 0.48653564453125 0.9072462805526036 0.0569580078125 0.01700318809776833
0 0.5265543619791667 0.9603812433581297 0.13699544270833333 0.06376195536663125
0 0.7069010416666667 0.570860454303932 0.17371419270833333 0.23630114240170033
0 0.6378011067708333 0.7123904091392136 0.03551432291666667 0.01700318809776833
0 0.7069010416666667 0.7591491764080766 0.17371419270833333 0.05100956429330499
0 0.7562581380208333 0.8707325982996812 0.075 0.10201912858660998
0 0.6658772786458333 0.8303500265674814 0.03551432291666667 0.01700318809776833
0 0.7069010416666667 0.8834849893730075 0.17371419270833333 0.06376195536663125
0 0.6369913736979167 0.9323691551540914 0.033894856770833336 0.01700318809776833
0 0.7562581380208333 0.9879699123273114 0.075 0.024060175345377258
0 0.6588663736979167 0.9865668172157279 0.0236083984375 0.01700318809776833
