0 0.8057291666666667 0.9489904357066951 0.040625 0.04675876726886291
1 0.01875 0.02975557917109458 0.020833333333333332 0.04250797024442083
1 0.01875 0.02975557917109458 0.0125 0.025504782146652496
1 0.01875 0.02975557917109458 0.020833333333333332 0.04250797024442083
0 0.06041666666666667 0.02975557917109458 0.0625 0.05951115834218916
2 0.47734375 0.02975557917109458 0.2682291666666667 0.02763018065887354
1 0.6302083333333334 0.02975557917109458 0.03333333333333333 0.04250797024442083
1 0.665625 0.02975557917109458 0.020833333333333332 0.04250797024442083
1 0.665625 0.02975557917109458 0.0125 0.025504782146652496
1 0.9257242838541667 0.02975557917109458 0.020833333333333332 0.04250797024442083
1 0.9257242838541667 0.02975557917109458 0.020833333333333332 0.04250797024442083
1 0.9257242838541667 0.02975557917109458 0.020833333333333332 0.04250797024442083
1 0.9257242838541667 0.02975557917109458 0.0125 0.025504782146652496
1 0.9257242838541667 0.02975557917109458 0.0125 0.025504782146652496
1 0.9257242838541667 0.02975557917109458 0.020833333333333332 0.04250797024442083
1 0.9659871419270833 0.02975557917109458 0.05135904947916667 0.03825717321997875
1 0.9517659505208333 0.02975557917109458 0.0125 0.025504782146652496
1 0.9722371419270833 0.02975557917109458 0.0221923828125 0.03825717321997875
0 0.059375 0.09351753453772582 0.10625 0.04250797024442083
0 0.059375 0.09351753453772582 0.10625 0.04250797024442083
0 0.059375 0.13602550478214664 0.10625 0.04250797024442083
0 0.059375 0.13602550478214664 0.10625 0.04250797024442083
0 0.059375 0.1785334750265675 0.10625 0.04250797024442083
0 0.059375 0.1785334750265675 0.10625 0.04250797024442083
0 0.059375 0.24760892667375134 0.10625 0.04250797024442083
0 0.059375 0.24760892667375134 0.10625 0.04250797024442083
0 0.059375 0.29011689691817216 0.10625 0.04250797024442083
0 0.059375 0.29011689691817216 0.10625 0.04250797024442083
1 0.04234619140625 0.4165781083953241 0.05135904947916667 0.03825717321997875
1 0.028125 0.4165781083953241 0.0125 0.025504782146652496
1 0.04859619140625 0.4165781083953241 0.0221923828125 0.03825717321997875
0 0.059375 0.5217853347502657 0.10625 0.04250797024442083
0 0.059375 0.5217853347502657 0.10625 0.04250797024442083
0 0.059375 0.5642933049946866 0.10625 0.04250797024442083
0 0.059375 0.5642933049946866 0.10625 0.04250797024442083
0 0.059375 0.6068012752391073 0.10625 0.04250797024442083
0 0.059375 0.6068012752391073 0.10625 0.04250797024442083
0 0.059375 0.6493092454835282 0.10625 0.04250797024442083
0 0.059375 0.6493092454835282 0.10625 0.04250797024442083
0 0.059375 0.691817215727949 0.10625 0.04250797024442083
0 0.059375 0.691817215727949 0.10625 0.04250797024442083
0 0.059375 0.7343251859723698 0.10625 0.04250797024442083
0 0.059375 0.7343251859723698 0.10625 0.04250797024442083
0 0.059375 0.7768331562167906 0.10625 0.04250797024442083
0 0.059375 0.7768331562167906 0.10625 0.04250797024442083
0 0.059375 0.8193411264612115 0.10625 0.04250797024442083
0 0.059375 0.8193411264612115 0.10625 0.04250797024442083
0 0.059375 0.922422954303932 0.10625 0.04250797024442083
0 0.059375 0.922422954303932 0.10625 0.04250797024442083
0 0.059375 0.9649309245483528 0.10625 0.04250797024442083
0 0.059375 0.9649309245483528 0.10625 0.04250797024442083
0 0.059375 0.9930924548352816 0.10625 0.01381509032943677
0 0.059375 0.9930924548352816 0.10625 0.01381509032943677
