0 0.4726806640625 0.0924548352816153 0.043798828125 0.004250797024442083
0 0.24479166666666666 0.04569606801275239 0.10416666666666667 0.023379383634431455
1 0.7036458333333333 0.06004250797024442 0.053125 0.030818278427205102
0 0.7036458333333333 0.05951115834218916 0.03406575520833333 0.023379383634431455
0 0.9705118815104167 0.04782146652497343 0.033732096354166664 0.023379383634431455
0 0.37597249348958334 0.024442082890541977 0.0477783203125 0.048884165781083955
0 0.4333251953125 0.024442082890541977 0.05755208333333333 0.048884165781083955
0 0.5007242838541667 0.024442082890541977 0.06787109375 0.048884165781083955
0 0.5857828776041667 0.024442082890541977 0.09287109375 0.048884165781083955
0 0.282861328125 0.46439957492029754 0.144140625 0.023379383634431455
0 0.30602620442708334 0.5026567481402763 0.19047037760416666 0.023379383634431455
0 0.29474283854166666 0.5409139213602551 0.16790364583333334 0.023379383634431455
0 0.28916829427083335 0.5791710945802337 0.15675455729166668 0.023379383634431455
