0 0.08307291666666666 0.002656748140276302 0.0005208333333333333 0.0010626992561105207
0 0.08307291666666666 0.002656748140276302 0.0005208333333333333 0.0010626992561105207
0 0.08307291666666666 0.002656748140276302 0.0005208333333333333 0.0010626992561105207
0 0.08307291666666666 0.002656748140276302 0.0005208333333333333 0.0010626992561105207
0 0.08307291666666666 0.002656748140276302 0.0005208333333333333 0.0010626992561105207
0 0.09375 0.026567481402763018 0.020833333333333332 0.026567481402763018
0 0.12794596354166668 0.026567481402763018 0.026725260416666667 0.04675876726886291
1 0.15276692708333334 0.026567481402763018 0.022916666666666665 0.04675876726886291
0 0.1771240234375 0.026567481402763018 0.013297526041666667 0.04675876726886291
1 0.19523111979166666 0.026567481402763018 0.022916666666666665 0.04675876726886291
0 0.22447509765625 0.026567481402763018 0.0230712890625 0.04675876726886291
1 0.24746907552083333 0.026567481402763018 0.022916666666666665 0.04675876726886291
0 0.2866129557291667 0.026567481402763018 0.04287109375 0.04675876726886291
1 0.3195068359375 0.026567481402763018 0.022916666666666665 0.04675876726886291
0 0.35084635416666665 0.026567481402763018 0.027262369791666668 0.04675876726886291
1 0.3759358723958333 0.026567481402763018 0.022916666666666665 0.04675876726886291
0 0.40863037109375 0.026567481402763018 0.029972330729166666 0.04675876726886291
1 0.43507486979166665 0.026567481402763018 0.022916666666666665 0.04675876726886291
0 0.47255859375 0.026567481402763018 0.03955078125 0.04675876726886291
0 0.5123779296875 0.026567481402763018 0.027587890625 0.04675876726886291
1 0.754150390625 0.026567481402763018 0.022916666666666665 0.04675876726886291
1 0.783837890625 0.026567481402763018 0.023958333333333335 0.04675876726886291
1 0.783837890625 0.026567481402763018 0.011458333333333333 0.023379383634431455
0 0.8097574869791667 0.026567481402763018 0.027880859375 0.04675876726886291
1 0.83515625 0.026567481402763018 0.022916666666666665 0.04675876726886291
0 0.85670166015625 0.026567481402763018 0.020174153645833335 0.04675876726886291
1 0.8782470703125 0.026567481402763018 0.022916666666666665 0.04675876726886291
0 0.9052693684895833 0.026567481402763018 0.0311279296875 0.04675876726886291
0 0.4958292643229167 0.07226354941551541 0.24488118489583333 0.03400637619553666
1 0.9864583333333333 0.07438894792773645 0.022916666666666665 0.04675876726886291
1 0.24191487630208333 0.6364074123273114 0.0677490234375 0.05100956429330499
1 0.3140787760416667 0.6364074123273114 0.06407877604166666 0.05100956429330499
