2 0.4166666666666667 0.0021253985122210413 0.296875 0.004250797024442083
2 0.5807291666666666 0.0021253985122210413 0.03125 0.004250797024442083
0 0.9973958333333334 0.48588602550478216 0.005208333333333333 0.026567481402763018
0 0.9973958333333334 0.5206562167906482 0.005208333333333333 0.026567481402763018
0 0.9973958333333334 0.5554264080765143 0.005208333333333333 0.026567481402763018
0 0.9973958333333334 0.5901965993623804 0.005208333333333333 0.026567481402763018
0 0.9973958333333334 0.6249667906482466 0.005208333333333333 0.026567481402763018
0 0.713427734375 0.04849395589798087 0.045328776041666664 0.05022914452709883
0 0.7564982096354167 0.04849395589798087 0.040812174479166664 0.05022914452709883
0 0.8098388671875 0.04849395589798087 0.065869140625 0.05022914452709883
0 0.8620564778645833 0.04849395589798087 0.03856608072916667 0.05022914452709883
1 0.9008707682291667 0.04729011689691817 0.0234375 0.04782146652497343
1 0.9562947591145833 0.04729011689691817 0.08741048177083334 0.04782146652497343
0 0.22225748697916667 0.1480971041445271 0.05388997395833333 0.06240037194473964
1 0.243994140625 0.13708820403825717 0.005208333333333333 0.010626992561105207
0 0.2860026041666667 0.1480971041445271 0.07360026041666666 0.06240037194473964
1 0.31759440104166664 0.13708820403825717 0.005208333333333333 0.010626992561105207
0 0.3484415690104167 0.1480971041445271 0.05127766927083333 0.06240037194473964
1 0.3688720703125 0.13708820403825717 0.005208333333333333 0.010626992561105207
0 0.4208455403645833 0.1480971041445271 0.0935302734375 0.06240037194473964
1 0.46240234375 0.13708820403825717 0.005208333333333333 0.010626992561105207
0 0.5020426432291667 0.1480971041445271 0.06886393229166667 0.06240037194473964
1 0.5312662760416667 0.13708820403825717 0.005208333333333333 0.010626992561105207
0 0.5719889322916667 0.1480971041445271 0.07102864583333333 0.06240037194473964
1 0.602294921875 0.13708820403825717 0.005208333333333333 0.010626992561105207
0 0.6292317708333334 0.1480971041445271 0.04345703125 0.06240037194473964
1 0.645751953125 0.13708820403825717 0.005208333333333333 0.010626992561105207
1 0.22539876302083334 0.5108594580233794 0.065380859375 0.048884165781083955
1 0.7875 0.586211477151966 0.125 0.04695802337938364
0 0.24468587239583334 0.729875132837407 0.08312174479166666 0.10221838469713071
0 0.3278076171875 0.729875132837407 0.08312174479166666 0.10221838469713071
0 0.4109293619791667 0.729875132837407 0.08312174479166666 0.10221838469713071
0 0.49405110677083336 0.729875132837407 0.08312174479166666 0.10221838469713071
0 0.5771728515625 0.7289452709883103 0.08312174479166666 0.1003586609989373
0 0.6602945963541667 0.729875132837407 0.08312174479166666 0.10221838469713071
0 0.7434163411458333 0.729875132837407 0.08312174479166666 0.10221838469713071
