0 0.9875 0.9744952178533475 0.01875 0.03825717321997875
0 0.9583333333333334 0.031880977683315624 0.01875 0.03825717321997875
0 0.9833333333333333 0.031880977683315624 0.01875 0.03825717321997875
0 0.2928873697916667 0.03400637619553666 0.03854166666666667 0.03825717321997875
0 0.2783732096354167 0.0871413390010627 0.0553955078125 0.02975557917109458
0 0.35256754557291664 0.0871413390010627 0.0904052734375 0.02975557917109458
0 0.4318033854166667 0.0871413390010627 0.065478515625 0.02975557917109458
0 0.5111165364583333 0.0871413390010627 0.09055989583333333 0.02975557917109458
0 0.5789835611979167 0.0871413390010627 0.042586263020833334 0.02975557917109458
0 0.62957763671875 0.0871413390010627 0.056013997395833334 0.02975557917109458
0 0.68326416015625 0.0871413390010627 0.04877115885416667 0.02975557917109458
0 0.7291341145833333 0.0871413390010627 0.040380859375 0.02975557917109458
0 0.047900390625 0.03400637619553666 0.016666666666666666 0.04250797024442083
0 0.06666666666666667 0.03400637619553666 0.016666666666666666 0.04250797024442083
0 0.340087890625 0.031880977683315624 0.043359375 0.03825717321997875
0 0.38819986979166665 0.031880977683315624 0.050276692708333334 0.03825717321997875
0 0.4315266927083333 0.031880977683315624 0.0337890625 0.03825717321997875
0 0.4729817708333333 0.031880977683315624 0.046533203125 0.03825717321997875
0 0.5168497721354167 0.031880977683315624 0.038614908854166664 0.03825717321997875
0 0.56282958984375 0.031880977683315624 0.0507568359375 0.03825717321997875
0 0.6155598958333334 0.031880977683315624 0.05211588541666667 0.03825717321997875
0 0.6676717122395833 0.031880977683315624 0.049519856770833336 0.03825717321997875
0 0.7100504557291667 0.031880977683315624 0.03264973958333333 0.03825717321997875
0 0.26603597005208335 0.16551540913921362 0.13832194010416668 0.07810839532412327
0 0.5778645833333333 0.8139113974495218 0.4588541666666667 0.09102683315621679
0 0.5778645833333333 0.55697064293305 0.4588541666666667 0.6559179064824655
0 0.26640625 0.478754317215728 0.14739583333333334 0.13564359723698194
0 0.26640625 0.38779390276301806 0.14739583333333334 0.3175644261424017
0 0.26640625 0.7988011424017003 0.14739583333333334 0.10872741764080765
0 0.26640625 0.7078407279489904 0.14739583333333334 0.2906482465462274
0 0.26640625 0.9552171891604676 0.14739583333333334 0.08956562167906483
0 0.42213541666666665 0.9552171891604676 0.14739583333333334 0.08956562167906483
0 0.5778645833333333 0.9552171891604676 0.14739583333333334 0.08956562167906483
0 0.73359375 0.9552171891604676 0.14739583333333334 0.08956562167906483
1 0.5 0.858345510095643 1.0 0.2833089798087141
0 0.35557861328125 0.9649143198724761 0.05853678385416667 0.015940488841657812
1 0.48419189453125 0.8518945935175345 0.10318196614583333 0.02073924017003188
1 0.8933349609375 0.858345510095643 0.13333333333333333 0.1847270191285866
1 0.887646484375 0.8019062167906482 0.091748046875 0.044218251859723695
1 0.8899454752604167 0.8599395589798087 0.09634602864583333 0.044218251859723695
1 0.8890096028645833 0.9179729011689692 0.09447428385416666 0.044218251859723695
