0 0.045572916666666664 0.031880977683315624 0.0703125 0.021253985122210415
1 0.10519612630208333 0.03187267534537726 0.0281005859375 0.022100823591923485
1 0.13636474609375 0.03187267534537726 0.03423665364583333 0.022100823591923485
1 0.16759440104166667 0.03187267534537726 0.02822265625 0.022100823591923485
1 0.19830322265625 0.03187267534537726 0.03319498697916667 0.022100823591923485
1 0.23710123697916666 0.03187267534537726 0.04440104166666667 0.022100823591923485
1 0.2713419596354167 0.03187267534537726 0.024080403645833335 0.022100823591923485
1 0.31259765625 0.03187267534537726 0.058430989583333336 0.022100823591923485
1 0.35548095703125 0.03187267534537726 0.027335611979166667 0.022100823591923485
0 0.9210286458333333 0.03187267534537726 0.03338216145833333 0.022100823591923485
0 0.9675577799479167 0.031880977683315624 0.0388427734375 0.03925345377258236
1 0.30234375 0.2977550478214665 0.1015625 0.057385759829968117
2 0.5088134765625 0.2977550478214665 0.31033528645833336 0.04675876726886291
1 0.6743977864583334 0.2977550478214665 0.020833333333333332 0.04250797024442083
1 0.7184488932291667 0.2977550478214665 0.05164388020833333 0.04250797024442083
0 0.44817708333333334 0.3758634431455898 0.05703125 0.03294367693942614
0 0.5037190755208333 0.3758634431455898 0.04363606770833333 0.03294367693942614
0 0.5555379231770833 0.3758634431455898 0.0495849609375 0.03294367693942614
0 0.6316202799479167 0.5219845908607864 0.06719563802083334 0.04675876726886291
0 0.21041666666666667 0.8057252922422954 0.12916666666666668 0.23379383634431455
0 0.35520833333333335 0.8057252922422954 0.12916666666666668 0.23379383634431455
0 0.5 0.8057252922422954 0.12916666666666668 0.23379383634431455
0 0.6447916666666667 0.8057252922422954 0.12916666666666668 0.23379383634431455
0 0.7895833333333333 0.8057252922422954 0.12916666666666668 0.23379383634431455
0 0.934375 0.8057252922422954 0.12916666666666668 0.23379383634431455
1 0.8528645833333334 0.8057252922422954 0.018229166666666668 0.23379383634431455
1 0.7699991861979166 0.9624817348565357 0.43999837239583334 0.0750365302869288
1 0.6877034505208334 0.9608876859723698 0.06510416666666667 0.04209285334750266
1 0.7619222005208334 0.9608876859723698 0.06510416666666667 0.044218251859723695
1 0.8408284505208333 0.9608876859723698 0.07447916666666667 0.044218251859723695
