1 0.9833333333333333 0.6233727417640808 0.022916666666666665 0.04675876726886291
0 0.3802083333333333 0.04729011689691817 0.2604166666666667 0.077577045696068
2 0.6565592447916667 0.044633368756641874 0.11770833333333333 0.019128586609989374
2 0.7342122395833334 0.04516471838469713 0.030533854166666666 0.020191285866099893
0 0.30833333333333335 0.2922422954303932 0.10520833333333333 0.05951115834218916
0 0.43645833333333334 0.29968119022316686 0.10520833333333333 0.044633368756641874
0 0.5645833333333333 0.29968119022316686 0.10520833333333333 0.044633368756641874
0 0.6927083333333334 0.2922422954303932 0.10520833333333333 0.05951115834218916
0 0.40919189453125 0.6116996546227418 0.3142171223958333 0.0563230605738576
0 0.54595947265625 0.6669600159404888 0.022224934895833333 0.018065887353878853
0 0.4340901692708333 0.7566418703506907 0.025472005208333332 0.018065887353878853
0 0.5292683919270833 0.8293205366631243 0.051863606770833334 0.018065887353878853
1 0.31536458333333334 0.9048884165781084 0.009895833333333333 0.020191285866099893
