1 0.11666666666666667 0.03506907545164718 0.016666666666666666 0.03400637619553666
6 0.11666666666666667 0.03506907545164718 0.016666666666666666 0.03400637619553666
1 0.11666666666666667 0.03506907545164718 0.016666666666666666 0.03400637619553666
8 0.11666666666666667 0.03506907545164718 0.0005208333333333333 0.0010626992561105207
8 0.16822916666666668 0.06907545164718384 0.12083333333333333 0.03400637619553666
1 0.16165364583333333 0.10683448459086078 0.091015625 0.023379383634431455
0 0.16822916666666668 0.14721705632306056 0.10416666666666667 0.02975557917109458
0 0.16822916666666668 0.17845045164718384 0.10416666666666667 0.02975557917109458
0 0.16822916666666668 0.20968384697130713 0.10416666666666667 0.02975557917109458
0 0.16822916666666668 0.2409172422954304 0.10416666666666667 0.02975557917109458
0 0.16822916666666668 0.31424349096705634 0.10416666666666667 0.02975557917109458
0 0.16822916666666668 0.3454768862911796 0.10416666666666667 0.02975557917109458
0 0.16822916666666668 0.37671028161530284 0.10416666666666667 0.02975557917109458
0 0.16822916666666668 0.4079436769394261 0.10416666666666667 0.02975557917109458
0 0.19010416666666666 0.03506907545164718 0.115625 0.053134962805526036
1 0.3770833333333333 0.03506907545164718 0.24791666666666667 0.03400637619553666
2 0.35102945963541665 0.03506907545164718 0.19580891927083333 0.03400637619553666
1 0.47472737630208334 0.03506907545164718 0.052628580729166666 0.03400637619553666
0 0.74266357421875 0.03506907545164718 0.0409423828125 0.01700318809776833
0 0.7944580078125 0.03506907545164718 0.05431315104166667 0.01700318809776833
0 0.847265625 0.03506907545164718 0.04296875 0.01700318809776833
1 0.88125 0.03506907545164718 0.020833333333333332 0.03400637619553666
6 0.88125 0.03506907545164718 0.020833333333333332 0.03400637619553666
1 0.88125 0.03506907545164718 0.016666666666666666 0.03400637619553666
8 0.88125 0.03506907545164718 0.0005208333333333333 0.0010626992561105207
8 0.83125 0.06907545164718384 0.12083333333333333 0.03400637619553666
0 0.8474812825520833 0.09458023379383634 0.04986165364583333 0.01700318809776833
0 0.83125 0.1179596174282678 0.10416666666666667 0.02975557917109458
0 0.83125 0.14771519659936239 0.10416666666666667 0.02975557917109458
8 0.7121988932291666 0.11673087141339002 0.08185221354166666 0.03400637619553666
6 0.7121988932291666 0.11673087141339002 0.08185221354166666 0.03400637619553666
1 0.7121988932291666 0.11673087141339002 0.08185221354166666 0.03400637619553666
8 0.7140218098958333 0.11673087141339002 0.041748046875 0.01700318809776833
0 0.12321370442708333 0.1574289319872476 0.0235107421875 0.039319872476089264
0 0.16093343098958332 0.1574289319872476 0.035262044270833334 0.039319872476089264
0 0.57369384765625 0.1574289319872476 0.012166341145833334 0.039319872476089264
0 0.6191202799479166 0.1574289319872476 0.06201985677083333 0.039319872476089264
0 0.68319091796875 0.1574289319872476 0.049454752604166666 0.039319872476089264
8 0.7315633138020833 0.15583488310308183 0.030623372395833334 0.036131774707757705
6 0.7315633138020833 0.15583488310308183 0.030623372395833334 0.036131774707757705
1 0.7315633138020833 0.1563662327311371 0.030623372395833334 0.03719447396386823
8 0.72557373046875 0.1590229808714134 0.018644205729166665 0.01700318809776833
8 0.6864583333333333 0.19090395855472903 0.12083333333333333 0.03400637619553666
1 0.6798828125 0.22866299149840594 0.091015625 0.023379383634431455
0 0.6864583333333333 0.30624003719447396 0.10416666666666667 0.02975557917109458
0 0.6864583333333333 0.33747343251859724 0.10416666666666667 0.02975557917109458
0 0.6864583333333333 0.3687068278427205 0.10416666666666667 0.02975557917109458
0 0.6864583333333333 0.3999402231668438 0.10416666666666667 0.02975557917109458
0 0.6864583333333333 0.4311736184909671 0.10416666666666667 0.02975557917109458
0 0.6864583333333333 0.4624070138150903 0.10416666666666667 0.02975557917109458
0 0.6864583333333333 0.4936404091392136 0.10416666666666667 0.02975557917109458
0 0.6864583333333333 0.5248738044633369 0.10416666666666667 0.02975557917109458
0 0.6864583333333333 0.5561071997874601 0.10416666666666667 0.02975557917109458
0 0.6864583333333333 0.6294334484590861 0.10416666666666667 0.02975557917109458
0 0.6864583333333333 0.6606668437832094 0.10416666666666667 0.02975557917109458
0 0.6864583333333333 0.6919002391073327 0.10416666666666667 0.02975557917109458
0 0.6916666666666667 0.7652264877789585 0.09375 0.02975557917109458
0 0.6916666666666667 0.7964598831030818 0.09375 0.02975557917109458
0 0.6916666666666667 0.8276932784272051 0.09375 0.02975557917109458
0 0.6916666666666667 0.8589266737513284 0.09375 0.02975557917109458
0 0.6916666666666667 0.8901600690754516 0.09375 0.02975557917109458
0 0.6916666666666667 0.9213934643995749 0.09375 0.02975557917109458
0 0.6916666666666667 0.9526268597236982 0.09375 0.02975557917109458
0 0.6916666666666667 0.9838602550478215 0.09375 0.02975557917109458
1 0.8279134114583333 0.1571134431455898 0.03264973958333333 0.023379383634431455
7 0.7729166666666667 0.23738044633368757 0.010416666666666666 0.021253985122210415
5 0.8239583333333333 0.23738044633368757 0.1125 0.021253985122210415
7 0.7729166666666667 0.27138682252922425 0.010416666666666666 0.021253985122210415
5 0.8239583333333333 0.27138682252922425 0.1125 0.021253985122210415
7 0.7729166666666667 0.3053931987247609 0.010416666666666666 0.021253985122210415
5 0.8239583333333333 0.3053931987247609 0.1125 0.021253985122210415
7 0.7729166666666667 0.3829702444208289 0.010416666666666666 0.021253985122210415
5 0.8239583333333333 0.3829702444208289 0.1125 0.021253985122210415
7 0.7729166666666667 0.4169766206163656 0.010416666666666666 0.021253985122210415
5 0.8239583333333333 0.4169766206163656 0.1125 0.021253985122210415
7 0.7729166666666667 0.4945536663124336 0.010416666666666666 0.021253985122210415
5 0.8239583333333333 0.4945536663124336 0.1125 0.021253985122210415
7 0.7729166666666667 0.5285600425079703 0.010416666666666666 0.021253985122210415
5 0.8239583333333333 0.5285600425079703 0.1125 0.021253985122210415
7 0.7729166666666667 0.5625664187035069 0.010416666666666666 0.021253985122210415
5 0.8239583333333333 0.5625664187035069 0.1125 0.021253985122210415
0 0.5942708333333333 0.24488575982996813 0.10294596354166667 0.01700318809776833
0 0.49558919270833335 0.2986267933049947 0.0466796875 0.041495085015940486
0 0.49558919270833335 0.3353646386822529 0.080419921875 0.01700318809776833
0 0.5942586263020834 0.2863808448459086 0.07377115885416667 0.01700318809776833
0 0.5942586263020834 0.31087274176408075 0.07460123697916667 0.01700318809776833
0 0.5942626953125 0.3353646386822529 0.06806640625 0.01700318809776833
0 0.6929361979166667 0.2863808448459086 0.06959635416666667 0.01700318809776833
0 0.44147135416666666 0.5584318544102019 0.0625 0.019128586609989374
0 0.18281656901041668 0.47853015409139216 0.1227294921875 0.019128586609989374
0 0.24697265625 0.4921293836344315 0.25104166666666666 0.04632704569606801
0 0.26608072916666664 0.5057286131774708 0.03567708333333333 0.019128586609989374
0 0.13094482421875 0.5329270722635494 0.018986002604166666 0.019128586609989374
0 0.18931070963541666 0.5329270722635494 0.0384521484375 0.019128586609989374
0 0.23309326171875 0.5329270722635494 0.03985188802083333 0.019128586609989374
0 0.2798868815104167 0.5329270722635494 0.044474283854166664 0.019128586609989374
0 0.32644449869791664 0.5329270722635494 0.025480143229166665 0.019128586609989374
0 0.36142578125 0.5329270722635494 0.03984375 0.019128586609989374
0 0.13604329427083334 0.5601255313496281 0.029182942708333333 0.019128586609989374
0 0.3470458984375 0.6043271785334751 0.0685546875 0.019128586609989374
0 0.24952392578125 0.6587240967056323 0.04678548177083333 0.019128586609989374
0 0.14346110026041667 0.7131210148777896 0.0440185546875 0.019128586609989374
0 0.44776611328125 0.7131210148777896 0.03799641927083333 0.019128586609989374
0 0.30999348958333334 0.7403194739638682 0.035205078125 0.019128586609989374
0 0.23725179036458333 0.7675179330499469 0.0815185546875 0.019128586609989374
0 0.25831298828125 0.7947163921360255 0.03335774739583333 0.019128586609989374
0 0.25673014322916665 0.8219148512221042 0.06669921875 0.019128586609989374
0 0.34451090494791664 0.8219148512221042 0.06439615885416666 0.019128586609989374
0 0.27767740885416664 0.8491133103081828 0.10361328125 0.019128586609989374
0 0.23332926432291667 0.8763117693942615 0.05606282552083333 0.019128586609989374
0 0.437158203125 0.8763117693942615 0.05048828125 0.019128586609989374
0 0.23771158854166666 0.9749103347502657 0.020377604166666667 0.019128586609989374
0 0.20507405598958334 0.9962722502656748 0.12647298177083333 0.007455499468650372
0 0.52076416015625 0.47853015409139216 0.03612467447916667 0.019128586609989374
0 0.71903076171875 0.5057286131774708 0.0138916015625 0.019128586609989374
0 0.6490804036458333 0.6043271785334751 0.075048828125 0.019128586609989374
0 0.63109130859375 0.6315256376195537 0.12613118489583333 0.019128586609989374
0 0.5907063802083333 0.6587240967056323 0.14265950520833334 0.019128586609989374
0 0.5899373372395833 0.8884331827842721 0.07920735677083333 0.019128586609989374
0 0.5615030924479166 0.9305094314558979 0.048201497395833334 0.025504782146652496
0 0.678076171875 0.9305094314558979 0.03313802083333333 0.025504782146652496
