0 0.015104166666666667 0.03294367693942614 0.030208333333333334 0.061636556854410204
1 0.06822916666666666 0.031880977683315624 0.022916666666666665 0.06376195536663125
1 0.09114583333333333 0.031880977683315624 0.022916666666666665 0.06376195536663125
1 0.1140625 0.031880977683315624 0.022916666666666665 0.06376195536663125
0 0.5 0.031880977683315624 0.05416666666666667 0.04250797024442083
0 0.7341634114583333 0.031880977683315624 0.016666666666666666 0.04250797024442083
0 0.7543212890625 0.031880977683315624 0.013232421875 0.04250797024442083
0 0.7819620768229166 0.031880977683315624 0.0182861328125 0.04250797024442083
0 0.81348876953125 0.031880977683315624 0.021004231770833333 0.04250797024442083
0 0.84674072265625 0.031880977683315624 0.021736653645833333 0.04250797024442083
0 0.8834431966145834 0.031880977683315624 0.0279052734375 0.04250797024442083
0 0.9263875325520833 0.031880977683315624 0.019295247395833333 0.04250797024442083
1 0.96875 0.031880977683315624 0.041666666666666664 0.04250797024442083
0 0.49999593098958334 0.742826780021254 0.03890787760416667 0.023379383634431455
0 0.20828450520833333 0.8129649309245484 0.025944010416666666 0.01487778958554729
0 0.28409016927083336 0.8129649309245484 0.11573893229166667 0.01487778958554729
