0 0.058854166666666666 0.04250797024442083 0.08854166666666667 0.08501594048884166
0 0.15333251953125 0.04250797024442083 0.04208170572916667 0.03825717321997875
0 0.20416259765625 0.04250797024442083 0.0449951171875 0.03825717321997875
0 0.25645751953125 0.04250797024442083 0.04501139322916667 0.03825717321997875
2 0.4830729166666667 0.04250797024442083 0.3255208333333333 0.02975557917109458
1 0.6533854166666667 0.04250797024442083 0.015104166666666667 0.03825717321997875
13 0.6533854166666667 0.04250797024442083 0.015104166666666667 0.03825717321997875
1 0.6716145833333333 0.04250797024442083 0.021354166666666667 0.03825717321997875
1 0.91259765625 0.04250797024442083 0.041796875 0.040382571732199786
1 0.962841796875 0.04250797024442083 0.045149739583333334 0.040382571732199786
0 0.09826253255208334 0.9228214665249734 0.047566731770833336 0.01700318809776833
0 0.15416666666666667 0.9725690754516472 0.15833333333333333 0.054861849096705634
0 0.32395833333333335 0.9725690754516472 0.15833333333333333 0.054861849096705634
0 0.49375 0.9725690754516472 0.15833333333333333 0.054861849096705634
0 0.6635416666666667 0.9725690754516472 0.15833333333333333 0.054861849096705634
0 0.8333333333333334 0.9725690754516472 0.15833333333333333 0.054861849096705634
