0 0.11901041666666666 0.02975557917109458 0.07135416666666666 0.057385759829968117
0 0.20609944661458332 0.02975557917109458 0.06949055989583333 0.057385759829968117
11 0.2659383138020833 0.02763018065887354 0.04810384114583333 0.05526036131774708
1 0.26750081380208335 0.0281615302869288 0.051228841145833336 0.05419766206163656
11 0.3178629557291667 0.02763018065887354 0.05203450520833333 0.05526036131774708
1 0.31942545572916664 0.0281615302869288 0.055159505208333334 0.05419766206163656
11 0.36785481770833334 0.026036131774707757 0.04423828125 0.052072263549415514
0 0.36785481770833334 0.026567481402763018 0.04007161458333333 0.05100956429330499
11 0.4106038411458333 0.026036131774707757 0.037548828125 0.052072263549415514
0 0.4106038411458333 0.026567481402763018 0.03338216145833333 0.05100956429330499
11 0.4554239908854167 0.026036131774707757 0.048380533854166664 0.052072263549415514
0 0.4554239908854167 0.026567481402763018 0.0442138671875 0.05100956429330499
0 0.5092854817708333 0.0281615302869288 0.03583984375 0.03294367693942614
1 0.8324747721354167 0.0281615302869288 0.059285481770833336 0.05419766206163656
0 0.8896525065104167 0.028692879914984058 0.0540283203125 0.05100956429330499
1 0.5 0.41870350690754515 0.21875 0.04250797024442083
1 0.4427083333333333 0.41870350690754515 0.10416666666666667 0.04250797024442083
1 0.5572916666666666 0.41870350690754515 0.10416666666666667 0.04250797024442083
0 0.49999593098958334 0.48459086078639746 0.1677001953125 0.021253985122210415
13 0.5799397786458333 0.4869819341126461 0.0078125 0.015940488841657812
0 0.5 0.5228480340063762 0.15625 0.021253985122210415
13 0.57421875 0.5252391073326249 0.0078125 0.015940488841657812
1 0.8517496744791667 0.048352816153028694 0.22150065104166666 0.09670563230605739
1 0.7728515625 0.048352816153028694 0.06370442708333333 0.03400637619553666
1 0.8602213541666667 0.048352816153028694 0.09436848958333334 0.03400637619553666
1 0.9391194661458333 0.048352816153028694 0.04676106770833333 0.03400637619553666
