0 0.03931070963541667 0.03400637619553666 0.0702880859375 0.05100956429330499
0 0.11304117838541666 0.03400637619553666 0.050089518229166664 0.05100956429330499
0 0.16223958333333333 0.03400637619553666 0.04830729166666667 0.05100956429330499
0 0.20910237630208334 0.03400637619553666 0.04541829427083333 0.05100956429330499
0 0.26715494791666666 0.03400637619553666 0.07068684895833334 0.05100956429330499
1 0.9022298177083333 0.03400637619553666 0.05139973958333333 0.053134962805526036
1 0.96396484375 0.03400637619553666 0.06373697916666667 0.053134962805526036
0 0.9440999348958333 0.14984059511158343 0.07615559895833333 0.04675876726886291
1 0.6886189778645834 0.11052072263549416 0.04833170572916667 0.025504782146652496
1 0.7458984375 0.6333687566418703 0.035416666666666666 0.07226354941551541
1 0.7458984375 0.6333687566418703 0.035416666666666666 0.07226354941551541
1 0.4418701171875 0.8257173219978746 0.0658203125 0.053134962805526036
1 0.53707275390625 0.8257173219978746 0.10791829427083334 0.053134962805526036
1 0.8515625 0.759298618490967 0.028125 0.06269925611052073
1 0.9166666666666666 0.953241232731137 0.1375 0.05100956429330499
