1 0.03828125 0.9330499468650372 0.0328125 0.044633368756641874
0 0.9376505533854167 0.12832093517534537 0.1246826171875 0.05579171094580234
0 0.9376505533854167 0.19248140276301806 0.1246826171875 0.05579171094580234
0 0.9376505533854167 0.25664187035069075 0.1246826171875 0.05579171094580234
11 0.934375 0.3166179596174283 0.13125 0.044633368756641874
0 0.948046875 0.3166179596174283 0.10390625 0.044633368756641874
11 0.934375 0.3724096705632306 0.13125 0.044633368756641874
0 0.948046875 0.3724096705632306 0.10390625 0.044633368756641874
11 0.934375 0.4282013815090329 0.13125 0.044633368756641874
0 0.948046875 0.4282013815090329 0.10390625 0.044633368756641874
