0 0.09815266927083334 0.07764346439957492 0.06015625 0.04479941551540914
8 0.20649820963541668 0.07764346439957492 0.1067626953125 0.07329303931987248
0 0.20649820963541668 0.07764346439957492 0.1067626953125 0.07329303931987248
0 0.206494140625 0.1545895324123273 0.21410319010416667 0.08059909670563231
8 0.24712320963541667 0.1545895324123273 0.050862630208333336 0.032810839532412324
0 0.206494140625 0.23221639213602552 0.21410319010416667 0.07465462274176408
0 0.206494140625 0.30687101487778956 0.21410319010416667 0.07465462274176408
0 0.206494140625 0.38449787460148777 0.21410319010416667 0.08059909670563231
8 0.20712890625 0.38449787460148777 0.0284912109375 0.032810839532412324
0 0.206494140625 0.46212473432518597 0.21410319010416667 0.07465462274176408
0 0.206494140625 0.53677935706695 0.21410319010416667 0.07465462274176408
11 0.35010172526041666 0.07764346439957492 0.15118001302083334 0.07329303931987248
0 0.35010172526041666 0.07764346439957492 0.15118001302083334 0.07329303931987248
8 0.4863037109375 0.07764346439957492 0.09195963541666667 0.07329303931987248
0 0.4863037109375 0.07764346439957492 0.09195963541666667 0.07329303931987248
0 0.4863037109375 0.1516172954303932 0.1505126953125 0.07465462274176408
0 0.4863037109375 0.22627191817215728 0.1505126953125 0.07465462274176408
11 0.59002685546875 0.07764346439957492 0.08622233072916667 0.07329303931987248
0 0.59002685546875 0.07764346439957492 0.08622233072916667 0.07329303931987248
1 0.8528727213541667 0.07765176673751328 0.15810546875 0.08363775239107332
1 0.8528727213541667 0.07765176673751328 0.15810546875 0.08363775239107332
0 0.5 0.46521320403825717 0.081005859375 0.04569606801275239
1 0.5 0.6087108129649309 0.18650716145833332 0.09195669500531349
1 0.5 0.6087108129649309 0.18650716145833332 0.09195669500531349
