0 0.18182779947916666 0.020191285866099893 0.03229166666666667 0.040382571732199786
0 0.21568196614583332 0.020191285866099893 0.035416666666666666 0.040382571732199786
0 0.2568277994791667 0.020191285866099893 0.046875 0.040382571732199786
0 0.2964111328125 0.020191285866099893 0.03229166666666667 0.040382571732199786
0 0.33599446614583334 0.020191285866099893 0.046875 0.040382571732199786
0 0.3776611328125 0.020191285866099893 0.036458333333333336 0.040382571732199786
0 0.4120361328125 0.020191285866099893 0.03229166666666667 0.040382571732199786
0 0.44589029947916664 0.020191285866099893 0.035416666666666666 0.040382571732199786
0 0.4797444661458333 0.020191285866099893 0.03229166666666667 0.040382571732199786
0 0.5083902994791667 0.020191285866099893 0.025 0.040382571732199786
0 0.5370361328125 0.020191285866099893 0.03229166666666667 0.040382571732199786
0 0.5693277994791667 0.020191285866099893 0.03229166666666667 0.040382571732199786
0 0.6016194661458333 0.020191285866099893 0.03229166666666667 0.040382571732199786
0 0.6307861328125 0.020191285866099893 0.026041666666666668 0.040382571732199786
0 0.6547444661458334 0.020191285866099893 0.021875 0.040382571732199786
0 0.6766194661458333 0.020191285866099893 0.021875 0.040382571732199786
0 0.7021402994791667 0.020191285866099893 0.029166666666666667 0.040382571732199786
0 0.7375569661458333 0.020191285866099893 0.041666666666666664 0.040382571732199786
0 0.040364583333333336 0.07951979277364506 0.05572916666666667 0.036331030818278424
2 0.4282958984375 0.07951979277364506 0.6899251302083333 0.023379383634431455
0 0.7883626302083333 0.07951979277364506 0.020833333333333332 0.04250797024442083
1 0.7883626302083333 0.07951979277364506 0.020833333333333332 0.04250797024442083
1 0.8983479817708333 0.07952809511158342 0.17830403645833334 0.04388615834218916
1 0.8235188802083333 0.07952809511158342 0.028645833333333332 0.04388615834218916
1 0.853466796875 0.07952809511158342 0.022916666666666665 0.04388615834218916
1 0.9598079681396484 0.12644460680127523 0.0078125 0.015940488841657812
1 0.9598079681396484 0.12644460680127523 0.0078125 0.015940488841657812
1 0.6607723236083984 0.16182917109458023 0.026407877604166668 0.018065887353878853
1 0.9309017181396484 0.23293039319872477 0.059375 0.016571466524973433
1 0.8805501302083333 0.07952809511158342 0.022916666666666665 0.04388615834218916
1 0.910498046875 0.07952809511158342 0.028645833333333332 0.04388615834218916
1 0.9404459635416667 0.07952809511158342 0.022916666666666665 0.04388615834218916
1 0.9717854817708333 0.07952809511158342 0.03142903645833333 0.04388615834218916
0 0.5 0.14610454303931988 1.0 0.053134962805526036
1 0.75733642578125 0.20535002656748141 0.0694091796875 0.018065887353878853
1 0.8257080078125 0.20667840063761955 0.04650065104166667 0.03400637619553666
1 0.16536458333333334 0.4016837141339001 0.028645833333333332 0.05844845908607864
1 0.8346354166666666 0.4016837141339001 0.028645833333333332 0.05844845908607864
0 0.348974609375 0.6817049681190224 0.08958333333333333 0.18278427205100956
0 0.456494140625 0.6817049681190224 0.08958333333333333 0.18278427205100956
0 0.564013671875 0.6817049681190224 0.08958333333333333 0.18278427205100956
0 0.671533203125 0.6817049681190224 0.08958333333333333 0.18278427205100956
0 0.779052734375 0.6817049681190224 0.08958333333333333 0.18278427205100956
1 0.2984375 0.6848930658873539 0.020833333333333332 0.036131774707757705
1 0.2984375 0.6817049681190224 0.020833333333333332 0.04250797024442083
1 0.8307291666666666 0.6848930658873539 0.020833333333333332 0.036131774707757705
1 0.8307291666666666 0.6817049681190224 0.020833333333333332 0.04250797024442083
0 0.7866007486979166 0.8698027364505845 0.09867350260416667 0.01487778958554729
0 0.3375 0.9572180526036131 0.06770833333333333 0.08556389479277364
0 0.41241048177083334 0.9572180526036131 0.06770833333333333 0.08556389479277364
0 0.48732096354166665 0.9572180526036131 0.06770833333333333 0.08556389479277364
0 0.5622314453125 0.9572180526036131 0.06770833333333333 0.08556389479277364
0 0.6371419270833333 0.9572180526036131 0.06770833333333333 0.08556389479277364
0 0.7120524088541667 0.9572180526036131 0.06770833333333333 0.08556389479277364
0 0.786962890625 0.9572180526036131 0.06770833333333333 0.08556389479277364
0 0.215625 0.6619786131774708 0.10416666666666667 0.1433315621679065
0 0.215625 0.8223133634431455 0.10416666666666667 0.1433315621679065
0 0.2604166666666667 0.9423319606801275 0.014583333333333334 0.030818278427205102
