0 0.3338541666666667 0.0871413390010627 0.035416666666666666 0.061636556854410204
0 0.33359375 0.0871413390010627 0.034895833333333334 0.061636556854410204
2 0.47604166666666664 0.0871413390010627 0.25 0.061636556854410204
1 0.6677083333333333 0.0871413390010627 0.03229166666666667 0.061636556854410204
1 0.66328125 0.08767268862911796 0.013020833333333334 0.026567481402763018
1 0.6307291666666667 0.0871413390010627 0.015625 0.061636556854410204
1 0.6458333333333334 0.0871413390010627 0.011458333333333333 0.061636556854410204
0 0.7697916666666667 0.1487778958554729 0.12708333333333333 0.11477151965993623
0 0.340625 0.1636556854410202 0.03333333333333333 0.07226354941551541
0 0.3684895833333333 0.1636556854410202 0.03333333333333333 0.07226354941551541
0 0.3963541666666667 0.1636556854410202 0.03333333333333333 0.07226354941551541
0 0.42421875 0.1636556854410202 0.03333333333333333 0.07226354941551541
0 0.45208333333333334 0.1636556854410202 0.03333333333333333 0.07226354941551541
0 0.47994791666666664 0.1636556854410202 0.03333333333333333 0.07226354941551541
0 0.5078125 0.1636556854410202 0.03333333333333333 0.07226354941551541
0 0.5356770833333333 0.1636556854410202 0.03333333333333333 0.07226354941551541
0 0.5635416666666667 0.1636556854410202 0.03333333333333333 0.07226354941551541
0 0.59140625 0.1636556854410202 0.03333333333333333 0.07226354941551541
1 0.6192708333333333 0.15090329436769395 0.03333333333333333 0.04675876726886291
0 0.659375 0.1636556854410202 0.043229166666666666 0.07226354941551541
1 0.17291666666666666 0.030818278427205102 0.025 0.05100956429330499
0 0.20052083333333334 0.030818278427205102 0.025 0.05100956429330499
1 0.771875 0.030818278427205102 0.025 0.05100956429330499
1 0.7989583333333333 0.030818278427205102 0.025 0.05100956429330499
0 0.8260416666666667 0.030818278427205102 0.025 0.05100956429330499
0 0.19547526041666666 0.4160467587672689 0.036783854166666664 0.024442082890541977
0 0.23694661458333333 0.4160467587672689 0.046158854166666666 0.024442082890541977
0 0.2809244791666667 0.4160467587672689 0.014713541666666666 0.024442082890541977
0 0.3128580729166667 0.4160467587672689 0.0220703125 0.024442082890541977
0 0.34479166666666666 0.4160467587672689 0.014713541666666666 0.024442082890541977
0 0.38408203125 0.4160467587672689 0.036783854166666664 0.024442082890541977
1 0.20718180338541667 0.4729011689691817 0.03936360677083333 0.02763018065887354
0 0.25662027994791664 0.4729011689691817 0.0334716796875 0.02763018065887354
0 0.52982177734375 0.4729011689691817 0.03207194010416667 0.02763018065887354
0 0.5619913736979166 0.4729011689691817 0.032267252604166664 0.02763018065887354
0 0.21178792317708334 0.5494155154091392 0.06836751302083334 0.05951115834218916
0 0.28015543619791666 0.5494155154091392 0.06836751302083334 0.05951115834218916
0 0.34852294921875 0.5494155154091392 0.06836751302083334 0.05951115834218916
0 0.4168904622395833 0.5494155154091392 0.06836751302083334 0.05951115834218916
0 0.48525797526041664 0.5494155154091392 0.06836751302083334 0.05951115834218916
0 0.55362548828125 0.5494155154091392 0.06836751302083334 0.05951115834218916
0 0.21178792317708334 0.6089266737513284 0.06836751302083334 0.05951115834218916
0 0.28015543619791666 0.6089266737513284 0.06836751302083334 0.05951115834218916
0 0.34852294921875 0.6089266737513284 0.06836751302083334 0.05951115834218916
0 0.4168904622395833 0.6089266737513284 0.06836751302083334 0.05951115834218916
0 0.48525797526041664 0.6089266737513284 0.06836751302083334 0.05951115834218916
0 0.55362548828125 0.6089266737513284 0.06836751302083334 0.05951115834218916
0 0.21178792317708334 0.6684378320935175 0.06836751302083334 0.05951115834218916
0 0.28015543619791666 0.6684378320935175 0.06836751302083334 0.05951115834218916
0 0.34852294921875 0.6684378320935175 0.06836751302083334 0.05951115834218916
0 0.4168904622395833 0.6684378320935175 0.06836751302083334 0.05951115834218916
0 0.48525797526041664 0.6684378320935175 0.06836751302083334 0.05951115834218916
0 0.55362548828125 0.6684378320935175 0.06836751302083334 0.05951115834218916
0 0.21178792317708334 0.7279489904357067 0.06836751302083334 0.05951115834218916
0 0.28015543619791666 0.7279489904357067 0.06836751302083334 0.05951115834218916
0 0.34852294921875 0.7279489904357067 0.06836751302083334 0.05951115834218916
0 0.4168904622395833 0.7279489904357067 0.06836751302083334 0.05951115834218916
0 0.48525797526041664 0.7279489904357067 0.06836751302083334 0.05951115834218916
0 0.55362548828125 0.7279489904357067 0.06836751302083334 0.05951115834218916
1 0.5606770833333333 0.8065887353878852 0.025520833333333333 0.05951115834218916
1 0.5861979166666667 0.8065887353878852 0.025520833333333333 0.05951115834218916
1 0.3328125 0.8065887353878852 0.01875 0.03825717321997875
1 0.4328125 0.8065887353878852 0.01875 0.03825717321997875
0 0.7239583333333334 0.31668437832093516 0.19791666666666666 0.05951115834218916
0 0.6803873697916667 0.3740701381509033 0.03138020833333333 0.021253985122210415
0 0.7212483723958333 0.3740701381509033 0.050341796875 0.021253985122210415
0 0.7648152669270833 0.3740701381509033 0.0367919921875 0.021253985122210415
0 0.7239583333333334 0.7353878852284803 0.21875 0.08501594048884166
1 0.95 0.953241232731137 0.020833333333333332 0.04250797024442083
1 0.9770833333333333 0.953241232731137 0.020833333333333332 0.04250797024442083
