1 0.9833333333333333 0.8374070138150903 0.025 0.05100956429330499
0 0.6523356119791667 0.8680260361317748 0.038899739583333336 0.015940488841657812
0 0.41632080078125 0.8866232731137088 0.8159749348958333 0.019128586609989374
5 0.05084635416666667 0.9240170031880978 0.08502604166666666 0.023379383634431455
5 0.12892252604166668 0.9240170031880978 0.07112630208333333 0.023379383634431455
5 0.1911865234375 0.9240170031880978 0.05340169270833333 0.023379383634431455
1 0.91007080078125 0.9017003188097769 0.16319173177083332 0.16259298618490967
1 0.91007080078125 0.8475026567481403 0.15590006510416668 0.04675876726886291
1 0.91007080078125 0.9017003188097769 0.15590006510416668 0.04675876726886291
1 0.91007080078125 0.9558979808714134 0.15590006510416668 0.04675876726886291
0 0.5 0.11838303666312433 1.0 0.23676607332624866
1 0.047098795572916664 0.19000730605738575 0.06919759114583333 0.04250797024442083
0 0.044270833333333336 0.2707724495217853 0.06354166666666666 0.02763018065887354
1 0.7565836588541667 0.2707724495217853 0.021061197916666666 0.022316684378320937
1 0.7969563802083334 0.2707724495217853 0.034684244791666666 0.022316684378320937
1 0.8835693359375 0.2707724495217853 0.109375 0.04250797024442083
1 0.9670450846354167 0.2707724495217853 0.040909830729166666 0.04250797024442083
1 0.519091796875 0.3249701115834219 0.03037109375 0.04250797024442083
1 0.30376790364583334 0.33772250265674814 0.06739908854166667 0.025504782146652496
1 0.371484375 0.33772250265674814 0.04303385416666667 0.025504782146652496
1 0.43185221354166664 0.33772250265674814 0.05270182291666667 0.025504782146652496
1 0.48812255859375 0.33772250265674814 0.0348388671875 0.025504782146652496
1 0.5517049153645833 0.33772250265674814 0.06732584635416666 0.025504782146652496
1 0.6318766276041666 0.33772250265674814 0.068017578125 0.025504782146652496
1 0.7041544596354167 0.33772250265674814 0.0515380859375 0.025504782146652496
0 0.5 0.4280519394261424 0.168896484375 0.040382571732199786
5 0.5 0.660567215727949 0.3125 0.021253985122210415
2 0.5 0.660567215727949 0.3125 0.04250797024442083
1 0.6463541666666667 0.660567215727949 0.019791666666666666 0.04250797024442083
1 0.35520833333333335 0.8526833156216791 0.13229166666666667 0.08926673751328375
1 0.5 0.8526833156216791 0.13229166666666667 0.08926673751328375
1 0.6447916666666667 0.8526833156216791 0.13229166666666667 0.08926673751328375
1 0.35520833333333335 0.9614107332624867 0.13229166666666667 0.07717853347502657
1 0.5 0.9614107332624867 0.13229166666666667 0.07717853347502657
1 0.6447916666666667 0.9614107332624867 0.13229166666666667 0.07717853347502657
