8 0.23701171875 0.0644759564293305 0.0677734375 0.028692879914984058
0 0.23701171875 0.0644759564293305 0.0677734375 0.028692879914984058
0 0.7339518229166667 0.06500730605738576 0.012939453125 0.025504782146652496
0 0.7480265299479166 0.06500730605738576 0.0119384765625 0.025504782146652496
0 0.7606201171875 0.06500730605738576 0.009977213541666667 0.025504782146652496
0 0.77470703125 0.06500730605738576 0.014925130208333333 0.025504782146652496
0 0.7903401692708333 0.06500730605738576 0.013069661458333333 0.025504782146652496
0 0.7004150390625 0.06607000531349629 0.021842447916666667 0.01487778958554729
0 0.3515625 0.12470941817215728 0.296875 0.05989306588735388
5 0.6924479166666667 0.09423153560042508 0.0005208333333333333 0.0010626992561105207
2 0.7447916666666666 0.10804662592986185 0.10416666666666667 0.026567481402763018
1 0.7013020833333333 0.10931688363443146 0.0140625 0.02698259829968119
1 0.7880208333333333 0.10676806588735388 0.011458333333333333 0.021884962805526036
8 0.7447916666666666 0.1467770324123273 0.10416666666666667 0.026750132837407015
0 0.7447916666666666 0.14730838204038257 0.10416666666666667 0.025687433581296493
8 0.22792561848958334 0.22904489904357067 0.04086100260416667 0.07438894792773645
0 0.22792561848958334 0.22904489904357067 0.0398193359375 0.07438894792773645
8 0.2794270833333333 0.22904489904357067 0.06214192708333333 0.07438894792773645
0 0.2794270833333333 0.22904489904357067 0.06110026041666667 0.07438894792773645
8 0.33755696614583336 0.22904489904357067 0.054117838541666664 0.07438894792773645
0 0.33755696614583336 0.22904489904357067 0.053076171875 0.07438894792773645
8 0.39150390625 0.22904489904357067 0.05377604166666667 0.07438894792773645
0 0.39150390625 0.22904489904357067 0.052734375 0.07438894792773645
8 0.4422810872395833 0.22904489904357067 0.0477783203125 0.07438894792773645
0 0.4422810872395833 0.22904489904357067 0.046736653645833334 0.07438894792773645
8 0.4951904296875 0.22904489904357067 0.05804036458333333 0.07438894792773645
0 0.4951904296875 0.22904489904357067 0.05699869791666667 0.07438894792773645
0 0.2455322265625 0.4636191551540914 0.084814453125 0.1448924017003188
0 0.3303466796875 0.45463602550478216 0.084814453125 0.12692614240170033
0 0.4151611328125 0.45463602550478216 0.084814453125 0.12692614240170033
0 0.4999755859375 0.4636191551540914 0.084814453125 0.1448924017003188
0 0.5847900390625 0.45463602550478216 0.084814453125 0.12692614240170033
0 0.6696044921875 0.45463602550478216 0.084814453125 0.12692614240170033
0 0.7544189453125 0.45463602550478216 0.084814453125 0.12692614240170033
0 0.722265625 0.6153194739638682 0.14817708333333332 0.05147449521785335
0 0.722265625 0.6678566684378321 0.14817708333333332 0.05147449521785335
0 0.722265625 0.720393862911796 0.14817708333333332 0.05147449521785335
0 0.722265625 0.7729310573857598 0.14817708333333332 0.05147449521785335
0 0.722265625 0.8365435706695006 0.14817708333333332 0.07362513283740701
0 0.32729899088541664 0.7300743889479278 0.24730631510416667 0.01700318809776833
0 0.5151448567708333 0.6097735122210415 0.11276041666666667 0.019128586609989374
0 0.552734375 0.8157794234856536 0.16346028645833333 0.04581230074388948
0 0.4797119140625 0.9290814293304994 0.024951171875 0.026567481402763018
0 0.7843994140625 0.9290814293304994 0.024951171875 0.026567481402763018
0 0.6413248697916667 0.9929679197662061 0.26702473958333334 0.014064160467587673
