0 0.06796875 0.031880977683315624 0.09114583333333333 0.04367029755579171
1 0.92169189453125 0.031880977683315624 0.0545166015625 0.019128586609989374
0 0.9723917643229166 0.031880977683315624 0.0385498046875 0.04250797024442083
0 0.04083251953125 0.08926673751328375 0.0566650390625 0.03719447396386823
0 0.08333333333333333 0.21503055260361317 0.16666666666666666 0.045363974495217854
0 0.25416666666666665 0.29007538522848036 0.14166666666666666 0.03654689160467588
0 0.25416666666666665 0.3255595775770457 0.14166666666666666 0.019543703506907546
0 0.3655802408854167 0.20408807120085015 0.0478271484375 0.04473299681190223
0 0.42032470703125 0.20408807120085015 0.053328450520833334 0.04473299681190223
0 0.58780517578125 0.20940156748140276 0.0478271484375 0.04473299681190223
0 0.6436930338541667 0.20940156748140276 0.055615234375 0.04473299681190223
0 0.7038533528645833 0.20940156748140276 0.0563720703125 0.04473299681190223
0 0.592919921875 0.2626361583421892 0.058056640625 0.04473299681190223
0 0.6700032552083334 0.2626361583421892 0.08777669270833334 0.04473299681190223
0 0.7282430013020833 0.2626361583421892 0.020369466145833334 0.04473299681190223
1 0.5831990559895833 0.31475823591923485 0.038614908854166664 0.04250797024442083
0 0.8132405598958333 0.20408807120085015 0.054248046875 0.04473299681190223
0 0.8857706705729167 0.20408807120085015 0.08247884114583333 0.04473299681190223
0 0.9525227864583333 0.20408807120085015 0.04269205729166667 0.04473299681190223
0 0.80782470703125 0.25732266206163656 0.043416341145833336 0.04473299681190223
0 0.85655517578125 0.25732266206163656 0.04571126302083333 0.04473299681190223
0 0.90098876953125 0.25732266206163656 0.03482259114583333 0.04473299681190223
1 0.9418741861979166 0.25621014877789583 0.038614908854166664 0.04250797024442083
0 0.08333333333333333 0.26039452709883104 0.16666666666666666 0.045363974495217854
0 0.25416666666666665 0.29007538522848036 0.14166666666666666 0.03654689160467588
0 0.25416666666666665 0.3255595775770457 0.14166666666666666 0.019543703506907546
0 0.3655802408854167 0.20408807120085015 0.0478271484375 0.04473299681190223
0 0.42032470703125 0.20408807120085015 0.053328450520833334 0.04473299681190223
0 0.58780517578125 0.20940156748140276 0.0478271484375 0.04473299681190223
0 0.6260701497395833 0.20940156748140276 0.020369466145833334 0.04473299681190223
0 0.6681477864583333 0.20940156748140276 0.05545247395833333 0.04473299681190223
0 0.7282267252604167 0.20940156748140276 0.0563720703125 0.04473299681190223
0 0.5818033854166667 0.2626361583421892 0.03582356770833333 0.04473299681190223
0 0.6212931315104167 0.2626361583421892 0.03482259114583333 0.04473299681190223
1 0.6621785481770833 0.26152364505844844 0.038614908854166664 0.04250797024442083
0 0.8091593424479167 0.20408807120085015 0.04608561197916667 0.04473299681190223
0 0.8601806640625 0.20408807120085015 0.047623697916666666 0.04473299681190223
0 0.90450439453125 0.20408807120085015 0.0326904296875 0.04473299681190223
0 0.9467244466145833 0.20408807120085015 0.043416341145833336 0.04473299681190223
0 0.8156656901041667 0.25732266206163656 0.059098307291666666 0.04473299681190223
0 0.8727823893229166 0.25732266206163656 0.0468017578125 0.04473299681190223
1 0.9196573893229166 0.25621014877789583 0.038614908854166664 0.04250797024442083
0 0.08333333333333333 0.3057585015940489 0.16666666666666666 0.045363974495217854
0 0.25416666666666665 0.27297256907545164 0.14166666666666666 0.03654689160467588
0 0.37351888020833335 0.20940156748140276 0.06370442708333333 0.04473299681190223
0 0.4274495442708333 0.20940156748140276 0.03582356770833333 0.04473299681190223
0 0.4776204427083333 0.20940156748140276 0.05618489583333333 0.04473299681190223
0 0.53807373046875 0.20940156748140276 0.05638834635416667 0.04473299681190223
0 0.5945068359375 0.20940156748140276 0.04814453125 0.04473299681190223
0 0.3668741861979167 0.2626361583421892 0.0504150390625 0.04473299681190223
1 0.41555582682291664 0.26152364505844844 0.038614908854166664 0.04250797024442083
0 0.7026285807291667 0.20408807120085015 0.055257161458333336 0.04473299681190223
0 0.7756632486979167 0.20408807120085015 0.08247884114583333 0.04473299681190223
0 0.8424153645833333 0.20408807120085015 0.04269205729166667 0.04473299681190223
0 0.909228515625 0.20408807120085015 0.08260091145833333 0.04473299681190223
0 0.6978556315104166 0.25732266206163656 0.04571126302083333 0.04473299681190223
0 0.77730712890625 0.25732266206163656 0.1048583984375 0.04473299681190223
1 0.85321044921875 0.25621014877789583 0.038614908854166664 0.04250797024442083
0 0.08333333333333333 0.3511224760892667 0.16666666666666666 0.045363974495217854
0 0.25416666666666665 0.27297256907545164 0.14166666666666666 0.03654689160467588
0 0.3655802408854167 0.20940156748140276 0.0478271484375 0.04473299681190223
0 0.42184651692708336 0.20940156748140276 0.0563720703125 0.04473299681190223
0 0.4820068359375 0.20940156748140276 0.055615234375 0.04473299681190223
0 0.5578694661458333 0.20940156748140276 0.08777669270833334 0.04473299681190223
0 0.6229329427083333 0.20940156748140276 0.034016927083333336 0.04473299681190223
0 0.38218587239583335 0.2626361583421892 0.08103841145833333 0.04473299681190223
1 0.44617919921875 0.26152364505844844 0.038614908854166664 0.04250797024442083
0 0.6924112955729167 0.20408807120085015 0.03482259114583333 0.04473299681190223
0 0.734765625 0.20408807120085015 0.041552734375 0.04473299681190223
0 0.7788248697916667 0.20408807120085015 0.038232421875 0.04473299681190223
0 0.8270345052083333 0.20408807120085015 0.049853515625 0.04473299681190223
0 0.8789835611979167 0.20408807120085015 0.04571126302083333 0.04473299681190223
0 0.9231608072916667 0.20408807120085015 0.03430989583333333 0.04473299681190223
1 0.9637898763020833 0.20297555791710944 0.038614908854166664 0.04250797024442083
0 0.08333333333333333 0.3964864505844846 0.16666666666666666 0.045363974495217854
0 0.5875 0.24864671891604676 0.8083333333333333 0.03654689160467588
0 0.10157877604166667 0.08926673751328375 0.056494140625 0.03719447396386823
0 0.08333333333333333 0.21503055260361317 0.16666666666666666 0.045363974495217854
0 0.25416666666666665 0.27297256907545164 0.14166666666666666 0.03654689160467588
0 0.3665242513020833 0.20940156748140276 0.04971516927083333 0.04473299681190223
0 0.42503662109375 0.20940156748140276 0.058976236979166666 0.04473299681190223
0 0.48814697265625 0.20940156748140276 0.0589111328125 0.04473299681190223
0 0.53890380859375 0.20940156748140276 0.03426920572916667 0.04473299681190223
0 0.5857096354166667 0.20940156748140276 0.051009114583333334 0.04473299681190223
0 0.3736328125 0.2626361583421892 0.06393229166666667 0.04473299681190223
1 0.42907307942708334 0.26152364505844844 0.038614908854166664 0.04250797024442083
0 0.70445556640625 0.20408807120085015 0.0589111328125 0.04473299681190223
0 0.7635823567708333 0.20408807120085015 0.051009114583333334 0.04473299681190223
0 0.8149617513020834 0.20408807120085015 0.043416341145833336 0.04473299681190223
0 0.8631388346354166 0.20408807120085015 0.0446044921875 0.04473299681190223
0 0.9183186848958333 0.20408807120085015 0.057421875 0.04473299681190223
0 0.6984578450520833 0.25732266206163656 0.046915690104166664 0.04473299681190223
1 0.7453898111979167 0.25621014877789583 0.038614908854166664 0.04250797024442083
0 0.08333333333333333 0.26039452709883104 0.16666666666666666 0.045363974495217854
0 0.25416666666666665 0.27297256907545164 0.14166666666666666 0.03654689160467588
0 0.3665242513020833 0.20940156748140276 0.04971516927083333 0.04473299681190223
0 0.42503662109375 0.20940156748140276 0.058976236979166666 0.04473299681190223
0 0.48802083333333335 0.20940156748140276 0.05865885416666667 0.04473299681190223
0 0.5386515299479167 0.20940156748140276 0.03426920572916667 0.04473299681190223
0 0.5894083658854167 0.20940156748140276 0.0589111328125 0.04473299681190223
0 0.3638387044270833 0.2626361583421892 0.04434407552083333 0.04473299681190223
1 0.40948486328125 0.26152364505844844 0.038614908854166664 0.04250797024442083
0 0.7005045572916667 0.20408807120085015 0.051009114583333334 0.04473299681190223
0 0.7579020182291667 0.20408807120085015 0.05545247395833333 0.04473299681190223
0 0.8191243489583333 0.20408807120085015 0.05865885416666667 0.04473299681190223
0 0.8820760091145833 0.20408807120085015 0.0589111328125 0.04473299681190223
0 0.93800048828125 0.20408807120085015 0.0446044921875 0.04473299681190223
0 0.6948323567708333 0.25732266206163656 0.03966471354166667 0.04473299681190223
1 0.7381388346354166 0.25621014877789583 0.038614908854166664 0.04250797024442083
0 0.08333333333333333 0.3057585015940489 0.16666666666666666 0.045363974495217854
0 0.25416666666666665 0.27297256907545164 0.14166666666666666 0.03654689160467588
0 0.37115478515625 0.20940156748140276 0.058976236979166666 0.04473299681190223
0 0.43426513671875 0.20940156748140276 0.0589111328125 0.04473299681190223
0 0.48502197265625 0.20940156748140276 0.03426920572916667 0.04473299681190223
0 0.5297810872395833 0.20940156748140276 0.046915690104166664 0.04473299681190223
0 0.58544921875 0.20940156748140276 0.05608723958333333 0.04473299681190223
0 0.6354044596354167 0.20940156748140276 0.03548990885416667 0.04473299681190223
1 0.36097412109375 0.26152364505844844 0.038614908854166664 0.04250797024442083
0 0.69730224609375 0.20408807120085015 0.0446044921875 0.04473299681190223
0 0.7532267252604167 0.20408807120085015 0.0589111328125 0.04473299681190223
0 0.8111775716145834 0.20408807120085015 0.0486572265625 0.04473299681190223
0 0.8631306966145833 0.20408807120085015 0.046915690104166664 0.04473299681190223
0 0.9127726236979167 0.20408807120085015 0.04403483072916667 0.04473299681190223
0 0.7092447916666667 0.25732266206163656 0.06848958333333334 0.04473299681190223
1 0.7669637044270833 0.25621014877789583 0.038614908854166664 0.04250797024442083
0 0.08333333333333333 0.3511224760892667 0.16666666666666666 0.045363974495217854
0 0.25416666666666665 0.27297256907545164 0.14166666666666666 0.03654689160467588
0 0.36845296223958335 0.20940156748140276 0.053572591145833334 0.04473299681190223
0 0.4299723307291667 0.20940156748140276 0.0611328125 0.04473299681190223
0 0.4851155598958333 0.20940156748140276 0.0408203125 0.04473299681190223
0 0.5416585286458333 0.20940156748140276 0.06393229166666667 0.04473299681190223
0 0.6072306315104167 0.20940156748140276 0.058878580729166664 0.04473299681190223
0 0.3615804036458333 0.2626361583421892 0.03982747395833333 0.04473299681190223
1 0.40496826171875 0.26152364505844844 0.038614908854166664 0.04250797024442083
0 0.7040323893229167 0.20408807120085015 0.058064778645833336 0.04473299681190223
0 0.7589396158854167 0.20408807120085015 0.043416341145833336 0.04473299681190223
0 0.815380859375 0.20408807120085015 0.0611328125 0.04473299681190223
0 0.8846923828125 0.20408807120085015 0.06915690104166666 0.04473299681190223
0 0.94921875 0.20408807120085015 0.0515625 0.04473299681190223
0 0.702880859375 0.25732266206163656 0.05576171875 0.04473299681190223
1 0.75423583984375 0.25621014877789583 0.038614908854166664 0.04250797024442083
0 0.08333333333333333 0.3964864505844846 0.16666666666666666 0.045363974495217854
0 0.25416666666666665 0.27297256907545164 0.14166666666666666 0.03654689160467588
0 0.3665242513020833 0.20940156748140276 0.04971516927083333 0.04473299681190223
0 0.42105305989583336 0.20940156748140276 0.051009114583333334 0.04473299681190223
0 0.4801554361979167 0.20940156748140276 0.0588623046875 0.04473299681190223
0 0.5430826822916667 0.20940156748140276 0.05865885416666667 0.04473299681190223
0 0.6097249348958333 0.20940156748140276 0.06629231770833334 0.04473299681190223
0 0.37858479817708335 0.2626361583421892 0.07383626302083333 0.04473299681190223
1 0.43897705078125 0.26152364505844844 0.038614908854166664 0.04250797024442083
0 0.7005045572916667 0.20408807120085015 0.051009114583333334 0.04473299681190223
0 0.7500081380208333 0.20408807120085015 0.03966471354166667 0.04473299681190223
0 0.7944864908854167 0.20408807120085015 0.04095865885416667 0.04473299681190223
0 0.851123046875 0.20408807120085015 0.06398111979166667 0.04473299681190223
0 0.9112508138020833 0.20408807120085015 0.04794108072916667 0.04473299681190223
0 0.9580607096354167 0.20408807120085015 0.03734537760416667 0.04473299681190223
1 0.6943074544270833 0.25621014877789583 0.038614908854166664 0.04250797024442083
0 0.08333333333333333 0.44185042507970246 0.16666666666666666 0.045363974495217854
0 0.25416666666666665 0.27297256907545164 0.14166666666666666 0.03654689160467588
0 0.3665242513020833 0.20940156748140276 0.04971516927083333 0.04473299681190223
0 0.4283528645833333 0.20940156748140276 0.06560872395833334 0.04473299681190223
0 0.488818359375 0.20940156748140276 0.04698893229166667 0.04473299681190223
0 0.5406209309895833 0.20940156748140276 0.04828287760416667 0.04473299681190223
0 0.5967000325520834 0.20940156748140276 0.0555419921875 0.04473299681190223
0 0.6433146158854167 0.20940156748140276 0.029353841145833334 0.04473299681190223
1 0.36097412109375 0.26152364505844844 0.038614908854166664 0.04250797024442083
0 0.7055460611979166 0.20408807120085015 0.06109212239583333 0.04473299681190223
0 0.7637532552083334 0.20408807120085015 0.04698893229166667 0.04473299681190223
0 0.8191853841145833 0.20408807120085015 0.0555419921875 0.04473299681190223
0 0.8828206380208333 0.20408807120085015 0.06339518229166667 0.04473299681190223
0 0.9544840494791667 0.20408807120085015 0.07159830729166666 0.04473299681190223
0 0.7071329752604166 0.25732266206163656 0.06426595052083334 0.04473299681190223
1 0.7627400716145833 0.25621014877789583 0.038614908854166664 0.04250797024442083
0 0.08333333333333333 0.4872143995749203 0.16666666666666666 0.045363974495217854
0 0.25416666666666665 0.27297256907545164 0.14166666666666666 0.03654689160467588
0 0.36123453776041664 0.20408807120085015 0.0391357421875 0.04473299681190223
0 0.4059244791666667 0.20408807120085015 0.041910807291666664 0.04473299681190223
0 0.47730712890625 0.20408807120085015 0.09252115885416666 0.04473299681190223
0 0.5443522135416666 0.20408807120085015 0.03323567708333333 0.04473299681190223
0 0.5809529622395834 0.20408807120085015 0.031632486979166666 0.04473299681190223
0 0.616796875 0.20408807120085015 0.031722005208333334 0.04473299681190223
1 0.6561319986979167 0.20297555791710944 0.038614908854166664 0.04250797024442083
0 0.08333333333333333 0.5325783740701382 0.16666666666666666 0.045363974495217854
0 0.25416666666666665 0.27297256907545164 0.14166666666666666 0.03654689160467588
0 0.3802083333333333 0.20940156748140276 0.07708333333333334 0.04473299681190223
0 0.4505126953125 0.20940156748140276 0.055192057291666666 0.04473299681190223
0 0.5120157877604167 0.20940156748140276 0.05948079427083333 0.04473299681190223
0 0.5766927083333333 0.20940156748140276 0.061539713541666666 0.04473299681190223
0 0.6347371419270833 0.20940156748140276 0.0462158203125 0.04473299681190223
0 0.36842041015625 0.2626361583421892 0.053507486979166664 0.04473299681190223
1 0.4186482747395833 0.26152364505844844 0.038614908854166664 0.04250797024442083
0 0.7012939453125 0.20408807120085015 0.052587890625 0.04473299681190223
0 0.7644449869791666 0.20408807120085015 0.065380859375 0.04473299681190223
0 0.83011474609375 0.20408807120085015 0.05762532552083333 0.04473299681190223
0 0.8955851236979167 0.20408807120085015 0.06498209635416667 0.04473299681190223
0 0.7065592447916667 0.25732266206163656 0.06311848958333334 0.04473299681190223
0 0.7705485026041666 0.25732266206163656 0.05652669270833333 0.04473299681190223
1 0.8222859700520834 0.25621014877789583 0.038614908854166664 0.04250797024442083
0 0.15796712239583333 0.08926673751328375 0.04794921875 0.03719447396386823
0 0.2006591796875 0.15020589798087142 0.13333333333333333 0.045363974495217854
0 0.2006591796875 0.19556987247608926 0.13333333333333333 0.045363974495217854
0 0.2186279296875 0.08926673751328375 0.0650390625 0.03719447396386823
0 0.08333333333333333 0.22246944739638683 0.16666666666666666 0.06024176408076514
0 0.5875 0.24864671891604676 0.8083333333333333 0.03654689160467588
0 0.08333333333333333 0.28271121147715195 0.16666666666666666 0.06024176408076514
0 0.5875 0.24864671891604676 0.8083333333333333 0.03654689160467588
0 0.08333333333333333 0.3429529755579171 0.16666666666666666 0.06024176408076514
0 0.5875 0.24864671891604676 0.8083333333333333 0.03654689160467588
0 0.2983805338541667 0.08926673751328375 0.0861328125 0.03719447396386823
0 0.08333333333333333 0.21503055260361317 0.16666666666666666 0.045363974495217854
0 0.5875 0.24864671891604676 0.8083333333333333 0.03654689160467588
0 0.5875 0.2841309112646121 0.8083333333333333 0.019543703506907546
0 0.5875 0.3111135095642933 0.8083333333333333 0.019543703506907546
0 0.08333333333333333 0.26039452709883104 0.16666666666666666 0.045363974495217854
0 0.5875 0.24864671891604676 0.8083333333333333 0.03654689160467588
0 0.5875 0.2841309112646121 0.8083333333333333 0.019543703506907546
0 0.5875 0.3111135095642933 0.8083333333333333 0.019543703506907546
0 0.08333333333333333 0.3057585015940489 0.16666666666666666 0.045363974495217854
0 0.5875 0.24864671891604676 0.8083333333333333 0.03654689160467588
0 0.5875 0.2841309112646121 0.8083333333333333 0.019543703506907546
0 0.08333333333333333 0.3511224760892667 0.16666666666666666 0.045363974495217854
0 0.5875 0.24864671891604676 0.8083333333333333 0.03654689160467588
0 0.381298828125 0.08926673751328375 0.07137044270833333 0.03719447396386823
0 0.88797607421875 0.08926673751328375 0.06275227864583334 0.03719447396386823
0 0.08333333333333333 0.22246944739638683 0.16666666666666666 0.06024176408076514
0 0.5875 0.24864671891604676 0.8083333333333333 0.03654689160467588
0 0.08333333333333333 0.28271121147715195 0.16666666666666666 0.06024176408076514
0 0.5875 0.24864671891604676 0.8083333333333333 0.03654689160467588
0 0.08333333333333333 0.3429529755579171 0.16666666666666666 0.06024176408076514
0 0.5875 0.24864671891604676 0.8083333333333333 0.03654689160467588
0 0.08333333333333333 0.4058514877789586 0.16666666666666666 0.06555526036131774
0 0.5875 0.2560856137088204 0.8083333333333333 0.03654689160467588
0 0.9430094401041667 0.08926673751328375 0.038981119791666664 0.03719447396386823
0 0.9791666666666666 0.08926673751328375 0.025 0.03719447396386823
1 0.29192708333333334 0.3454768862911796 0.018229166666666668 0.06269925611052073
2 0.4428792317708333 0.3454768862911796 0.28367513020833335 0.03506907545164718
1 0.6275146484375 0.34653958554729014 0.085595703125 0.03719447396386823
1 0.6251708984375 0.4124269394261424 0.05486653645833333 0.03719447396386823
5 0.6184855143229167 0.4124269394261424 0.04149576822916667 0.03719447396386823
1 0.6290771484375 0.4496214133900106 0.04705403645833333 0.03719447396386823
5 0.6290771484375 0.4496214133900106 0.04705403645833333 0.03719447396386823
1 0.6290771484375 0.4868158873538789 0.04705403645833333 0.03719447396386823
5 0.6289754231770833 0.4868158873538789 0.0468505859375 0.03719447396386823
1 0.6251708984375 0.546327045696068 0.05486653645833333 0.03719447396386823
5 0.6162801106770833 0.546327045696068 0.0370849609375 0.03719447396386823
1 0.6290771484375 0.5835215196599363 0.04705403645833333 0.03719447396386823
5 0.6290771484375 0.5835215196599363 0.04705403645833333 0.03719447396386823
1 0.6290771484375 0.6207159936238045 0.04705403645833333 0.03719447396386823
5 0.6289754231770833 0.6207159936238045 0.0468505859375 0.03719447396386823
1 0.7018229166666666 0.3444141870350691 0.0640625 0.04782146652497343
0 0.36190185546875 0.4581230074388948 0.027498372395833335 0.018065887353878853
0 0.4330647786458333 0.4581230074388948 0.027327473958333334 0.018065887353878853
0 0.4998697916666667 0.4581230074388948 0.018782552083333334 0.018065887353878853
0 0.5626139322916667 0.4581230074388948 0.019205729166666668 0.018065887353878853
0 0.6339029947916667 0.4581230074388948 0.035872395833333334 0.018065887353878853
0 0.5 0.7636988575982997 0.08854166666666667 0.04260759829968119
1 0.013020833333333334 0.6590727948990436 0.015625 0.031880977683315624
1 0.9869791666666666 0.6590727948990436 0.015625 0.031880977683315624
12 0.5 0.8081744819341127 1.0 0.019543703506907546
1 0.49166666666666664 0.8100923219978746 0.004166666666666667 0.008501594048884165
1 0.5 0.8100923219978746 0.004166666666666667 0.008501594048884165
1 0.5083333333333333 0.8100923219978746 0.004166666666666667 0.008501594048884165
0 0.16666666666666666 0.9196001594048884 0.3333333333333333 0.16079968119022317
0 0.5 0.9196001594048884 0.3333333333333333 0.16079968119022317
0 0.8333333333333334 0.9196001594048884 0.3333333333333333 0.16079968119022317
