0 0.6955078125 0.9718384697130712 0.052229817708333334 0.020191285866099893
1 0.9895833333333334 0.9659936238044633 0.020833333333333332 0.04250797024442083
0 0.00026041666666666666 0.0005313496280552603 0.0005208333333333333 0.0010626992561105207
1 0.2572509765625 0.031880977683315624 0.08333333333333333 0.040382571732199786
1 0.2572509765625 0.031880977683315624 0.08333333333333333 0.040382571732199786
1 0.9865641276041667 0.029116299149840597 0.026871744791666666 0.05823259829968119
1 0.9865641276041667 0.029116299149840597 0.026871744791666666 0.05823259829968119
0 0.8189900716145834 0.07332624867162593 0.020206705729166666 0.019128586609989374
0 0.8461181640625 0.07332624867162593 0.0236328125 0.019128586609989374
0 0.8742513020833333 0.07332624867162593 0.022216796875 0.019128586609989374
0 0.89947509765625 0.07332624867162593 0.017814127604166667 0.019128586609989374
0 0.9198404947916666 0.07332624867162593 0.0125 0.019128586609989374
0 0.9656494140625 0.07438894792773645 0.037451171875 0.021253985122210415
0 0.11631673177083333 0.14188695536663123 0.20138346354166667 0.024442082890541977
1 0.8828125 0.1434643995749203 0.08854166666666667 0.040382571732199786
1 0.8854166666666666 0.1434643995749203 0.08333333333333333 0.040382571732199786
1 0.9583333333333334 0.1434643995749203 0.052083333333333336 0.040382571732199786
0 0.60120849609375 0.22316684378320936 0.05752766927083333 0.040382571732199786
0 0.69581298828125 0.22316684378320936 0.10043131510416667 0.040382571732199786
0 0.7829386393229166 0.22316684378320936 0.04256998697916667 0.040382571732199786
0 0.8517130533854167 0.22316684378320936 0.06372884114583334 0.040382571732199786
0 0.9287679036458333 0.22316684378320936 0.059130859375 0.040382571732199786
1 0.9869791666666666 0.2226354941551541 0.026041666666666668 0.039319872476089264
1 0.9791666666666666 0.22316684378320936 0.010416666666666666 0.040382571732199786
1 0.9791666666666666 0.22316684378320936 0.010416666666666666 0.040382571732199786
1 0.9765625 0.22316684378320936 0.015625 0.040382571732199786
1 0.9046875 0.9277364505844846 0.029166666666666667 0.05951115834218916
1 0.9046875 0.8724760892667375 0.020833333333333332 0.053134962805526036
1 0.9046875 0.8671625929861849 0.020833333333333332 0.04250797024442083
1 0.9046875 0.8671625929861849 0.020833333333333332 0.04250797024442083
1 0.9046875 0.8193411264612115 0.020833333333333332 0.053134962805526036
1 0.9046875 0.8140276301806588 0.020833333333333332 0.04250797024442083
1 0.9046875 0.8140276301806588 0.020833333333333332 0.04250797024442083
1 0.9046875 0.7662061636556854 0.020833333333333332 0.053134962805526036
1 0.9046875 0.7608926673751328 0.020833333333333332 0.04250797024442083
1 0.9046875 0.7608926673751328 0.020833333333333332 0.04250797024442083
