0 0.21979573567708333 0.11477151965993623 0.0541748046875 0.01700318809776833
0 0.29922688802083336 0.11477151965993623 0.05603841145833333 0.01700318809776833
0 0.37908528645833334 0.11477151965993623 0.055029296875 0.01700318809776833
0 0.46145426432291664 0.11477151965993623 0.0610595703125 0.01700318809776833
0 0.5521525065104167 0.11477151965993623 0.07168782552083333 0.01700318809776833
0 0.6483439127604167 0.11477151965993623 0.0720458984375 0.01700318809776833
0 0.780517578125 0.11477151965993623 0.053548177083333336 0.01700318809776833
1 0.19791666666666666 0.1902231668437832 0.020833333333333332 0.04250797024442083
1 0.22916666666666666 0.1902231668437832 0.020833333333333332 0.04250797024442083
0 0.5 0.1902231668437832 0.2604166666666667 0.04250797024442083
1 0.7395222981770834 0.1902231668437832 0.0378173828125 0.02975557917109458
0 0.7880696614583333 0.1902231668437832 0.03844401041666667 0.05100956429330499
0 0.20194091796875 0.2635494155154091 0.018465169270833335 0.03825717321997875
0 0.22769775390625 0.2635494155154091 0.0226318359375 0.03825717321997875
0 0.24827067057291666 0.2635494155154091 0.008097330729166666 0.03825717321997875
0 0.2754638671875 0.2635494155154091 0.035872395833333334 0.03825717321997875
0 0.3069254557291667 0.2635494155154091 0.016634114583333335 0.03825717321997875
0 0.33536376953125 0.2635494155154091 0.029825846354166668 0.03825717321997875
0 0.36886393229166664 0.2635494155154091 0.0267578125 0.03825717321997875
0 0.40052897135416665 0.2635494155154091 0.026155598958333335 0.03825717321997875
0 0.4246826171875 0.2635494155154091 0.011735026041666667 0.03825717321997875
0 0.4628214518229167 0.2635494155154091 0.0541259765625 0.03825717321997875
0 0.513525390625 0.2635494155154091 0.036865234375 0.03825717321997875
0 0.5443562825520833 0.2635494155154091 0.0143798828125 0.03825717321997875
0 0.22015787760416666 0.3368756641870351 0.09656575520833334 0.019128586609989374
0 0.2728515625 0.4729011689691817 0.201953125 0.17215727948990436
0 0.2704264322916667 0.5982996811902231 0.19710286458333334 0.040382571732199786
0 0.25265299479166664 0.7352384431455898 0.14384765625 0.019128586609989374
0 0.22925211588541666 0.7819972104144527 0.041219075520833336 0.021253985122210415
0 0.26829427083333335 0.843633767268863 0.17513020833333334 0.044633368756641874
0 0.555810546875 0.5095975026567482 0.31927083333333334 0.36669766206163656
0 0.555810546875 0.7332126726886291 0.057454427083333336 0.019128586609989374
0 0.555810546875 0.7959119287991498 0.26443684895833336 0.053134962805526036
0 0.7803751627604166 0.41490933846971306 0.0954833984375 0.1093085812964931
0 0.77877197265625 0.5439525770456961 0.09227701822916666 0.10839532412327312
0 0.7790771484375 0.6364074123273114 0.037060546875 0.021253985122210415
0 0.7776774088541667 0.7618059245483528 0.090087890625 0.1381509032943677
0 0.7631510416666667 0.8574488575982997 0.06103515625 0.019128586609989374
0 0.24739583333333334 0.9792026434643996 0.15104166666666666 0.04159471307120085
0 0.415625 0.9792026434643996 0.15104166666666666 0.04159471307120085
0 0.5838541666666667 0.9792026434643996 0.15104166666666666 0.04159471307120085
0 0.75234375 0.9792026434643996 0.1515625 0.04159471307120085
