0 0.34100341796875 0.5148113708820404 0.3570068359375 0.12221041445270989
1 0.7646077473958334 0.47496014877789583 0.020833333333333332 0.04250797024442083
1 0.8104288736979167 0.47496014877789583 0.05414225260416667 0.04250797024442083
1 0.5 0.6301142401700319 0.675 0.07438894792773645
1 0.18736572265625 0.6301142401700319 0.0497314453125 0.07438894792773645
0 0.17903238932291668 0.6301142401700319 0.033064778645833334 0.01700318809776833
1 0.23179524739583332 0.6301142401700319 0.03912760416666667 0.07438894792773645
0 0.23179524739583332 0.6301142401700319 0.007877604166666666 0.01700318809776833
1 0.275927734375 0.6301142401700319 0.04913736979166667 0.07438894792773645
0 0.275927734375 0.6301142401700319 0.017887369791666666 0.01700318809776833
1 0.3288981119791667 0.6301142401700319 0.056803385416666664 0.07438894792773645
0 0.3288981119791667 0.6301142401700319 0.025553385416666668 0.01700318809776833
1 0.38420003255208335 0.6301142401700319 0.05380045572916667 0.07438894792773645
0 0.38420003255208335 0.6301142401700319 0.022550455729166665 0.01700318809776833
1 0.44357096354166664 0.6301142401700319 0.06494140625 0.07438894792773645
0 0.44357096354166664 0.6301142401700319 0.03369140625 0.01700318809776833
1 0.5190144856770833 0.6301142401700319 0.08594563802083334 0.07438894792773645
0 0.5190104166666667 0.6301142401700319 0.0546875 0.01700318809776833
1 0.58817138671875 0.6301142401700319 0.0523681640625 0.07438894792773645
0 0.5881673177083333 0.6301142401700319 0.021110026041666667 0.01700318809776833
1 0.6673583984375 0.6301142401700319 0.106005859375 0.07438894792773645
0 0.6673543294270833 0.6301142401700319 0.07474772135416667 0.01700318809776833
1 0.7617838541666667 0.6301142401700319 0.08284505208333333 0.07438894792773645
0 0.76177978515625 0.6301142401700319 0.0515869140625 0.01700318809776833
1 0.8120198567708333 0.6301142401700319 0.05096028645833333 0.07438894792773645
0 0.82764892578125 0.6301142401700319 0.0197021484375 0.01700318809776833
0 0.21354166666666666 0.9011025504782146 0.08541666666666667 0.04250797024442083
0 0.21354166666666666 0.9792441551540914 0.08541666666666667 0.04151168969181722
0 0.5572916666666666 0.8464067481402763 0.5604166666666667 0.3071865037194474
