0 0.08500569661458333 0.02975557917109458 0.12001139322916667 0.02975557917109458
13 0.14188639322916666 0.030818278427205102 0.00625 0.012752391073326248
0 0.5 0.02922422954303932 0.042708333333333334 0.05844845908607864
1 0.9485595703125 0.02922422954303932 0.06848958333333334 0.03825717321997875
0 0.9485595703125 0.02922422954303932 0.06848958333333334 0.03825717321997875
1 0.022916666666666665 0.08873538788522849 0.020833333333333332 0.05844845908607864
1 0.022916666666666665 0.08873538788522849 0.0125 0.025504782146652496
1 0.0234375 0.08289054197662062 0.010416666666666666 0.0010626992561105207
0 0.058854166666666666 0.08873538788522849 0.042708333333333334 0.05844845908607864
0 0.5 0.08873538788522849 0.16702473958333333 0.022316684378320937
1 0.9739583333333334 0.08873538788522849 0.027083333333333334 0.05844845908607864
1 0.9760416666666667 0.09032943676939426 0.022916666666666665 0.036131774707757705
13 0.9760416666666667 0.08820403825717323 0.016666666666666666 0.03400637619553666
2 0.99375 0.08820403825717323 0.0125 0.031880977683315624
0 0.49609375 0.37619553666312433 0.3125 0.4250797024442083
0 0.25729166666666664 0.25423419234856537 0.14635416666666667 0.13439824654622742
0 0.24878336588541666 0.7149558315621679 0.14808756510416668 0.20143132306057385
0 0.24878336588541666 0.8826215462274176 0.14808756510416668 0.05526036131774708
0 0.41353759765625 0.7149558315621679 0.14808756510416668 0.20143132306057385
0 0.41353759765625 0.8826215462274176 0.14808756510416668 0.05526036131774708
0 0.5782958984375 0.7149641339001063 0.148095703125 0.2014479277364506
0 0.5782958984375 0.8826381509032943 0.148095703125 0.05526036131774708
0 0.7550211588541667 0.22633833687566418 0.11197916666666667 0.023346174282678003
0 0.7550211588541667 0.27616896918172157 0.11197916666666667 0.07631509032943677
0 0.7550211588541667 0.3876361583421892 0.11197916666666667 0.023346174282678003
0 0.7550211588541667 0.42474760892667374 0.11197916666666667 0.050876726886291176
0 0.7530721028645834 0.5234956163655685 0.1080810546875 0.023346174282678003
0 0.7530721028645834 0.5478878852284803 0.1080810546875 0.025438363443145588
0 0.7550211588541667 0.6339167109458024 0.11197916666666667 0.023346174282678003
0 0.7550211588541667 0.6710281615302869 0.11197916666666667 0.050876726886291176
