1 0.9326334635416667 0.031880977683315624 0.015625 0.031880977683315624
0 0.9663167317708333 0.031880977683315624 0.036116536458333334 0.031880977683315624
2 0.4786458333333333 0.33528161530286926 0.33125 0.03506907545164718
2 0.6682291666666667 0.33528161530286926 0.036458333333333336 0.028692879914984058
0 0.5 0.4256110520722636 0.029345703125 0.015940488841657812
0 0.93680419921875 0.9739638682252922 0.0316162109375 0.052072263549415514
0 0.97552490234375 0.9739638682252922 0.0177001953125 0.052072263549415514
0 0.026725260416666667 0.9739638682252922 0.022200520833333334 0.052072263549415514
0 0.06110432942708333 0.9739638682252922 0.0184326171875 0.052072263549415514
0 0.09134928385416667 0.9739638682252922 0.013932291666666667 0.052072263549415514
