0 0.225 0.024442082890541977 0.09583333333333334 0.048884165781083955
0 0.3 0.024442082890541977 0.05416666666666667 0.048884165781083955
0 0.3541666666666667 0.024442082890541977 0.05416666666666667 0.048884165781083955
0 0.4083333333333333 0.024442082890541977 0.05416666666666667 0.048884165781083955
2 0.5397867838541667 0.024442082890541977 0.19832356770833334 0.02975557917109458
1 0.629833984375 0.023910733262486716 0.0078125 0.015940488841657812
1 0.6669270833333333 0.023379383634431455 0.03512369791666667 0.02763018065887354
1 0.7263142903645833 0.023379383634431455 0.06490071614583333 0.02763018065887354
1 0.7814656575520833 0.023910733262486716 0.0349853515625 0.04782146652497343
1 0.8109375 0.024442082890541977 0.023958333333333335 0.048884165781083955
0 0.6624471028645833 0.0334750265674814 0.042342122395833334 0.020191285866099893
1 0.796875 0.03400637619553666 0.020833333333333332 0.025504782146652496
1 0.5 0.3912559776833156 0.109375 0.048884165781083955
1 0.6716064453125 0.10945802337938364 0.039811197916666666 0.031880977683315624
1 0.7316121419270833 0.10945802337938364 0.0706298828125 0.031880977683315624
1 0.789501953125 0.11052072263549416 0.03557942708333333 0.031880977683315624
2 0.44056803385416665 0.6275239107332625 0.3125 0.048884165781083955
1 0.5837972005208333 0.6275239107332625 0.026041666666666668 0.048884165781083955
1 0.66986083984375 0.6269925611052072 0.0916259765625 0.048884165781083955
1 0.23957926432291668 0.8502507306057385 0.0300048828125 0.06122143995749203
1 0.2512939453125 0.9278194739638682 0.013020833333333334 0.023379383634431455
1 0.26431477864583336 0.9278194739638682 0.013020833333333334 0.023379383634431455
1 0.2773356119791667 0.9278194739638682 0.013020833333333334 0.023379383634431455
0 0.23957926432291668 0.9616099893730075 0.09374186197916666 0.020822263549415517
0 0.20006510416666667 0.980946134431456 0.014713541666666666 0.017850026567481404
1 0.34373779296875 0.8502507306057385 0.0300048828125 0.06122143995749203
1 0.35545247395833335 0.9278194739638682 0.013020833333333334 0.023379383634431455
1 0.36847330729166666 0.9278194739638682 0.013020833333333334 0.023379383634431455
1 0.381494140625 0.9278194739638682 0.013020833333333334 0.023379383634431455
0 0.34373779296875 0.9616099893730075 0.09374186197916666 0.020822263549415517
0 0.30645345052083334 0.980946134431456 0.019173177083333333 0.017850026567481404
1 0.4478963216145833 0.8502507306057385 0.0300048828125 0.06122143995749203
1 0.45961100260416665 0.9278194739638682 0.013020833333333334 0.023379383634431455
1 0.4726318359375 0.9278194739638682 0.013020833333333334 0.023379383634431455
1 0.48565266927083334 0.9278194739638682 0.013020833333333334 0.023379383634431455
0 0.4478963216145833 0.9616099893730075 0.09374186197916666 0.020822263549415517
0 0.41285807291666665 0.980946134431456 0.023665364583333334 0.017850026567481404
1 0.5520548502604167 0.8502507306057385 0.0300048828125 0.06122143995749203
1 0.56376953125 0.9278194739638682 0.013020833333333334 0.023379383634431455
1 0.5767903645833333 0.9278194739638682 0.013020833333333334 0.023379383634431455
1 0.5898111979166667 0.9278194739638682 0.013020833333333334 0.023379383634431455
0 0.5520548502604167 0.9616099893730075 0.09374186197916666 0.020822263549415517
0 0.5234822591145833 0.980946134431456 0.0365966796875 0.017850026567481404
1 0.65621337890625 0.8502507306057385 0.0300048828125 0.06122143995749203
1 0.6679280598958334 0.9278194739638682 0.013020833333333334 0.023379383634431455
1 0.6809488932291666 0.9278194739638682 0.013020833333333334 0.023379383634431455
1 0.6939697265625 0.9278194739638682 0.013020833333333334 0.023379383634431455
0 0.65621337890625 0.9616099893730075 0.09374186197916666 0.020822263549415517
0 0.6178304036458333 0.980946134431456 0.016975911458333333 0.017850026567481404
1 0.7603719075520833 0.8502507306057385 0.0300048828125 0.06122143995749203
1 0.7720865885416667 0.9278194739638682 0.013020833333333334 0.023379383634431455
1 0.785107421875 0.9278194739638682 0.013020833333333334 0.023379383634431455
1 0.7981282552083333 0.9278194739638682 0.013020833333333334 0.023379383634431455
0 0.7603719075520833 0.9616099893730075 0.09374186197916666 0.020822263549415517
0 0.7342122395833334 0.980946134431456 0.041422526041666664 0.017850026567481404
1 0.77193603515625 0.43304994686503717 0.030086263020833334 0.02763018065887354
1 0.80078125 0.43304994686503717 0.0109375 0.048884165781083955
1 0.5 0.8539867826780021 1.0 0.29202643464399575
1 0.4906494140625 0.8909570935175345 0.05887044270833333 0.021253985122210415
1 0.7669392903645833 0.8592919766206164 0.10533040364583333 0.153028692879915
1 0.7669392903645833 0.8082824123273114 0.10533040364583333 0.05100956429330499
1 0.7669392903645833 0.8592919766206164 0.10533040364583333 0.05100956429330499
1 0.7669392903645833 0.9103015409139213 0.10533040364583333 0.05100956429330499
