0 0.19895833333333332 0.06460049149840595 0.15625 0.07394062167906483
1 0.6658976236979167 0.06460049149840595 0.07417805989583333 0.07394062167906483
1 0.7272054036458333 0.06460049149840595 0.0484375 0.07394062167906483
1 0.7753824869791667 0.06460049149840595 0.04791666666666667 0.07394062167906483
1 0.8392537434895834 0.06460049149840595 0.07982584635416666 0.07394062167906483
1 0.4886067708333333 0.8791511689691818 0.006184895833333333 0.04782146652497343
1 0.5052083333333334 0.8791511689691818 0.006184895833333333 0.04782146652497343
1 0.5218098958333334 0.8791511689691818 0.006184895833333333 0.04782146652497343
1 0.11041666666666666 0.5240933846971307 0.020833333333333332 0.04250797024442083
1 0.19768880208333334 0.738260494155154 0.13287760416666666 0.07827444208289054
1 0.965625 0.7385261689691818 0.06875 0.07827444208289054
1 0.8895833333333333 0.5240933846971307 0.020833333333333332 0.04250797024442083
