0 0.041666666666666664 0.05100956429330499 0.041666666666666664 0.04250797024442083
8 0.2996337890625 0.05100956429330499 0.20135091145833334 0.05100956429330499
2 0.2996337890625 0.05100956429330499 0.20135091145833334 0.05100956429330499
2 0.2996337890625 0.05100956429330499 0.20135091145833334 0.05100956429330499
8 0.5009847005208333 0.05100956429330499 0.20135091145833334 0.05100956429330499
2 0.5009847005208333 0.05100956429330499 0.20135091145833334 0.05100956429330499
2 0.5009847005208333 0.05100956429330499 0.20135091145833334 0.05100956429330499
1 0.6162434895833333 0.05100956429330499 0.029166666666666667 0.05100956429330499
8 0.6994099934895833 0.04951514346439957 0.0788330078125 0.03825717321997875
1 0.6994099934895833 0.04951514346439957 0.0788330078125 0.03825717321997875
0 0.7773844401041666 0.04951514346439957 0.06044921875 0.03825717321997875
1 0.8450764973958333 0.04951514346439957 0.058268229166666664 0.03825717321997875
1 0.9038289388020834 0.05100956429330499 0.04256998697916667 0.04675876726886291
1 0.9552652994791667 0.05100956429330499 0.047802734375 0.04675876726886291
0 0.23339436848958334 0.10520722635494155 0.0719970703125 0.057385759829968117
1 0.2548095703125 0.10520722635494155 0.0125 0.025504782146652496
0 0.3100992838541667 0.10520722635494155 0.08141276041666666 0.057385759829968117
1 0.3362223307291667 0.10520722635494155 0.0125 0.025504782146652496
0 0.38921712239583334 0.10520722635494155 0.07682291666666667 0.057385759829968117
1 0.4130452473958333 0.10520722635494155 0.0125 0.025504782146652496
0 0.45228271484375 0.10520722635494155 0.04930826822916667 0.057385759829968117
1 0.462353515625 0.10520722635494155 0.0125 0.025504782146652496
1 0.20833333333333334 0.5483528161530287 0.022916666666666665 0.04675876726886291
1 0.20833333333333334 0.25362812167906484 0.005208333333333333 0.09492893198724761
1 0.20833333333333334 0.3591840462274176 0.005208333333333333 0.09492893198724761
1 0.20833333333333334 0.46473997077577045 0.005208333333333333 0.09492893198724761
0 0.27935791015625 0.32518597236981933 0.10454915364583334 0.05100956429330499
0 0.24149576822916666 0.6838469713071201 0.07049153645833334 0.020191285866099893
0 0.22135416666666666 0.9845908607863975 0.020833333333333332 0.030818278427205102
0 0.42412923177083334 0.9845908607863975 0.020833333333333332 0.030818278427205102
0 0.626904296875 0.9845908607863975 0.020833333333333332 0.030818278427205102
