1 0.01875 0.02975557917109458 0.020833333333333332 0.04250797024442083
0 0.08780110677083333 0.02975557917109458 0.10060221354166667 0.04250797024442083
0 0.5 0.02975557917109458 0.05416666666666667 0.03294367693942614
0 0.8556396484375 0.02975557917109458 0.12361653645833333 0.04250797024442083
1 0.9462239583333333 0.02975557917109458 0.02421875 0.01700318809776833
1 0.98125 0.02975557917109458 0.020833333333333332 0.04250797024442083
0 0.09329833984375 0.39744952178533477 0.04076334635416667 0.025504782146652496
9 0.03203125 0.45483528161530284 0.0640625 0.07863974495217853
0 0.028125 0.4622741764080765 0.05625 0.05100956429330499
9 0.13671875 0.45483528161530284 0.1453125 0.07863974495217853
0 0.13723958333333333 0.4622741764080765 0.12864583333333332 0.05100956429330499
9 0.28203125 0.45483528161530284 0.1453125 0.07863974495217853
0 0.2825520833333333 0.4622741764080765 0.12864583333333332 0.05100956429330499
9 0.42734375 0.45483528161530284 0.1453125 0.07863974495217853
0 0.4278645833333333 0.4622741764080765 0.12864583333333332 0.05100956429330499
9 0.57265625 0.45483528161530284 0.1453125 0.07863974495217853
0 0.5731770833333333 0.4622741764080765 0.12864583333333332 0.05100956429330499
9 0.71796875 0.45483528161530284 0.1453125 0.07863974495217853
0 0.7184895833333333 0.4622741764080765 0.12864583333333332 0.05100956429330499
9 0.86328125 0.45483528161530284 0.1453125 0.07863974495217853
0 0.8638020833333333 0.4622741764080765 0.12864583333333332 0.05100956429330499
9 0.96796875 0.45483528161530284 0.0640625 0.07863974495217853
0 0.9723958333333333 0.4622741764080765 0.05520833333333333 0.05100956429330499
1 0.9489583333333333 0.4580233793836344 0.01875 0.03825717321997875
8 0.5 0.5653310972369819 0.8333333333333334 0.0297057651434644
1 0.11067708333333333 0.5653310972369819 0.0546875 0.0297057651434644
1 0.10133056640625 0.5653310972369819 0.035994466145833334 0.016953374070138152
8 0.12870279947916666 0.5653310972369819 0.010416666666666666 0.0297057651434644
0 0.36107991536458334 0.8076265276301806 0.5554931640625 0.38474694473963866
1 0.7061197916666667 0.7321499734325186 0.08439127604166667 0.04250797024442083
1 0.875732421875 0.8107897183846972 0.08186848958333333 0.04675876726886291
