1 0.265625 0.3900106269925611 0.03125 0.06376195536663125
0 0.32317708333333334 0.3900106269925611 0.08385416666666666 0.06376195536663125
0 0.6203125 0.3884165781083953 0.01875 0.03825717321997875
0 0.6401041666666667 0.3884165781083953 0.01875 0.03825717321997875
0 0.6598958333333333 0.3884165781083953 0.01875 0.03825717321997875
0 0.6796875 0.3884165781083953 0.01875 0.03825717321997875
0 0.6994791666666667 0.3884165781083953 0.01875 0.03825717321997875
1 0.7192708333333333 0.3900106269925611 0.01875 0.03825717321997875
0 0.5 0.6726886291179596 0.5166666666666667 0.6546227417640808
1 0.725 0.8496778692879915 0.0625 0.026567481402763018
0 0.5196370442708333 0.9169849229543039 0.044938151041666666 0.01887951647183847
