0 0.06931559244791667 0.02497343251859724 0.11363118489583333 0.03400637619553666
0 0.16719156901041668 0.02523910733262487 0.0404541015625 0.05047821466524974
1 0.19679361979166668 0.02523910733262487 0.01875 0.05047821466524974
8 0.3013387044270833 0.29410201912858663 0.31499837239583334 0.48724760892667374
0 0.2314453125 0.02523910733262487 0.050553385416666666 0.05047821466524974
0 0.2775634765625 0.02523910733262487 0.04168294270833333 0.05047821466524974
0 0.3174845377604167 0.02523910733262487 0.0381591796875 0.05047821466524974
0 0.3613810221354167 0.02523910733262487 0.0496337890625 0.05047821466524974
1 0.39557291666666666 0.02523910733262487 0.01875 0.05047821466524974
8 0.4927734375 0.17933049946865037 0.31866861979166666 0.25770456960680127
0 0.44768880208333334 0.02523910733262487 0.08548177083333333 0.05047821466524974
0 0.5074666341145834 0.02523910733262487 0.034073893229166666 0.05047821466524974
2 0.32430419921875 0.0765143464399575 0.3236083984375 0.036131774707757705
1 0.5173583984375 0.0765143464399575 0.05 0.03825717321997875
1 0.8035685221354166 0.0765143464399575 0.0678466796875 0.03825717321997875
0 0.2933349609375 0.4075451647183847 0.102294921875 0.022316684378320937
0 0.39656982421875 0.4075451647183847 0.08334147135416667 0.022316684378320937
1 0.7238199869791667 0.4314558979808714 0.04833984375 0.053134962805526036
0 0.4981608072916667 0.5547290116896918 0.198876953125 0.021253985122210415
