0 0.3990071614583333 0.014661928799149841 0.031966145833333334 0.019128586609989374
0 0.6406005859375 0.014661928799149841 0.03798828125 0.019128586609989374
0 0.7208333333333333 0.0915249734325186 0.0875 0.0708355472901169
0 0.6927978515625 0.18369752922422955 0.03142903645833333 0.019128586609989374
0 0.6868123372395833 0.23131973963868224 0.0194580078125 0.019128586609989374
0 0.68751220703125 0.2551308448459086 0.020857747395833334 0.019128586609989374
0 0.694921875 0.278941950053135 0.03567708333333333 0.019128586609989374
0 0.6914388020833333 0.30275305526036134 0.0287109375 0.019128586609989374
0 0.7044189453125 0.3265641604675877 0.054671223958333334 0.019128586609989374
0 0.6828776041666667 0.35037526567481403 0.011588541666666667 0.019128586609989374
0 0.6882039388020833 0.3741863708820404 0.0222412109375 0.019128586609989374
0 0.69722900390625 0.3979974760892667 0.04029134114583333 0.019128586609989374
0 0.6956136067708333 0.42180858129649307 0.037060546875 0.019128586609989374
0 0.68819580078125 0.4694307917109458 0.022224934895833333 0.019128586609989374
0 0.6849609375 0.49324189691817216 0.015755208333333333 0.019128586609989374
0 0.68380126953125 0.5408641073326249 0.013435872395833333 0.019128586609989374
0 0.68240966796875 0.5646752125398512 0.010652669270833333 0.019128586609989374
0 0.46053873697916664 0.13836676408076515 0.045751953125 0.019128586609989374
0 0.43958740234375 0.15027231668437832 0.4041748046875 0.04293969181721573
0 0.5364908854166667 0.1621778692879915 0.081982421875 0.019128586609989374
0 0.24699300130208332 0.2029921625929862 0.018986002604166666 0.019128586609989374
0 0.2739990234375 0.2029921625929862 0.019921875 0.019128586609989374
0 0.30239664713541664 0.2029921625929862 0.021769205729166668 0.019128586609989374
0 0.3526692708333333 0.2029921625929862 0.063671875 0.019128586609989374
0 0.302880859375 0.308000132837407 0.031966145833333334 0.019128586609989374
0 0.4274983723958333 0.308000132837407 0.031966145833333334 0.019128586609989374
0 0.30983072916666665 0.3477517268862912 0.04586588541666667 0.019128586609989374
0 0.302880859375 0.38750332093517537 0.031966145833333334 0.019128586609989374
0 0.4029459635416667 0.38750332093517537 0.031966145833333334 0.019128586609989374
0 0.4877237955729167 0.38750332093517537 0.0310302734375 0.019128586609989374
0 0.31426595052083334 0.4272549149840595 0.019921875 0.019128586609989374
0 0.41700846354166665 0.4272549149840595 0.025016276041666667 0.019128586609989374
0 0.45552978515625 0.4272549149840595 0.025935872395833334 0.019128586609989374
0 0.5180338541666667 0.4272549149840595 0.05260416666666667 0.019128586609989374
0 0.612548828125 0.4272549149840595 0.05048828125 0.019128586609989374
0 0.3225626627604167 0.4510660201912859 0.07132975260416667 0.019128586609989374
0 0.25857340494791664 0.4950684112646121 0.04214680989583333 0.019128586609989374
0 0.2625 0.6147549149840595 0.019791666666666666 0.019128586609989374
0 0.29751383463541664 0.63600890010627 0.018986002604166666 0.019128586609989374
0 0.32451985677083334 0.63600890010627 0.019921875 0.019128586609989374
0 0.2625 0.7206263283740701 0.019791666666666666 0.019128586609989374
0 0.29751383463541664 0.7418803134962806 0.018986002604166666 0.019128586609989374
0 0.32451985677083334 0.7418803134962806 0.019921875 0.019128586609989374
0 0.2625 0.8289552337938364 0.019791666666666666 0.019128586609989374
0 0.29751383463541664 0.8502092189160467 0.018986002604166666 0.019128586609989374
0 0.32451985677083334 0.8502092189160467 0.019921875 0.019128586609989374
