0 0.63125 0.11105207226354942 0.03125 0.05844845908607864
0 0.3756022135416667 0.16153028692879914 0.032454427083333334 0.02975557917109458
0 0.38992919921875 0.30818278427205104 0.0611083984375 0.02763018065887354
0 0.44879150390625 0.30818278427205104 0.04965006510416667 0.02763018065887354
0 0.4128621419270833 0.49840595111583424 0.023982747395833334 0.012752391073326248
0 0.4477783203125 0.49840595111583424 0.020377604166666667 0.012752391073326248
0 0.47659098307291664 0.49840595111583424 0.011775716145833334 0.012752391073326248
0 0.5034423828125 0.49840595111583424 0.016455078125 0.012752391073326248
0 0.5288614908854167 0.49840595111583424 0.0089111328125 0.012752391073326248
0 0.5519978841145833 0.49840595111583424 0.0118896484375 0.012752391073326248
0 0.57694091796875 0.49840595111583424 0.0125244140625 0.012752391073326248
0 0.6016194661458333 0.49840595111583424 0.011360677083333333 0.012752391073326248
0 0.6294270833333333 0.49840595111583424 0.018782552083333334 0.012752391073326248
