1 0.17760416666666667 0.025504782146652496 0.025 0.05100956429330499
2 0.6254801432291667 0.026036131774707757 0.07708333333333334 0.021253985122210415
1 0.6692301432291666 0.026036131774707757 0.010416666666666666 0.021253985122210415
1 0.7416463216145833 0.025504782146652496 0.07608235677083333 0.03825717321997875
0 0.809375 0.025504782146652496 0.03854166666666667 0.021253985122210415
0 0.24773763020833334 0.1422356535600425 0.15276692708333334 0.09743623804463337
0 0.5468058268229167 0.1760759829968119 0.05078938802083333 0.015940488841657812
0 0.61346435546875 0.1760759829968119 0.0554443359375 0.01700318809776833
0 0.6690958658854167 0.1760759829968119 0.0474853515625 0.01700318809776833
0 0.7297526041666667 0.1760759829968119 0.04674479166666667 0.02975557917109458
0 0.7705729166666667 0.1760759829968119 0.0078125 0.025504782146652496
0 0.78671875 0.1760759829968119 0.0078125 0.015940488841657812
0 0.8028645833333333 0.1760759829968119 0.0078125 0.015940488841657812
0 0.81953125 0.1760759829968119 0.008854166666666666 0.015940488841657812
0 0.20033365885416668 0.6043437832093518 0.057958984375 0.023379383634431455
0 0.38784586588541664 0.7467454835281615 0.4329833984375 0.24867162592986186
0 0.27699381510416665 0.9125265674814028 0.211279296875 0.05100956429330499
0 0.49868977864583336 0.9125265674814028 0.211279296875 0.05100956429330499
0 0.27699381510416665 0.9796426673751328 0.211279296875 0.04071466524973433
0 0.49868977864583336 0.9796426673751328 0.211279296875 0.04071466524973433
0 0.7243001302083333 0.7127972236981934 0.20867513020833334 0.24028626461211477
0 0.6314127604166667 0.8584451381509033 0.022900390625 0.023379383634431455
0 0.7243001302083333 0.9147681987247609 0.20867513020833334 0.07226354941551541
0 0.7243001302083333 0.9770440356004251 0.20867513020833334 0.04591192879914984
1 0.7524698893229167 0.944739638682253 0.1232177734375 0.05419766206163656
1 0.7524698893229167 0.944739638682253 0.04925944010416667 0.028692879914984058
