0 0.19533284505208334 0.020191285866099893 0.021915690104166666 0.028692879914984058
0 0.24424641927083332 0.020191285866099893 0.044661458333333334 0.028692879914984058
0 0.30319417317708336 0.020191285866099893 0.04198404947916667 0.028692879914984058
0 0.3538736979166667 0.020191285866099893 0.028125 0.028692879914984058
0 0.25625 0.048352816153028694 0.052083333333333336 0.018065887353878853
0 0.30833333333333335 0.048352816153028694 0.052083333333333336 0.018065887353878853
0 0.196875 0.08076514346439957 0.026041666666666668 0.05526036131774708
2 0.604443359375 0.08076514346439957 0.18489583333333334 0.04569606801275239
0 0.7187662760416667 0.08076514346439957 0.0125 0.025504782146652496
1 0.7494873046875 0.08076514346439957 0.016650390625 0.021253985122210415
1 0.7494873046875 0.08076514346439957 0.016650390625 0.021253985122210415
1 0.7494873046875 0.08076514346439957 0.016650390625 0.021253985122210415
0 0.7494873046875 0.08395324123273114 0.015608723958333333 0.02763018065887354
1 0.7924479166666667 0.08076514346439957 0.0484375 0.03506907545164718
1 0.011458333333333333 0.461211477151966 0.015625 0.031880977683315624
1 0.7607747395833333 0.718384697130712 0.03942057291666667 0.03825717321997875
1 0.7607747395833333 0.718384697130712 0.03942057291666667 0.03825717321997875
1 0.7607747395833333 0.718384697130712 0.03942057291666667 0.03506907545164718
1 0.7607747395833333 0.718384697130712 0.021712239583333334 0.03294367693942614
1 0.9760416666666667 0.1594048884165781 0.023958333333333335 0.048884165781083955
1 0.9885416666666667 0.461211477151966 0.015625 0.031880977683315624
12 0.5 0.7715196599362381 1.0 0.01700318809776833
1 0.4778645833333333 0.7720510095642933 0.03125 0.009564293304994687
1 0.5 0.7720510095642933 0.0046875 0.009564293304994687
1 0.5088541666666667 0.7720510095642933 0.0046875 0.009564293304994687
1 0.5177083333333333 0.7720510095642933 0.0046875 0.009564293304994687
1 0.5265543619791667 0.7720510095642933 0.0046875 0.009564293304994687
1 0.5354085286458333 0.7720510095642933 0.0046875 0.009564293304994687
1 0.5395467122395833 0.23597735122210414 0.0718017578125 0.04455034537725824
1 0.4625651041666667 0.23597735122210414 0.0703125 0.04455034537725824
1 0.6973958333333333 0.1254981402763018 0.022916666666666665 0.04675876726886291
