0 0.21702067057291666 0.8212838735387885 0.05606282552083333 0.019128586609989374
1 0.20025227864583334 0.8705831562167906 0.08487955729166667 0.0246413390010627
1 0.22942708333333334 0.9334816684378321 0.14322916666666666 0.041644527098831034
0 0.20911458333333333 0.18590595111583422 0.06822916666666666 0.040382571732199786
0 0.69188232421875 0.1893680260361318 0.06898600260416667 0.04079768862911796
1 0.7621907552083333 0.1893680260361318 0.052880859375 0.04079768862911796
0 0.81358642578125 0.1893680260361318 0.031160481770833335 0.04079768862911796
8 0.21203206380208334 0.24823160201912858 0.0823974609375 0.04079768862911796
1 0.21203206380208334 0.24823160201912858 0.0823974609375 0.04079768862911796
8 0.30160725911458336 0.24823160201912858 0.08841959635416667 0.04079768862911796
1 0.30160725911458336 0.24823160201912858 0.08841959635416667 0.04079768862911796
8 0.38989664713541666 0.24823160201912858 0.07982584635416666 0.04079768862911796
1 0.38989664713541666 0.24823160201912858 0.07982584635416666 0.04079768862911796
0 0.4637980143229167 0.24823160201912858 0.04922688802083333 0.04079768862911796
0 0.73045654296875 0.24823160201912858 0.08882649739583333 0.04079768862911796
0 0.8067057291666667 0.24823160201912858 0.044921875 0.04079768862911796
0 0.30038655598958336 0.39084086078639746 0.21743977864583333 0.11689691817215728
0 0.23485514322916667 0.945196267268863 0.11971028645833333 0.10960746546227418
0 0.35462646484375 0.9264246811902231 0.0959228515625 0.07206429330499468
0 0.49764404296875 0.9264246811902231 0.1186279296875 0.07206429330499468
0 0.6258626302083333 0.9264246811902231 0.11173502604166667 0.07206429330499468
0 0.763330078125 0.872442879914984 0.12333984375 0.25511424017003187
