0 0.023164876302083335 0.973432518597237 0.0359130859375 0.031880977683315624
0 0.06276041666666667 0.973432518597237 0.032861328125 0.031880977683315624
0 0.34755045572916665 0.03294367693942614 0.0501953125 0.03825717321997875
0 0.40817464192708336 0.03294367693942614 0.06688639322916666 0.03825717321997875
0 0.4630045572916667 0.03294367693942614 0.03860677083333333 0.03825717321997875
0 0.5062052408854166 0.03294367693942614 0.0436279296875 0.03825717321997875
0 0.5497843424479166 0.03294367693942614 0.03936360677083333 0.03825717321997875
0 0.615625 0.03294367693942614 0.041666666666666664 0.03825717321997875
0 0.659375 0.03294367693942614 0.041666666666666664 0.03825717321997875
0 0.7375 0.03294367693942614 0.06666666666666667 0.03825717321997875
2 0.4822916666666667 0.10095642933049948 0.50625 0.026567481402763018
1 0.5972208658854167 0.34537725823591925 0.06944173177083333 0.04250797024442083
1 0.66666259765625 0.34537725823591925 0.06944173177083333 0.04250797024442083
1 0.7361043294270834 0.34537725823591925 0.06944173177083333 0.04250797024442083
0 0.25930582682291664 0.1742826780021254 0.0602783203125 0.053134962805526036
0 0.32037353515625 0.1742826780021254 0.05352376302083333 0.053134962805526036
0 0.41077067057291666 0.1742826780021254 0.11893717447916667 0.053134962805526036
0 0.51199951171875 0.1742826780021254 0.07518717447916666 0.053134962805526036
0 0.6037923177083333 0.1742826780021254 0.10006510416666667 0.053134962805526036
0 0.6949503580729167 0.1742826780021254 0.07391764322916666 0.053134962805526036
0 0.7600911458333334 0.1742826780021254 0.04803059895833333 0.053134962805526036
0 0.8316243489583334 0.1742826780021254 0.08670247395833333 0.053134962805526036
0 0.91802978515625 0.1742826780021254 0.07777506510416667 0.053134962805526036
0 0.9805419921875 0.1742826780021254 0.038916015625 0.053134962805526036
0 0.29453125 0.5106269925611052 0.13072916666666667 0.2667375132837407
0 0.4315104166666667 0.5106269925611052 0.13072916666666667 0.2667375132837407
0 0.29453125 0.7901168969181721 0.13072916666666667 0.2667375132837407
0 0.4315104166666667 0.7901168969181721 0.13072916666666667 0.2667375132837407
0 0.5684895833333333 0.8746014877789585 0.13072916666666667 0.2507970244420829
0 0.70546875 0.8597236981934112 0.13072916666666667 0.22104144527098832
0 0.29453125 0.9681190223166843 0.13072916666666667 0.06376195536663125
0 0.4315104166666667 0.9681190223166843 0.13072916666666667 0.06376195536663125
0 0.70546875 0.9914984059511158 0.13072916666666667 0.01700318809776833
0 0.6364583333333333 0.5589798087141339 0.26666666666666666 0.36344314558979807
