0 0.00026041666666666666 0.0005313496280552603 0.0005208333333333333 0.0010626992561105207
0 0.17858479817708334 0.025504782146652496 0.2988362630208333 0.025504782146652496
0 0.22239583333333332 0.11477151965993623 0.13645833333333332 0.05951115834218916
0 0.5805135091145833 0.09670563230605739 0.0614013671875 0.023379383634431455
0 0.6403279622395833 0.09670563230605739 0.0582275390625 0.023379383634431455
0 0.6985066731770834 0.09670563230605739 0.0581298828125 0.023379383634431455
1 0.7589803059895833 0.09776833156216791 0.0628173828125 0.023379383634431455
1 0.7556477864583333 0.09723698193411265 0.03948567708333333 0.018065887353878853
8 0.82227783203125 0.09893065887353879 0.04711100260416667 0.027829436769394263
1 0.8264444986979167 0.09893065887353879 0.038777669270833336 0.027829436769394263
11 0.4751383463541667 0.1346307120085016 0.070068359375 0.03400637619553666
8 0.4751383463541667 0.1346307120085016 0.070068359375 0.03400637619553666
11 0.5395222981770833 0.1346307120085016 0.058699544270833334 0.03400637619553666
8 0.5395222981770833 0.1346307120085016 0.058699544270833334 0.03400637619553666
11 0.6099853515625 0.1346307120085016 0.0822265625 0.03400637619553666
8 0.6099853515625 0.1346307120085016 0.0822265625 0.03400637619553666
11 0.6982137044270833 0.1346307120085016 0.09423014322916666 0.03400637619553666
8 0.6982137044270833 0.1346307120085016 0.09423014322916666 0.03400637619553666
11 0.7872477213541667 0.1346307120085016 0.083837890625 0.03400637619553666
8 0.7872477213541667 0.1346307120085016 0.083837890625 0.03400637619553666
1 0.22019856770833332 0.7011739505844846 0.09248046875 0.04717388416578108
0 0.26845703125 0.9623904091392136 0.07062174479166666 0.021253985122210415
1 0.8122395833333333 0.9565455632306057 0.019270833333333334 0.03589930924548353
1 0.8109375 0.9565455632306057 0.016666666666666666 0.03400637619553666
