0 0.010416666666666666 0.010626992561105207 0.020833333333333332 0.021253985122210415
1 0.59072265625 0.026567481402763018 0.09560546875 0.031880977683315624
1 0.6037434895833333 0.026567481402763018 0.06956380208333333 0.031880977683315624
1 0.6037434895833333 0.026567481402763018 0.046647135416666666 0.01700318809776833
1 0.6037434895833333 0.026567481402763018 0.046647135416666666 0.01700318809776833
1 0.59072265625 0.026567481402763018 0.09560546875 0.031880977683315624
1 0.6037434895833333 0.026567481402763018 0.06956380208333333 0.031880977683315624
1 0.6037434895833333 0.026567481402763018 0.046647135416666666 0.01700318809776833
1 0.6037434895833333 0.026567481402763018 0.046647135416666666 0.01700318809776833
8 0.5 0.077577045696068 0.5729166666666666 0.048884165781083955
11 0.44586588541666666 0.077577045696068 0.10743815104166667 0.048884165781083955
0 0.44586588541666666 0.077577045696068 0.10743815104166667 0.048884165781083955
11 0.5423787434895834 0.077577045696068 0.08558756510416667 0.048884165781083955
0 0.5423787434895834 0.077577045696068 0.08558756510416667 0.048884165781083955
11 0.6255655924479167 0.077577045696068 0.0807861328125 0.048884165781083955
0 0.6255655924479167 0.077577045696068 0.0807861328125 0.048884165781083955
11 0.6799153645833333 0.077577045696068 0.027913411458333332 0.048884165781083955
0 0.6799153645833333 0.077577045696068 0.027913411458333332 0.048884165781083955
11 0.7177815755208333 0.077577045696068 0.04781901041666667 0.048884165781083955
0 0.7177815755208333 0.077577045696068 0.04781901041666667 0.048884165781083955
11 0.76407470703125 0.077577045696068 0.04476725260416667 0.048884165781083955
0 0.76407470703125 0.077577045696068 0.04476725260416667 0.048884165781083955
0 0.23958333333333334 0.14633700850159406 0.052083333333333336 0.054098034006376194
11 0.36965738932291664 0.14452709883103082 0.0778564453125 0.07970244420828905
0 0.36965738932291664 0.14452709883103082 0.07264811197916667 0.06907545164718384
11 0.36965738932291664 0.14452709883103082 0.0622314453125 0.04782146652497343
8 0.3478190104166667 0.14452709883103082 0.008138020833333334 0.026567481402763018
8 0.27610677083333335 0.3405951115834219 0.10950520833333334 0.21679064824654623
11 0.27610677083333335 0.2502656748140276 0.10950520833333334 0.036131774707757705
0 0.27610677083333335 0.2502656748140276 0.10950520833333334 0.036131774707757705
11 0.27610677083333335 0.2863974495217853 0.10950520833333334 0.036131774707757705
0 0.27610677083333335 0.2863974495217853 0.10950520833333334 0.036131774707757705
11 0.27610677083333335 0.32252922422954305 0.10950520833333334 0.036131774707757705
0 0.27610677083333335 0.32252922422954305 0.10950520833333334 0.036131774707757705
11 0.27610677083333335 0.35866099893730075 0.10950520833333334 0.036131774707757705
0 0.27610677083333335 0.35866099893730075 0.10950520833333334 0.036131774707757705
11 0.27610677083333335 0.39479277364505844 0.10950520833333334 0.036131774707757705
0 0.27610677083333335 0.39479277364505844 0.10950520833333334 0.036131774707757705
11 0.27610677083333335 0.43092454835281613 0.10950520833333334 0.036131774707757705
0 0.27610677083333335 0.43092454835281613 0.10950520833333334 0.036131774707757705
8 0.4140543619791667 0.32252922422954305 0.13513997395833333 0.1806588735387885
11 0.4140543619791667 0.2502656748140276 0.13513997395833333 0.036131774707757705
0 0.4140543619791667 0.2502656748140276 0.13513997395833333 0.036131774707757705
11 0.4140543619791667 0.2863974495217853 0.13513997395833333 0.036131774707757705
0 0.4140543619791667 0.2863974495217853 0.13513997395833333 0.036131774707757705
11 0.4140543619791667 0.32252922422954305 0.13513997395833333 0.036131774707757705
0 0.4140543619791667 0.32252922422954305 0.13513997395833333 0.036131774707757705
11 0.4140543619791667 0.35866099893730075 0.13513997395833333 0.036131774707757705
0 0.4140543619791667 0.35866099893730075 0.13513997395833333 0.036131774707757705
11 0.4140543619791667 0.39479277364505844 0.13513997395833333 0.036131774707757705
0 0.4140543619791667 0.39479277364505844 0.13513997395833333 0.036131774707757705
8 0.5663248697916666 0.3767268862911796 0.13815104166666667 0.28905419766206164
11 0.5663248697916666 0.2502656748140276 0.13815104166666667 0.036131774707757705
0 0.5663248697916666 0.2502656748140276 0.13815104166666667 0.036131774707757705
11 0.5663248697916666 0.2863974495217853 0.13815104166666667 0.036131774707757705
0 0.5663248697916666 0.2863974495217853 0.13815104166666667 0.036131774707757705
11 0.5663248697916666 0.32252922422954305 0.13815104166666667 0.036131774707757705
0 0.5663248697916666 0.32252922422954305 0.13815104166666667 0.036131774707757705
11 0.5663248697916666 0.35866099893730075 0.13815104166666667 0.036131774707757705
0 0.5663248697916666 0.35866099893730075 0.13815104166666667 0.036131774707757705
11 0.5663248697916666 0.39479277364505844 0.13815104166666667 0.036131774707757705
0 0.5663248697916666 0.39479277364505844 0.13815104166666667 0.036131774707757705
11 0.5663248697916666 0.43092454835281613 0.13815104166666667 0.036131774707757705
0 0.5663248697916666 0.43092454835281613 0.13815104166666667 0.036131774707757705
11 0.5663248697916666 0.4670563230605739 0.13815104166666667 0.036131774707757705
0 0.5663248697916666 0.4670563230605739 0.13815104166666667 0.036131774707757705
11 0.5663248697916666 0.5031880977683315 0.13815104166666667 0.036131774707757705
0 0.5663248697916666 0.5031880977683315 0.13815104166666667 0.036131774707757705
1 0.7148274739583333 0.3440156748140276 0.12760416666666666 0.048884165781083955
1 0.6996256510416666 0.3440156748140276 0.09720052083333333 0.048884165781083955
1 0.6996256510416666 0.3440156748140276 0.06595052083333333 0.01700318809776833
1 0.6996256510416666 0.3440156748140276 0.06595052083333333 0.01700318809776833
11 0.44432373046875 0.14452709883103082 0.07147623697916666 0.07970244420828905
0 0.44432373046875 0.14452709883103082 0.06626790364583333 0.06907545164718384
11 0.44432373046875 0.14452709883103082 0.05585123697916667 0.04782146652497343
8 0.42567545572916665 0.14452709883103082 0.008138020833333334 0.026567481402763018
8 0.28515625 0.34484590860786396 0.12239583333333333 0.24442082890541977
11 0.28515625 0.24707757704569608 0.12239583333333333 0.048884165781083955
0 0.28515625 0.24707757704569608 0.12239583333333333 0.048884165781083955
11 0.28515625 0.29596174282678 0.12239583333333333 0.048884165781083955
0 0.28515625 0.29596174282678 0.12239583333333333 0.048884165781083955
11 0.28515625 0.34484590860786396 0.12239583333333333 0.048884165781083955
0 0.28515625 0.34484590860786396 0.12239583333333333 0.048884165781083955
11 0.28515625 0.3937300743889479 0.12239583333333333 0.048884165781083955
0 0.28515625 0.3937300743889479 0.12239583333333333 0.048884165781083955
11 0.28515625 0.44261424017003187 0.12239583333333333 0.048884165781083955
0 0.28515625 0.44261424017003187 0.12239583333333333 0.048884165781083955
8 0.4283854166666667 0.36928799149840597 0.12239583333333333 0.29330499468650373
11 0.4283854166666667 0.24707757704569608 0.12239583333333333 0.048884165781083955
0 0.4283854166666667 0.24707757704569608 0.12239583333333333 0.048884165781083955
11 0.4283854166666667 0.29596174282678 0.12239583333333333 0.048884165781083955
0 0.4283854166666667 0.29596174282678 0.12239583333333333 0.048884165781083955
11 0.4283854166666667 0.34484590860786396 0.12239583333333333 0.048884165781083955
0 0.4283854166666667 0.34484590860786396 0.12239583333333333 0.048884165781083955
11 0.4283854166666667 0.3937300743889479 0.12239583333333333 0.048884165781083955
0 0.4283854166666667 0.3937300743889479 0.12239583333333333 0.048884165781083955
11 0.4283854166666667 0.44261424017003187 0.12239583333333333 0.048884165781083955
0 0.4283854166666667 0.44261424017003187 0.12239583333333333 0.048884165781083955
11 0.4283854166666667 0.4914984059511158 0.12239583333333333 0.048884165781083955
0 0.4283854166666667 0.4914984059511158 0.12239583333333333 0.048884165781083955
8 0.5716145833333334 0.34484590860786396 0.12239583333333333 0.24442082890541977
11 0.5716145833333334 0.24707757704569608 0.12239583333333333 0.048884165781083955
0 0.5716145833333334 0.24707757704569608 0.12239583333333333 0.048884165781083955
11 0.5716145833333334 0.29596174282678 0.12239583333333333 0.048884165781083955
0 0.5716145833333334 0.29596174282678 0.12239583333333333 0.048884165781083955
11 0.5716145833333334 0.34484590860786396 0.12239583333333333 0.048884165781083955
0 0.5716145833333334 0.34484590860786396 0.12239583333333333 0.048884165781083955
11 0.5716145833333334 0.3937300743889479 0.12239583333333333 0.048884165781083955
0 0.5716145833333334 0.3937300743889479 0.12239583333333333 0.048884165781083955
11 0.5716145833333334 0.44261424017003187 0.12239583333333333 0.048884165781083955
0 0.5716145833333334 0.44261424017003187 0.12239583333333333 0.048884165781083955
0 0.71484375 0.2949488575982997 0.12239583333333333 0.020191285866099893
0 0.6795979817708333 0.38575982996811903 0.051904296875 0.020191285866099893
11 0.5047281901041667 0.14452709883103082 0.049332682291666666 0.07970244420828905
0 0.5047281901041667 0.14452709883103082 0.04412434895833333 0.06907545164718384
11 0.5047281901041667 0.14452709883103082 0.033707682291666666 0.02719845908607864
11 0.5625081380208333 0.14452709883103082 0.06622721354166666 0.07970244420828905
0 0.5625081380208333 0.14452709883103082 0.061018880208333334 0.06907545164718384
11 0.5625081380208333 0.14452709883103082 0.05060221354166667 0.02719845908607864
11 0.6304850260416667 0.14452709883103082 0.0697265625 0.07970244420828905
0 0.6304850260416667 0.14452709883103082 0.06451822916666666 0.06907545164718384
11 0.6304850260416667 0.14452709883103082 0.0541015625 0.02719845908607864
11 0.6934000651041666 0.14452709883103082 0.056103515625 0.07970244420828905
0 0.6934000651041666 0.14452709883103082 0.05089518229166667 0.06907545164718384
11 0.6934000651041666 0.14452709883103082 0.040478515625 0.04782146652497343
8 0.6824381510416667 0.14452709883103082 0.008138020833333334 0.026567481402763018
11 0.717431640625 0.20860454303931988 0.10416666666666667 0.04845244420828906
0 0.717431640625 0.20860454303931988 0.10416666666666667 0.04845244420828906
11 0.717431640625 0.20860454303931988 0.09375 0.02719845908607864
11 0.717431640625 0.25705698724760895 0.10416666666666667 0.04845244420828906
0 0.717431640625 0.25705698724760895 0.10416666666666667 0.04845244420828906
11 0.717431640625 0.25705698724760895 0.09375 0.02719845908607864
11 0.717431640625 0.305509431455898 0.10416666666666667 0.04845244420828906
0 0.717431640625 0.305509431455898 0.10416666666666667 0.04845244420828906
11 0.717431640625 0.305509431455898 0.09375 0.02719845908607864
11 0.7513509114583333 0.14452709883103082 0.059798177083333334 0.07970244420828905
0 0.7513509114583333 0.14452709883103082 0.05458984375 0.06907545164718384
11 0.7513509114583333 0.14452709883103082 0.044173177083333334 0.02719845908607864
1 0.24956461588541667 0.5194440754516472 0.0720458984375 0.04250797024442083
0 0.3100667317708333 0.5191285866099894 0.03229166666666667 0.020191285866099893
0 0.6231770833333333 0.42720510095642933 0.3125 0.4250797024442083
13 0.2659383138020833 0.8968185441020191 0.09437662760416667 0.04845244420828906
13 0.34658203125 0.8968185441020191 0.06691080729166667 0.04845244420828906
13 0.4288330078125 0.8968185441020191 0.09759114583333334 0.04845244420828906
13 0.5163289388020833 0.8968185441020191 0.07740071614583334 0.04845244420828906
13 0.59854736328125 0.8968185441020191 0.0870361328125 0.04845244420828906
13 0.687255859375 0.8968185441020191 0.090380859375 0.04845244420828906
