1 0.990283203125 0.793471041445271 0.0125 0.025504782146652496
0 0.7675252278645833 0.859192348565356 0.0378662109375 0.015940488841657812
0 0.4170125325520833 0.8761955366631243 0.8090250651041667 0.015940488841657812
5 0.055013020833333336 0.9075451647183846 0.08502604166666666 0.023379383634431455
5 0.13308919270833333 0.9075451647183846 0.07112630208333333 0.023379383634431455
5 0.19535319010416666 0.9075451647183846 0.05340169270833333 0.023379383634431455
1 0.9065958658854166 0.8868225292242295 0.16180826822916666 0.17534537725823593
1 0.9065958658854166 0.8262486716259299 0.1545166015625 0.04675876726886291
1 0.9065958658854166 0.8868225292242295 0.1545166015625 0.04675876726886291
1 0.9065958658854166 0.9473963868225292 0.1545166015625 0.04675876726886291
0 0.04375 0.03400637619553666 0.0625 0.031880977683315624
2 0.5 0.03400637619553666 0.22916666666666666 0.04250797024442083
1 0.5989583333333334 0.03400637619553666 0.016666666666666666 0.03400637619553666
1 0.8178629557291667 0.03400637619553666 0.05078125 0.04250797024442083
1 0.8994099934895833 0.03400637619553666 0.09564615885416666 0.04250797024442083
1 0.971533203125 0.03400637619553666 0.03193359375 0.04250797024442083
1 0.014583333333333334 0.10626992561105207 0.020833333333333332 0.04250797024442083
0 0.0371826171875 0.10626992561105207 0.043115234375 0.04250797024442083
0 0.09478352864583334 0.10626992561105207 0.06375325520833333 0.04250797024442083
0 0.15904541015625 0.10626992561105207 0.056437174479166664 0.04250797024442083
0 0.23006998697916667 0.10626992561105207 0.07727864583333334 0.04250797024442083
0 0.30707194010416666 0.10626992561105207 0.06839192708333333 0.04250797024442083
0 0.3822224934895833 0.10626992561105207 0.07357584635416667 0.04250797024442083
0 0.46148681640625 0.10626992561105207 0.07661946614583333 0.04250797024442083
0 0.5319539388020833 0.10626992561105207 0.0559814453125 0.04250797024442083
0 0.5923583984375 0.10626992561105207 0.056494140625 0.04250797024442083
0 0.6589640299479167 0.10626992561105207 0.0683837890625 0.04250797024442083
0 0.77125244140625 0.10626992561105207 0.14785970052083333 0.04250797024442083
0 0.90960693359375 0.10626992561105207 0.12051595052083333 0.04250797024442083
0 0.9870157877604167 0.10626992561105207 0.025968424479166665 0.04250797024442083
1 0.9854166666666667 0.10626992561105207 0.020833333333333332 0.04250797024442083
0 0.19921875 0.7608926673751328 0.19010416666666666 0.34006376195536664
0 0.19921875 0.8836344314558979 0.19427083333333334 0.022316684378320937
0 0.3997395833333333 0.7608926673751328 0.19010416666666666 0.34006376195536664
0 0.3997395833333333 0.8836344314558979 0.19427083333333334 0.022316684378320937
0 0.6002604166666666 0.7608926673751328 0.19010416666666666 0.34006376195536664
0 0.6002604166666666 0.8836344314558979 0.19427083333333334 0.022316684378320937
0 0.80078125 0.7608926673751328 0.19010416666666666 0.34006376195536664
0 0.80078125 0.8836344314558979 0.19427083333333334 0.022316684378320937
0 0.8841227213541667 0.9970775770456961 0.027587890625 0.005844845908607864
