0 0.25 0.035600425079702444 0.07083333333333333 0.04569606801275239
1 0.38428141276041666 0.03825717321997875 0.0702392578125 0.06907545164718384
1 0.45409749348958334 0.03825717321997875 0.0673095703125 0.06907545164718384
0 0.5215494791666667 0.03825717321997875 0.06551106770833333 0.06907545164718384
1 0.5931966145833333 0.03825717321997875 0.07569986979166667 0.06907545164718384
1 0.7401041666666667 0.04675876726886291 0.090625 0.05526036131774708
1 0.7166666666666667 0.039319872476089264 0.04375 0.040382571732199786
1 0.7635416666666667 0.039319872476089264 0.04375 0.040382571732199786
1 0.23880208333333333 0.4931588735387885 0.0484375 0.03719447396386823
1 0.9770833333333333 0.3576813230605739 0.022097142537434895 0.045086494794434114
1 0.022916666666666665 0.3576813230605739 0.022097086906433104 0.045086494794434114
1 0.49583333333333335 0.5963403294367694 0.008333333333333333 0.01700318809776833
1 0.5145833333333333 0.5963403294367694 0.008333333333333333 0.01700318809776833
1 0.73123779296875 0.7217305393198725 0.0875244140625 0.038240568544102016
0 0.38743896484375 0.9617428267800212 0.13741048177083334 0.021253985122210415
1 0.6005940755208333 0.9362380446333688 0.09181315104166667 0.0765143464399575
1 0.6005940755208333 0.9362380446333688 0.09181315104166667 0.0765143464399575
1 0.6005940755208333 0.9362297422954304 0.09181315104166667 0.03910401168969182
