1 0.21875 0.01700318809776833 0.08854166666666667 0.03400637619553666
8 0.21875 0.01700318809776833 0.08854166666666667 0.03400637619553666
8 0.21875 0.08820403825717323 0.08854166666666667 0.10839532412327312
0 0.21875 0.052072263549415514 0.08854166666666667 0.036131774707757705
0 0.21875 0.08820403825717323 0.08854166666666667 0.036131774707757705
0 0.21875 0.12433581296493093 0.08854166666666667 0.036131774707757705
0 0.70811767578125 0.01700318809776833 0.06346842447916666 0.03400637619553666
0 0.7824259440104167 0.01700318809776833 0.08514811197916666 0.03400637619553666
0 0.26614583333333336 0.07545164718384698 0.18333333333333332 0.08076514346439957
0 0.6734375 0.0765143464399575 0.07291666666666667 0.02975557917109458
0 0.19589029947916667 0.13496280552603612 0.04178059895833333 0.036131774707757705
0 0.23854166666666668 0.13496280552603612 0.04352213541666667 0.036131774707757705
0 0.28323974609375 0.13496280552603612 0.0458740234375 0.036131774707757705
0 0.3322509765625 0.13496280552603612 0.0521484375 0.036131774707757705
0 0.3864501953125 0.13496280552603612 0.05625 0.036131774707757705
0 0.4381632486979167 0.13496280552603612 0.04717610677083333 0.036131774707757705
0 0.48880615234375 0.13496280552603612 0.05410970052083333 0.036131774707757705
0 0.78125 0.13443145589798086 0.06666666666666667 0.020191285866099893
0 0.41458333333333336 0.7229841923485654 0.3333333333333333 0.45340727948990434
0 0.26092529296875 0.5079702444208289 0.026017252604166666 0.023379383634431455
0 0.405126953125 0.9646597040320304 0.29775390625 0.07068059193593916
0 0.6708333333333333 0.6068012752391073 0.1625 0.22104144527098832
0 0.6151326497395834 0.5079702444208289 0.0510986328125 0.023379383634431455
0 0.66763916015625 0.7492029755579172 0.13944498697916666 0.0765143464399575
0 0.6708333333333333 0.8416578108395324 0.14479166666666668 0.012752391073326248
0 0.6692626953125 0.8756641870350691 0.141650390625 0.04675876726886291
0 0.6708333333333333 0.9904357066950054 0.14479166666666668 0.012752391073326248
