0 0.012239583333333333 0.3077510626992561 0.0005208333333333333 0.0010626992561105207
0 0.012239583333333333 0.3077510626992561 0.0005208333333333333 0.0010626992561105207
0 0.07581787109375 0.33803799149840597 0.1266357421875 0.05951115834218916
1 0.6825439453125 0.33803799149840597 0.035970052083333336 0.05971041445270988
1 0.7229817708333334 0.33803799149840597 0.044905598958333334 0.05971041445270988
1 0.764404296875 0.33803799149840597 0.037939453125 0.05971041445270988
1 0.8097859700520833 0.33803799149840597 0.05282389322916667 0.05971041445270988
1 0.853662109375 0.33803799149840597 0.034928385416666666 0.05971041445270988
0 0.8888712565104167 0.33803799149840597 0.03548990885416667 0.05971041445270988
0 0.9355997721354167 0.33803799149840597 0.04546712239583333 0.04270722635494155
1 0.9355997721354167 0.33803799149840597 0.04546712239583333 0.04270722635494155
1 0.9791666666666666 0.33803799149840597 0.022916666666666665 0.04675876726886291
5 0.9872395833333333 0.33803799149840597 0.0005208333333333333 0.0010626992561105207
2 0.99375 0.33803799149840597 0.0125 0.05951115834218916
0 0.07708333333333334 0.8376228746014878 0.15416666666666667 0.019128586609989374
0 0.07708333333333334 0.8746014877789585 0.15416666666666667 0.037825451647183844
0 0.5 0.8376228746014878 0.6416666666666667 0.019128586609989374
0 0.5 0.8746014877789585 0.6416666666666667 0.037825451647183844
0 0.9229166666666667 0.8376228746014878 0.15416666666666667 0.019128586609989374
0 0.9229166666666667 0.8746014877789585 0.15416666666666667 0.037825451647183844
0 0.29362386067708335 0.98990435706695 0.04296061197916667 0.020191285866099893
0 0.35171305338541664 0.98990435706695 0.05655110677083333 0.020191285866099893
0 0.41579996744791664 0.98990435706695 0.0549560546875 0.020191285866099893
0 0.47716064453125 0.98990435706695 0.0510986328125 0.020191285866099893
0 0.52291259765625 0.98990435706695 0.023738606770833334 0.020191285866099893
0 0.5610921223958333 0.98990435706695 0.03595377604166667 0.020191285866099893
0 0.6196329752604167 0.98990435706695 0.06446126302083334 0.020191285866099893
0 0.68404541015625 0.98990435706695 0.04769694010416667 0.020191285866099893
0 0.74278564453125 0.98990435706695 0.053116861979166666 0.020191285866099893
0 0.8131429036458333 0.98990435706695 0.07093098958333334 0.020191285866099893
0 0.89376220703125 0.98990435706695 0.07364095052083333 0.020191285866099893
0 0.9586954752604167 0.98990435706695 0.03955891927083333 0.020191285866099893
0 0.9934041341145833 0.98990435706695 0.013191731770833333 0.020191285866099893
1 0.7721435546875 0.9926109192348566 0.016666666666666666 0.014778161530286929
0 0.8102457682291667 0.9953755977683315 0.025325520833333334 0.009248804463336875
0 0.07708333333333334 0.8376228746014878 0.15416666666666667 0.019128586609989374
0 0.07708333333333334 0.8746014877789585 0.15416666666666667 0.037825451647183844
0 0.5 0.8376228746014878 0.6416666666666667 0.019128586609989374
0 0.5 0.8746014877789585 0.6416666666666667 0.037825451647183844
0 0.9229166666666667 0.8376228746014878 0.15416666666666667 0.019128586609989374
0 0.9229166666666667 0.8746014877789585 0.15416666666666667 0.037825451647183844
0 0.5 0.6108196068012752 0.625 0.38423219978746015
1 0.3146769205729167 0.5203241232731137 0.25433756510416666 0.11603347502656748
1 0.21781412760416666 0.7653759298618491 0.06061197916666667 0.05100956429330499
1 0.21781412760416666 0.7653759298618491 0.06061197916666667 0.05100956429330499
0 0.28819173177083335 0.918471041445271 0.20138346354166667 0.16305791710945802
0 0.4999918619791667 0.918471041445271 0.20138346354166667 0.16305791710945802
0 0.7117919921875 0.918471041445271 0.20138346354166667 0.16305791710945802
0 0.9114501953125 0.918471041445271 0.177099609375 0.16305791710945802
1 0.825 0.9524940223166843 0.0125 0.025504782146652496
0 0.3385416666666667 0.4605804994686504 0.3020833333333333 0.019128586609989374
0 0.3385416666666667 0.5846091259298618 0.3020833333333333 0.22892866631243358
0 0.6614583333333334 0.5750531349628055 0.3020833333333333 0.3467056323060574
0 0.2578125 0.8939293304994687 0.140625 0.16139744952178534
0 0.2578125 0.9936902231668437 0.140625 0.012619553666312434
0 0.41953125 0.8936304463336876 0.14010416666666667 0.16079968119022317
0 0.41953125 0.9933913390010627 0.14010416666666667 0.013217321997874601
0 0.5809895833333333 0.8936304463336876 0.14010416666666667 0.16079968119022317
0 0.5809895833333333 0.9933913390010627 0.14010416666666667 0.013217321997874601
0 0.7424479166666667 0.8936304463336876 0.14010416666666667 0.16079968119022317
0 0.7424479166666667 0.9933913390010627 0.14010416666666667 0.013217321997874601
1 0.63828125 0.08400305526036132 0.022916666666666665 0.04675876726886291
0 0.3931193033854167 0.37803865568544104 0.0544677734375 0.01700318809776833
1 0.49635416666666665 0.48532146652497343 0.2598958333333333 0.05034537725823592
1 0.49635416666666665 0.5388549415515409 0.2598958333333333 0.054596174282678
5 0.6104166666666667 0.5367295430393199 0.0234375 0.026567481402763018
1 0.49635416666666665 0.5945138150903294 0.2598958333333333 0.054596174282678
5 0.6104166666666667 0.5923884165781084 0.0234375 0.026567481402763018
1 0.49635416666666665 0.6501726886291179 0.2598958333333333 0.054596174282678
5 0.6104166666666667 0.6480472901168969 0.0234375 0.026567481402763018
1 0.5 0.7359690488841658 0.2994791666666667 0.077577045696068
1 0.49528401692708335 0.7375630977683315 0.0661376953125 0.040382571732199786
1 0.5876139322916667 0.7375630977683315 0.10341796875 0.040382571732199786
