0 0.25467122395833336 0.01700318809776833 0.04375 0.01700318809776833
0 0.32626953125 0.01700318809776833 0.06197916666666667 0.012752391073326248
0 0.3926595052083333 0.01700318809776833 0.03333333333333333 0.01700318809776833
0 0.4561848958333333 0.01700318809776833 0.05625 0.012752391073326248
0 0.5264811197916667 0.01700318809776833 0.046875 0.01700318809776833
0 0.5806315104166667 0.01700318809776833 0.023958333333333335 0.01487778958554729
0 0.6418294270833333 0.01700318809776833 0.06510416666666667 0.01700318809776833
0 0.7293131510416667 0.01700318809776833 0.07239583333333334 0.01700318809776833
0 0.16276041666666666 0.09458023379383634 0.050520833333333334 0.10201912858660998
11 0.2069091796875 0.06482465462274177 0.024235026041666666 0.053134962805526036
0 0.2069091796875 0.06482465462274177 0.024235026041666666 0.02975557917109458
11 0.23873697916666667 0.06482465462274177 0.03525390625 0.053134962805526036
0 0.23873697916666667 0.06482465462274177 0.03525390625 0.02975557917109458
11 0.27325439453125 0.06482465462274177 0.0296142578125 0.053134962805526036
0 0.27325439453125 0.06482465462274177 0.0296142578125 0.02975557917109458
11 0.30808919270833335 0.06482465462274177 0.035888671875 0.053134962805526036
0 0.30808919270833335 0.06482465462274177 0.035888671875 0.02975557917109458
11 0.34349365234375 0.06482465462274177 0.030753580729166667 0.053134962805526036
0 0.34349365234375 0.06482465462274177 0.030753580729166667 0.02975557917109458
11 0.38964436848958334 0.06482465462274177 0.05738118489583333 0.053134962805526036
0 0.38964436848958334 0.06482465462274177 0.05738118489583333 0.02975557917109458
11 0.43660074869791665 0.06482465462274177 0.032364908854166666 0.053134962805526036
0 0.43660074869791665 0.06482465462274177 0.032364908854166666 0.02975557917109458
11 0.4743123372395833 0.06482465462274177 0.0388916015625 0.053134962805526036
0 0.4743123372395833 0.06482465462274177 0.0388916015625 0.02975557917109458
11 0.510546875 0.06482465462274177 0.029410807291666667 0.053134962805526036
0 0.510546875 0.06482465462274177 0.029410807291666667 0.02975557917109458
11 0.5361287434895833 0.06482465462274177 0.017586263020833333 0.053134962805526036
0 0.5361287434895833 0.06482465462274177 0.017586263020833333 0.02975557917109458
11 0.563330078125 0.06482465462274177 0.03264973958333333 0.053134962805526036
0 0.563330078125 0.06482465462274177 0.03264973958333333 0.02975557917109458
0 0.7830078125 0.06482465462274177 0.0125 0.031880977683315624
1 0.80496826171875 0.06482465462274177 0.027254231770833335 0.031880977683315624
0 0.80496826171875 0.06482465462274177 0.027254231770833335 0.031880977683315624
1 0.8436726888020833 0.06482465462274177 0.03765462239583333 0.031880977683315624
0 0.8436726888020833 0.06482465462274177 0.03765462239583333 0.031880977683315624
0 0.8140625 0.1179596174282678 0.055126953125 0.01381509032943677
0 0.8140584309895833 0.1179596174282678 0.05707194010416667 0.01381509032943677
0 0.8140625 0.1179596174282678 0.04269205729166667 0.01381509032943677
0 0.30078125 0.3607863974495218 0.3265625 0.3751328374070138
0 0.58099365234375 0.3575982996811902 0.2088623046875 0.3687566418703507
0 0.22387288411458334 0.7111450584484591 0.17274576822916668 0.1980605738575983
0 0.21826985677083333 0.8675611052072264 0.16153971354166666 0.08926673751328375
0 0.41328531901041665 0.7112446865037194 0.17274576822916668 0.19825982996811903
0 0.41089274088541666 0.867760361317747 0.16796061197916667 0.08926673751328375
0 0.60269775390625 0.7111450584484591 0.17274576822916668 0.1980605738575983
0 0.60223388671875 0.8675611052072264 0.17181803385416666 0.08926673751328375
0 0.22387288411458334 0.9880778427205101 0.17274576822916668 0.02384431455897981
0 0.41328531901041665 0.9880778427205101 0.17274576822916668 0.02384431455897981
0 0.60269775390625 0.9880778427205101 0.17274576822916668 0.02384431455897981
0 0.784375 0.20403825717321997 0.15625 0.061636556854410204
0 0.784375 0.2678002125398512 0.15625 0.06376195536663125
0 0.784375 0.332624867162593 0.15625 0.06376195536663125
0 0.784375 0.39744952178533477 0.15625 0.06376195536663125
0 0.784375 0.46439957492029754 0.15625 0.06801275239107332
0 0.784375 0.5313496280552603 0.15625 0.06376195536663125
0 0.784375 0.7455167375132837 0.13854166666666667 0.020191285866099893
