0 0.01875 0.03294367693942614 0.016666666666666666 0.04250797024442083
1 0.044270833333333336 0.03294367693942614 0.017708333333333333 0.04250797024442083
8 0.35348307291666664 0.03294367693942614 0.6007161458333333 0.04250797024442083
2 0.35348307291666664 0.03294367693942614 0.6007161458333333 0.04250797024442083
1 0.6663411458333334 0.03294367693942614 0.025 0.04250797024442083
0 0.7083740234375 0.03294367693942614 0.025732421875 0.04250797024442083
0 0.7500691731770833 0.03294367693942614 0.03265787760416667 0.04250797024442083
0 0.8042928059895833 0.03294367693942614 0.05078938802083333 0.04250797024442083
0 0.8739054361979167 0.03294367693942614 0.0332275390625 0.03400637619553666
1 0.9296346028645833 0.03294367693942614 0.0698974609375 0.03400637619553666
1 0.98125 0.03294367693942614 0.016666666666666666 0.04250797024442083
0 0.022444661458333334 0.09564293304994687 0.024055989583333333 0.05951115834218916
0 0.06712646484375 0.09564293304994687 0.0403076171875 0.05951115834218916
0 0.11809488932291666 0.09564293304994687 0.03662923177083333 0.05951115834218916
0 0.18200276692708334 0.09564293304994687 0.040144856770833334 0.05951115834218916
0 0.2281982421875 0.09564293304994687 0.02724609375 0.05951115834218916
0 0.2945068359375 0.09564293304994687 0.08037109375 0.05951115834218916
0 0.36966145833333336 0.09564293304994687 0.044938151041666666 0.05951115834218916
0 0.43440348307291665 0.09564293304994687 0.0595458984375 0.05951115834218916
0 0.48380940755208335 0.09564293304994687 0.014265950520833333 0.05951115834218916
0 0.5256917317708333 0.09564293304994687 0.04449869791666667 0.05951115834218916
0 0.5720906575520833 0.09564293304994687 0.023299153645833334 0.05951115834218916
0 0.6079874674479167 0.09564293304994687 0.023494466145833334 0.05951115834218916
0 0.64364013671875 0.09564293304994687 0.022810872395833334 0.05951115834218916
0 0.6778889973958333 0.09564293304994687 0.020686848958333334 0.05951115834218916
0 0.7211873372395833 0.09564293304994687 0.040909830729166666 0.05951115834218916
0 0.44202880859375 0.42295430393198724 0.1034423828125 0.025504782146652496
1 0.17239583333333333 0.4814027630180659 0.019791666666666666 0.057385759829968117
8 0.32447916666666665 0.4814027630180659 0.284375 0.057385759829968117
2 0.32447916666666665 0.4814027630180659 0.284375 0.057385759829968117
1 0.48020833333333335 0.4814027630180659 0.027083333333333334 0.057385759829968117
0 0.5859375 0.3475026567481403 0.159375 0.32518597236981933
0 0.7578125 0.3475026567481403 0.159375 0.32518597236981933
0 0.2708333333333333 0.7170231137088204 0.21666666666666667 0.2948326248671626
0 0.18787434895833333 0.5993623804463337 0.029915364583333333 0.01700318809776833
1 0.3333333333333333 0.6078639744952179 0.020833333333333332 0.03400637619553666
1 0.35833333333333334 0.6078639744952179 0.020833333333333332 0.03400637619553666
0 0.18125 0.828307651434644 0.016666666666666666 0.03400637619553666
0 0.2383056640625 0.8198060573857598 0.089111328125 0.021253985122210415
0 0.2383056640625 0.8384032943676939 0.089111328125 0.015940488841657812
0 0.35833333333333334 0.826182252922423 0.020833333333333332 0.03400637619553666
0 0.2708333333333333 0.9449721041445271 0.21666666666666667 0.1100557917109458
0 0.18125 0.928201381509033 0.016666666666666666 0.03400637619553666
1 0.3333333333333333 0.928201381509033 0.020833333333333332 0.03400637619553666
1 0.35833333333333334 0.928201381509033 0.020833333333333332 0.03400637619553666
0 0.5 0.7169649973432518 0.21666666666666667 0.2947163921360255
0 0.41041666666666665 0.6078639744952179 0.016666666666666666 0.03400637619553666
1 0.5625 0.6078639744952179 0.020833333333333332 0.03400637619553666
1 0.5875 0.6078639744952179 0.020833333333333332 0.03400637619553666
0 0.41041666666666665 0.8281914187035069 0.016666666666666666 0.03400637619553666
0 0.4450276692708333 0.8196898246546227 0.04422200520833333 0.021253985122210415
0 0.45048828125 0.8382870616365569 0.031819661458333336 0.015940488841657812
1 0.5699015299479167 0.8260660201912858 0.0560302734375 0.03400637619553666
0 0.5 0.9449139877789585 0.21666666666666667 0.11017202444208289
1 0.5625 0.9280851487778958 0.020833333333333332 0.03400637619553666
1 0.5875 0.9280851487778958 0.020833333333333332 0.03400637619553666
0 0.7291666666666666 0.7169649973432518 0.21666666666666667 0.2947163921360255
1 0.7916666666666666 0.6078639744952179 0.020833333333333332 0.03400637619553666
1 0.8166666666666667 0.6078639744952179 0.020833333333333332 0.03400637619553666
0 0.6395833333333333 0.8281914187035069 0.016666666666666666 0.03400637619553666
0 0.6815022786458333 0.8196898246546227 0.058837890625 0.021253985122210415
0 0.6815022786458333 0.8388184112646121 0.058837890625 0.01700318809776833
0 0.8166666666666667 0.8260660201912858 0.020833333333333332 0.03400637619553666
0 0.7291666666666666 0.9449139877789585 0.21666666666666667 0.11017202444208289
1 0.7916666666666666 0.9280851487778958 0.020833333333333332 0.03400637619553666
1 0.8166666666666667 0.9280851487778958 0.020833333333333332 0.03400637619553666
