0 0.12369791666666667 0.04516471838469713 0.0390625 0.04357066950053135
2 0.44400227864583336 0.04516471838469713 0.28072916666666664 0.04782146652497343
1 0.6002522786458333 0.04516471838469713 0.03177083333333333 0.04782146652497343
1 0.7200764973958333 0.04516471838469713 0.059130859375 0.048884165781083955
1 0.7061848958333333 0.04516471838469713 0.016764322916666668 0.01487778958554729
1 0.7237711588541667 0.04516471838469713 0.018408203125 0.01487778958554729
1 0.79647216796875 0.04516471838469713 0.0579345703125 0.05100956429330499
0 0.8732096354166666 0.04516471838469713 0.04314778645833333 0.04250797024442083
11 0.1453125 0.14452709883103082 0.09895833333333333 0.05526036131774708
0 0.1453125 0.14452709883103082 0.09895833333333333 0.05526036131774708
11 0.1453125 0.23485653560042508 0.09895833333333333 0.05526036131774708
0 0.1453125 0.23485653560042508 0.09895833333333333 0.05526036131774708
11 0.1453125 0.29011689691817216 0.09895833333333333 0.05526036131774708
0 0.1453125 0.29011689691817216 0.09895833333333333 0.05526036131774708
11 0.1453125 0.3475026567481403 0.09895833333333333 0.05951115834218916
0 0.1453125 0.3475026567481403 0.09895833333333333 0.05951115834218916
11 0.1453125 0.40488841657810837 0.09895833333333333 0.05526036131774708
0 0.1453125 0.40488841657810837 0.09895833333333333 0.05526036131774708
11 0.1453125 0.4622741764080765 0.09895833333333333 0.05951115834218916
0 0.1453125 0.4622741764080765 0.09895833333333333 0.05951115834218916
11 0.1453125 0.5196599362380446 0.09895833333333333 0.05526036131774708
0 0.1453125 0.5196599362380446 0.09895833333333333 0.05526036131774708
11 0.1453125 0.5749202975557917 0.09895833333333333 0.05526036131774708
0 0.1453125 0.5749202975557917 0.09895833333333333 0.05526036131774708
11 0.1453125 0.6301806588735388 0.09895833333333333 0.05526036131774708
0 0.1453125 0.6301806588735388 0.09895833333333333 0.05526036131774708
11 0.1453125 0.6854410201912858 0.09895833333333333 0.05526036131774708
0 0.1453125 0.6854410201912858 0.09895833333333333 0.05526036131774708
11 0.1453125 0.742826780021254 0.09895833333333333 0.05951115834218916
0 0.1453125 0.742826780021254 0.09895833333333333 0.05951115834218916
11 0.1453125 0.7991498405951116 0.09895833333333333 0.053134962805526036
0 0.1453125 0.7991498405951116 0.09895833333333333 0.053134962805526036
11 0.1453125 0.8533475026567482 0.09895833333333333 0.05526036131774708
0 0.1453125 0.8533475026567482 0.09895833333333333 0.05526036131774708
11 0.1453125 0.9086078639744952 0.09895833333333333 0.05526036131774708
0 0.1453125 0.9086078639744952 0.09895833333333333 0.05526036131774708
11 0.1453125 0.9638682252922423 0.09895833333333333 0.05526036131774708
0 0.1453125 0.9638682252922423 0.09895833333333333 0.05526036131774708
11 0.1453125 0.9957492029755579 0.09895833333333333 0.008501594048884165
0 0.1453125 0.9957492029755579 0.09895833333333333 0.008501594048884165
1 0.24999186197916667 0.3550079702444208 0.020833333333333332 0.08926673751328375
0 0.13640918731689453 0.3528825717321998 0.27281837463378905 0.4507173219978746
0 0.43288052876790367 0.3528825717321998 0.29453125 0.4507173219978746
0 0.8399622599283855 0.3528825717321998 0.29453125 0.4507173219978746
1 0.682275390625 0.3550079702444208 0.020833333333333332 0.08926673751328375
1 0.58759765625 0.5336078639744952 0.07364908854166667 0.04675876726886291
1 0.5609293619791667 0.5336078639744952 0.0203125 0.04675876726886291
1 0.6142659505208333 0.5336078639744952 0.0203125 0.04675876726886291
0 0.6015462239583333 0.7461477151965994 0.18229166666666666 0.11052072263549416
0 0.8046712239583333 0.7355207226354942 0.18229166666666666 0.08926673751328375
0 0.6015462239583333 0.8885494155154091 0.18229166666666666 0.08926673751328375
0 0.8046712239583333 0.8991764080765143 0.18229166666666666 0.11052072263549416
0 0.6015462239583333 0.9984723698193412 0.18229166666666666 0.003055260361317747
0 0.8046712239583333 0.9984723698193412 0.18229166666666666 0.003055260361317747
