0 0.2630208333333333 0.03453772582359192 0.010416666666666666 0.031880977683315624
0 0.49609375 0.03293537460148778 0.11197916666666667 0.045712672688629115
0 0.7276041666666667 0.04250797024442083 0.022916666666666665 0.01487778958554729
0 0.74580078125 0.04250797024442083 0.010416666666666666 0.01487778958554729
0 0.31973063151041664 0.09936238044633369 0.039412434895833334 0.022316684378320937
0 0.38057861328125 0.09936238044633369 0.0614501953125 0.022316684378320937
0 0.44136962890625 0.09936238044633369 0.03929850260416667 0.022316684378320937
0 0.4875081380208333 0.09936238044633369 0.032145182291666664 0.022316684378320937
0 0.5230550130208333 0.09936238044633369 0.018115234375 0.022316684378320937
0 0.5549479166666667 0.09936238044633369 0.024837239583333334 0.022316684378320937
0 0.59176025390625 0.09936238044633369 0.0279541015625 0.022316684378320937
0 0.6289143880208333 0.09936238044633369 0.025520833333333333 0.022316684378320937
0 0.6760335286458333 0.09936238044633369 0.04788411458333333 0.022316684378320937
0 0.4986979166666667 0.47768331562167904 0.5026041666666666 0.03719447396386823
0 0.4986979166666667 0.43304994686503717 0.5026041666666666 0.03719447396386823
0 0.32376302083333336 0.7077577045696068 0.152734375 0.3485653560042508
0 0.326123046875 0.996048087141339 0.15745442708333332 0.007903825717321998
0 0.5872395833333334 0.7258983129649309 0.3307291666666667 0.38059577577045695
0 0.5872395833333334 0.7775139479277364 0.24747721354166666 0.17534537725823593
