0 0.14583333333333334 0.04250797024442083 0.10833333333333334 0.06801275239107332
2 0.38621826171875 0.040382571732199786 0.33285319010416664 0.019128586609989374
1 0.5641031901041667 0.04303931987247609 0.0125 0.030818278427205102
1 0.5635782877604166 0.25770456960680127 0.0656494140625 0.03294367693942614
1 0.5849365234375 0.040382571732199786 0.025 0.02975557917109458
0 0.8935709635416667 0.040382571732199786 0.029524739583333334 0.031880977683315624
0 0.26060791015625 0.10626992561105207 0.08788248697916666 0.04250797024442083
0 0.33067626953125 0.10626992561105207 0.05225423177083333 0.04250797024442083
0 0.3911051432291667 0.10626992561105207 0.068603515625 0.04250797024442083
0 0.47522379557291666 0.10626992561105207 0.0996337890625 0.04250797024442083
0 0.5678466796875 0.10626992561105207 0.08561197916666667 0.04250797024442083
0 0.666455078125 0.10626992561105207 0.11160481770833333 0.04250797024442083
0 0.7635050455729167 0.10626992561105207 0.0824951171875 0.04250797024442083
0 0.8397501627604167 0.10626992561105207 0.0699951171875 0.04250797024442083
0 0.29527180989583335 0.15727948990435706 0.15721028645833332 0.04250797024442083
0 0.46879475911458335 0.15727948990435706 0.18983561197916668 0.04250797024442083
0 0.6340128580729166 0.15727948990435706 0.1406005859375 0.04250797024442083
0 0.7895426432291667 0.15727948990435706 0.170458984375 0.04250797024442083
0 0.2875 0.22794899043570668 0.39791666666666664 0.06907545164718384
0 0.13671875 0.436769394261424 0.08802083333333334 0.28905419766206164
0 0.23723958333333334 0.436769394261424 0.08802083333333334 0.28905419766206164
0 0.3377604166666667 0.436769394261424 0.08802083333333334 0.28905419766206164
0 0.43828125 0.436769394261424 0.08802083333333334 0.28905419766206164
0 0.5388020833333333 0.436769394261424 0.08802083333333334 0.28905419766206164
0 0.6393229166666666 0.436769394261424 0.08802083333333334 0.28905419766206164
0 0.73984375 0.436769394261424 0.08802083333333334 0.28905419766206164
0 0.8403645833333333 0.436769394261424 0.08802083333333334 0.28905419766206164
0 0.9408854166666667 0.436769394261424 0.08802083333333334 0.28905419766206164
0 0.9986979166666666 0.436769394261424 0.0026041666666666665 0.28905419766206164
0 0.7125 0.22794899043570668 0.39791666666666664 0.06907545164718384
0 0.56171875 0.43889479277364507 0.08802083333333334 0.29330499468650373
0 0.6622395833333333 0.43889479277364507 0.08802083333333334 0.29330499468650373
0 0.7627604166666667 0.43889479277364507 0.08802083333333334 0.29330499468650373
0 0.86328125 0.43889479277364507 0.08802083333333334 0.29330499468650373
0 0.9598958333333333 0.43889479277364507 0.08020833333333334 0.29330499468650373
0 0.21666666666666667 0.8352816153028693 0.25625 0.3294367693942614
0 0.4197916666666667 0.8395324123273114 0.125 0.32093517534537724
0 0.5614583333333333 0.8395324123273114 0.125 0.32093517534537724
0 0.703125 0.8395324123273114 0.125 0.32093517534537724
0 0.8447916666666667 0.8395324123273114 0.125 0.32093517534537724
0 0.9619791666666667 0.8395324123273114 0.07604166666666666 0.32093517534537724
0 0.9770833333333333 0.7969746280552603 0.025 0.05100956429330499
