0 0.64901123046875 0.010095642933049946 0.0292724609375 0.011689691817215728
0 0.68387451171875 0.010095642933049946 0.022745768229166668 0.011689691817215728
0 0.7155598958333333 0.010095642933049946 0.022916666666666665 0.011689691817215728
0 0.74423828125 0.010095642933049946 0.016731770833333333 0.011689691817215728
0 0.2833658854166667 0.010095642933049946 0.07194010416666667 0.012752391073326248
0 0.5002604166666667 0.06588735387885228 0.1109375 0.057385759829968117
0 0.6045084635416667 0.061636556854410204 0.0375 0.05526036131774708
0 0.6520751953125 0.061636556854410204 0.0375 0.05526036131774708
0 0.6996419270833333 0.061636556854410204 0.0375 0.05526036131774708
0 0.300341796875 0.061636556854410204 0.0375 0.05526036131774708
0 0.3479085286458333 0.061636556854410204 0.0375 0.05526036131774708
0 0.39547526041666664 0.061636556854410204 0.0375 0.05526036131774708
0 0.369482421875 0.12274176408076515 0.0203125 0.01381509032943677
0 0.393359375 0.12274176408076515 0.013541666666666667 0.01381509032943677
0 0.41385091145833336 0.12274176408076515 0.013541666666666667 0.01381509032943677
0 0.43772786458333335 0.12274176408076515 0.0203125 0.01381509032943677
0 0.46160481770833334 0.12274176408076515 0.013541666666666667 0.01381509032943677
0 0.49513346354166665 0.12274176408076515 0.03961588541666667 0.01381509032943677
0 0.531787109375 0.12274176408076515 0.019791666666666666 0.01381509032943677
2 0.46119791666666665 0.153028692879915 0.20895182291666667 0.036131774707757705
1 0.607080078125 0.153028692879915 0.07239583333333334 0.036131774707757705
0 0.36765950520833335 0.17747077577045697 0.021875 0.012752391073326248
0 0.35526936848958335 0.20663688894792773 0.1599365234375 0.017949654622741763
0 0.5150349934895834 0.20663688894792773 0.13876139322916667 0.017949654622741763
0 0.659765625 0.20663688894792773 0.12986653645833332 0.017949654622741763
0 0.2864583333333333 0.24855539319872477 0.0875 0.031880977683315624
0 0.2864583333333333 0.2804363708820404 0.0875 0.031880977683315624
0 0.2864583333333333 0.312317348565356 0.0875 0.031880977683315624
0 0.2864583333333333 0.34419832624867164 0.0875 0.031880977683315624
0 0.2864583333333333 0.37607930393198724 0.0875 0.031880977683315624
0 0.2864583333333333 0.40796028161530284 0.0875 0.031880977683315624
0 0.2864583333333333 0.4398412592986185 0.0875 0.031880977683315624
0 0.2864583333333333 0.4717222369819341 0.0875 0.031880977683315624
0 0.2864583333333333 0.5036032146652497 0.0875 0.031880977683315624
0 0.2864583333333333 0.5354841923485654 0.0875 0.031880977683315624
0 0.2864583333333333 0.567365170031881 0.0875 0.031880977683315624
0 0.2864583333333333 0.5992461477151966 0.0875 0.031880977683315624
0 0.2864583333333333 0.6311271253985122 0.0875 0.031880977683315624
0 0.2864583333333333 0.6630081030818279 0.0875 0.031880977683315624
0 0.2864583333333333 0.6948890807651434 0.0875 0.031880977683315624
0 0.2864583333333333 0.7267700584484591 0.0875 0.031880977683315624
0 0.2864583333333333 0.7586510361317748 0.0875 0.031880977683315624
0 0.2864583333333333 0.7905320138150903 0.0875 0.031880977683315624
0 0.2864583333333333 0.822412991498406 0.0875 0.031880977683315624
0 0.2864583333333333 0.8542939691817216 0.0875 0.031880977683315624
0 0.2864583333333333 0.8861749468650372 0.0875 0.031880977683315624
0 0.2864583333333333 0.9180559245483528 0.0875 0.031880977683315624
0 0.2864583333333333 0.9499369022316685 0.0875 0.031880977683315624
0 0.2864583333333333 0.981817879914984 0.0875 0.031880977683315624
0 0.2864583333333333 0.9988791843783209 0.0875 0.0022416312433581297
0 0.3484375 0.24589864505844847 0.025 0.03719447396386823
0 0.3723958333333333 0.24589864505844847 0.023958333333333335 0.03719447396386823
0 0.40182291666666664 0.24589864505844847 0.034895833333333334 0.03719447396386823
0 0.43671875 0.24589864505844847 0.034895833333333334 0.03719447396386823
0 0.4661458333333333 0.24589864505844847 0.023958333333333335 0.03719447396386823
0 0.4901041666666667 0.24589864505844847 0.023958333333333335 0.03719447396386823
0 0.5125 0.24589864505844847 0.020833333333333332 0.03719447396386823
0 0.5348958333333333 0.24589864505844847 0.023958333333333335 0.03719447396386823
0 0.5588541666666667 0.24589864505844847 0.023958333333333335 0.03719447396386823
0 0.40460205078125 0.30381575451647186 0.12587076822916668 0.01487778958554729
0 0.4180704752604167 0.3314459351753454 0.1528076171875 0.01487778958554729
0 0.4094767252604167 0.3590761158342189 0.1356201171875 0.01487778958554729
0 0.41376953125 0.38670629649309246 0.14420572916666666 0.01487778958554729
0 0.40987548828125 0.414336477151966 0.13641764322916666 0.01487778958554729
0 0.41064453125 0.44196665781083955 0.13795572916666668 0.01487778958554729
0 0.4180704752604167 0.46959683846971306 0.1528076171875 0.01487778958554729
0 0.406982421875 0.49722701912858663 0.13063151041666668 0.01487778958554729
0 0.5411458333333333 0.3387602948990436 0.046875 0.12727484059511157
0 0.36354166666666665 0.5280452975557917 0.036458333333333336 0.01487778958554729
0 0.41496175130208335 0.5280452975557917 0.0507568359375 0.01487778958554729
0 0.453125 0.6194374335812965 0.22291666666666668 0.08501594048884166
0 0.453125 0.7150803666312433 0.22291666666666668 0.08501594048884166
0 0.453125 0.8240070403825718 0.22291666666666668 0.11158342189160468
0 0.453125 0.9329337141339001 0.22291666666666668 0.08501594048884166
0 0.453125 0.9930343384697131 0.22291666666666668 0.013931323060573857
0 0.6666666666666666 0.4759730340063762 0.18229166666666666 0.01487778958554729
0 0.5940714518229167 0.5099794102019128 0.0266845703125 0.01381509032943677
0 0.62939453125 0.5099794102019128 0.031298828125 0.01487778958554729
0 0.7421875 0.5099794102019128 0.025 0.019128586609989374
0 0.6083333333333333 0.5609889744952179 0.058333333333333334 0.07013815090329437
0 0.6666666666666666 0.5609889744952179 0.058333333333333334 0.07013815090329437
0 0.725 0.5609889744952179 0.058333333333333334 0.07013815090329437
0 0.6238566080729167 0.6199687832093518 0.07896321614583333 0.01381509032943677
0 0.7356770833333334 0.6199687832093518 0.0265625 0.01381509032943677
0 0.62265625 0.6677902497343252 0.08177083333333333 0.04782146652497343
0 0.7106770833333333 0.6677902497343252 0.08177083333333333 0.04782146652497343
0 0.6023030598958333 0.7071101222104145 0.040022786458333334 0.01381509032943677
0 0.6666666666666666 0.73899109989373 0.175 0.03719447396386823
0 0.6666666666666666 0.7761855738575983 0.175 0.03719447396386823
0 0.6666666666666666 0.8133800478214666 0.175 0.03719447396386823
0 0.7318684895833333 0.8739539054197663 0.0404296875 0.01381509032943677
0 0.6213541666666667 0.9175245749202976 0.09166666666666666 0.03719447396386823
0 0.7119791666666667 0.9175245749202976 0.090625 0.03719447396386823
0 0.6666666666666666 0.9887254250797024 0.027083333333333334 0.01381509032943677
0 0.775 0.971307120085016 0.022916666666666665 0.04675876726886291
