0 0.14088541666666668 0.1806588735387885 0.07395833333333333 0.021253985122210415
2 0.36539306640625 0.1806588735387885 0.3542236328125 0.04250797024442083
1 0.5237548828125 0.1806588735387885 0.0375 0.04250797024442083
0 0.5851155598958333 0.18012752391073325 0.022721354166666666 0.030818278427205102
0 0.6353068033854167 0.18012752391073325 0.03182779947916667 0.030818278427205102
0 0.6874308268229167 0.18012752391073325 0.0265869140625 0.030818278427205102
1 0.7379638671875 0.18012752391073325 0.028645833333333332 0.030818278427205102
0 0.225 0.2555791710945802 0.09583333333333334 0.030818278427205102
0 0.225 0.30499468650371947 0.09583333333333334 0.02975557917109458
0 0.225 0.3432518597236982 0.09583333333333334 0.02975557917109458
0 0.225 0.38150903294367694 0.09583333333333334 0.02975557917109458
0 0.225 0.4197662061636557 0.09583333333333334 0.02975557917109458
0 0.225 0.4580233793836344 0.09583333333333334 0.02975557917109458
0 0.225 0.4962805526036132 0.09583333333333334 0.02975557917109458
0 0.225 0.5345377258235919 0.09583333333333334 0.02975557917109458
0 0.225 0.5727948990435706 0.09583333333333334 0.02975557917109458
0 0.225 0.6110520722635494 0.09583333333333334 0.02975557917109458
0 0.225 0.6493092454835282 0.09583333333333334 0.02975557917109458
0 0.225 0.6875664187035069 0.09583333333333334 0.02975557917109458
0 0.3375 0.2555791710945802 0.09583333333333334 0.030818278427205102
0 0.3375 0.30499468650371947 0.09583333333333334 0.02975557917109458
0 0.3375 0.3432518597236982 0.09583333333333334 0.02975557917109458
0 0.3375 0.38150903294367694 0.09583333333333334 0.02975557917109458
0 0.3375 0.4197662061636557 0.09583333333333334 0.02975557917109458
0 0.3375 0.4580233793836344 0.09583333333333334 0.02975557917109458
0 0.3375 0.4962805526036132 0.09583333333333334 0.02975557917109458
0 0.3375 0.5345377258235919 0.09583333333333334 0.02975557917109458
0 0.3375 0.5727948990435706 0.09583333333333334 0.02975557917109458
0 0.3375 0.6110520722635494 0.09583333333333334 0.02975557917109458
0 0.3375 0.6493092454835282 0.09583333333333334 0.02975557917109458
0 0.45 0.2555791710945802 0.09583333333333334 0.030818278427205102
0 0.45 0.30499468650371947 0.09583333333333334 0.02975557917109458
0 0.45 0.3432518597236982 0.09583333333333334 0.02975557917109458
0 0.45 0.38150903294367694 0.09583333333333334 0.02975557917109458
0 0.45 0.4197662061636557 0.09583333333333334 0.02975557917109458
0 0.45 0.4580233793836344 0.09583333333333334 0.02975557917109458
0 0.45 0.4962805526036132 0.09583333333333334 0.02975557917109458
0 0.45 0.5345377258235919 0.09583333333333334 0.02975557917109458
0 0.5625 0.2555791710945802 0.09583333333333334 0.030818278427205102
0 0.5625 0.30499468650371947 0.09583333333333334 0.02975557917109458
0 0.5625 0.3432518597236982 0.09583333333333334 0.02975557917109458
0 0.5625 0.38150903294367694 0.09583333333333334 0.02975557917109458
0 0.5625 0.4197662061636557 0.09583333333333334 0.02975557917109458
0 0.5625 0.4580233793836344 0.09583333333333334 0.02975557917109458
0 0.5625 0.4962805526036132 0.09583333333333334 0.02975557917109458
0 0.5625 0.5345377258235919 0.09583333333333334 0.02975557917109458
0 0.5625 0.5727948990435706 0.09583333333333334 0.02975557917109458
0 0.5625 0.6110520722635494 0.09583333333333334 0.02975557917109458
0 0.675 0.2555791710945802 0.09583333333333334 0.030818278427205102
0 0.675 0.30499468650371947 0.09583333333333334 0.02975557917109458
0 0.675 0.3432518597236982 0.09583333333333334 0.02975557917109458
0 0.675 0.38150903294367694 0.09583333333333334 0.02975557917109458
0 0.675 0.4197662061636557 0.09583333333333334 0.02975557917109458
0 0.675 0.4580233793836344 0.09583333333333334 0.02975557917109458
0 0.675 0.4962805526036132 0.09583333333333334 0.02975557917109458
0 0.675 0.5345377258235919 0.09583333333333334 0.02975557917109458
0 0.675 0.5727948990435706 0.09583333333333334 0.02975557917109458
0 0.675 0.6110520722635494 0.09583333333333334 0.02975557917109458
0 0.675 0.6493092454835282 0.09583333333333334 0.02975557917109458
0 0.7875 0.30499468650371947 0.09583333333333334 0.02975557917109458
0 0.7875 0.3432518597236982 0.09583333333333334 0.02975557917109458
0 0.7875 0.38150903294367694 0.09583333333333334 0.02975557917109458
0 0.7875 0.44580233793836344 0.09583333333333334 0.030818278427205102
1 0.7875 0.5037194473963869 0.09583333333333334 0.04675876726886291
6 0.7970784505208334 0.1891604675876727 0.01875 0.03825717321997875
5 0.7923909505208333 0.179596174282678 0.008333333333333333 0.019128586609989374
0 0.7142659505208333 0.36619952178533477 0.19791666666666666 0.10839532412327312
0 0.7142659505208333 0.4862845377258236 0.19791666666666666 0.13177470775770456
13 0.6356201171875 0.45334086078639746 0.0125 0.025504782146652496
0 0.7142659505208333 0.6069009032943677 0.19791666666666666 0.10945802337938364
0 0.7142659505208333 0.7163589266737513 0.19791666666666666 0.10945802337938364
13 0.6356201171875 0.6945735919234857 0.0125 0.025504782146652496
0 0.7142659505208333 0.8146586078639745 0.19791666666666666 0.0871413390010627
0 0.7142659505208333 0.9129582890541976 0.19791666666666666 0.10945802337938364
13 0.6356201171875 0.891172954303932 0.0125 0.025504782146652496
1 0.8309611002604167 0.1806588735387885 0.0448486328125 0.04250797024442083
0 0.8309611002604167 0.1806588735387885 0.027140299479166668 0.03825717321997875
0 0.88203125 0.1806588735387885 0.040625 0.04250797024442083
0 0.12981770833333334 0.2412327311370882 0.05182291666666667 0.031880977683315624
0 0.17646484375 0.2412327311370882 0.028971354166666668 0.031880977683315624
0 0.20104166666666667 0.3007438894792774 0.084375 0.02975557917109458
0 0.20104166666666667 0.33475026567481403 0.084375 0.02975557917109458
0 0.20104166666666667 0.3687566418703507 0.084375 0.02975557917109458
0 0.20104166666666667 0.4027630180658874 0.084375 0.02975557917109458
0 0.20104166666666667 0.436769394261424 0.084375 0.02975557917109458
0 0.20104166666666667 0.4707757704569607 0.084375 0.02975557917109458
0 0.20104166666666667 0.5047821466524973 0.084375 0.02975557917109458
0 0.20104166666666667 0.538788522848034 0.084375 0.02975557917109458
0 0.20104166666666667 0.5727948990435706 0.084375 0.02975557917109458
0 0.20104166666666667 0.6068012752391073 0.084375 0.02975557917109458
0 0.21625162760416666 0.2412327311370882 0.038102213541666666 0.031880977683315624
0 0.23626302083333334 0.3007438894792774 0.084375 0.02975557917109458
0 0.23626302083333334 0.33475026567481403 0.084375 0.02975557917109458
0 0.23626302083333334 0.3687566418703507 0.084375 0.02975557917109458
0 0.23626302083333334 0.4027630180658874 0.084375 0.02975557917109458
0 0.23626302083333334 0.436769394261424 0.084375 0.02975557917109458
0 0.23626302083333334 0.4707757704569607 0.084375 0.02975557917109458
0 0.23626302083333334 0.5047821466524973 0.084375 0.02975557917109458
0 0.23626302083333334 0.538788522848034 0.084375 0.02975557917109458
0 0.23626302083333334 0.5727948990435706 0.084375 0.02975557917109458
0 0.23626302083333334 0.6068012752391073 0.084375 0.02975557917109458
0 0.23626302083333334 0.640807651434644 0.084375 0.02975557917109458
0 0.32272135416666664 0.3007438894792774 0.084375 0.02975557917109458
0 0.32272135416666664 0.33475026567481403 0.084375 0.02975557917109458
0 0.32272135416666664 0.3687566418703507 0.084375 0.02975557917109458
0 0.32272135416666664 0.4027630180658874 0.084375 0.02975557917109458
0 0.32272135416666664 0.436769394261424 0.084375 0.02975557917109458
0 0.32272135416666664 0.4707757704569607 0.084375 0.02975557917109458
0 0.32272135416666664 0.5047821466524973 0.084375 0.02975557917109458
0 0.32272135416666664 0.538788522848034 0.084375 0.02975557917109458
0 0.32272135416666664 0.5727948990435706 0.084375 0.02975557917109458
0 0.32272135416666664 0.6068012752391073 0.084375 0.02975557917109458
0 0.32272135416666664 0.640807651434644 0.084375 0.02975557917109458
0 0.4091796875 0.3007438894792774 0.084375 0.02975557917109458
0 0.4091796875 0.33475026567481403 0.084375 0.02975557917109458
0 0.4091796875 0.3687566418703507 0.084375 0.02975557917109458
0 0.26254069010416664 0.2412327311370882 0.041975911458333334 0.031880977683315624
0 0.280615234375 0.3007438894792774 0.084375 0.02975557917109458
0 0.280615234375 0.33475026567481403 0.084375 0.02975557917109458
0 0.280615234375 0.3687566418703507 0.084375 0.02975557917109458
0 0.280615234375 0.4027630180658874 0.084375 0.02975557917109458
0 0.280615234375 0.436769394261424 0.084375 0.02975557917109458
0 0.280615234375 0.4707757704569607 0.084375 0.02975557917109458
0 0.324169921875 0.2412327311370882 0.06878255208333334 0.031880977683315624
0 0.32884114583333335 0.3007438894792774 0.084375 0.02975557917109458
0 0.32884114583333335 0.33475026567481403 0.084375 0.02975557917109458
0 0.32884114583333335 0.3687566418703507 0.084375 0.02975557917109458
0 0.32884114583333335 0.4027630180658874 0.084375 0.02975557917109458
0 0.32884114583333335 0.436769394261424 0.084375 0.02975557917109458
0 0.32884114583333335 0.4707757704569607 0.084375 0.02975557917109458
0 0.32884114583333335 0.5047821466524973 0.084375 0.02975557917109458
0 0.32884114583333335 0.538788522848034 0.084375 0.02975557917109458
0 0.32884114583333335 0.5727948990435706 0.084375 0.02975557917109458
0 0.32884114583333335 0.6068012752391073 0.084375 0.02975557917109458
0 0.32884114583333335 0.640807651434644 0.084375 0.02975557917109458
0 0.41529947916666665 0.3007438894792774 0.084375 0.02975557917109458
0 0.41529947916666665 0.33475026567481403 0.084375 0.02975557917109458
0 0.41529947916666665 0.3687566418703507 0.084375 0.02975557917109458
0 0.41529947916666665 0.4027630180658874 0.084375 0.02975557917109458
0 0.41529947916666665 0.436769394261424 0.084375 0.02975557917109458
0 0.41529947916666665 0.4707757704569607 0.084375 0.02975557917109458
0 0.41529947916666665 0.5047821466524973 0.084375 0.02975557917109458
0 0.38150634765625 0.2412327311370882 0.03339029947916667 0.031880977683315624
0 0.40387369791666666 0.3007438894792774 0.084375 0.02975557917109458
0 0.40387369791666666 0.33475026567481403 0.084375 0.02975557917109458
0 0.40387369791666666 0.3687566418703507 0.084375 0.02975557917109458
0 0.40387369791666666 0.4027630180658874 0.084375 0.02975557917109458
0 0.40387369791666666 0.436769394261424 0.084375 0.02975557917109458
0 0.40387369791666666 0.4707757704569607 0.084375 0.02975557917109458
0 0.40387369791666666 0.5047821466524973 0.084375 0.02975557917109458
0 0.40387369791666666 0.538788522848034 0.084375 0.02975557917109458
0 0.40387369791666666 0.5727948990435706 0.084375 0.02975557917109458
1 0.4189534505208333 0.24017003188097769 0.01650390625 0.031880977683315624
0 0.41015625 0.31641870350690754 0.6125 0.039851222104144525
0 0.25390625 0.5262602948990436 0.3 0.3458255844845909
0 0.25390625 0.786845775770457 0.3 0.14133900106269925
0 0.27501220703125 0.8755811636556854 0.04833170572916667 0.019128586609989374
0 0.32464192708333334 0.8755811636556854 0.04676106770833333 0.019128586609989374
0 0.17552083333333332 0.9601072662061636 0.14322916666666666 0.07978546758767269
0 0.33203125 0.9601072662061636 0.14322916666666666 0.07978546758767269
0 0.4861979166666667 0.43344845908607865 0.13958333333333334 0.160201912858661
0 0.4861979166666667 0.5433049946865037 0.13958333333333334 0.04250797024442083
0 0.4379638671875 0.5975026567481403 0.043115234375 0.019128586609989374
0 0.4880777994791667 0.5975026567481403 0.05294596354166667 0.019128586609989374
0 0.4861979166666667 0.6463868225292242 0.13958333333333334 0.04250797024442083
0 0.44134928385416666 0.7005844845908608 0.049886067708333336 0.019128586609989374
0 0.4934773763020833 0.7005844845908608 0.05020345052083333 0.019128586609989374
0 0.4861979166666667 0.7494686503719448 0.13958333333333334 0.04250797024442083
0 0.5149454752604167 0.7845377258235919 0.050252278645833336 0.019128586609989374
0 0.48079020182291665 0.8227948990435706 0.12876790364583332 0.021253985122210415
0 0.4416585286458333 0.8663655685441021 0.05050455729166667 0.019128586609989374
0 0.4861979166666667 0.915249734325186 0.13958333333333334 0.04250797024442083
0 0.4379638671875 0.9694473963868225 0.043115234375 0.019128586609989374
0 0.4880777994791667 0.9694473963868225 0.05294596354166667 0.019128586609989374
0 0.4861979166666667 0.998538788522848 0.13958333333333334 0.002922422954303932
0 0.6466145833333333 0.41764080765143463 0.13958333333333334 0.06376195536663125
0 0.6719156901041666 0.463336875664187 0.045458984375 0.019128586609989374
0 0.6466145833333333 0.512221041445271 0.13958333333333334 0.04250797024442083
0 0.6812215169270833 0.5472901168969182 0.046769205729166666 0.019128586609989374
0 0.6466145833333333 0.6068012752391073 0.13958333333333334 0.06376195536663125
0 0.6011637369791667 0.6716259298618491 0.048681640625 0.019128586609989374
0 0.65208740234375 0.6716259298618491 0.0489990234375 0.019128586609989374
0 0.6466145833333333 0.720510095642933 0.13958333333333334 0.04250797024442083
0 0.6001017252604167 0.7747077577045696 0.0465576171875 0.019128586609989374
0 0.6472452799479167 0.7747077577045696 0.043562825520833334 0.019128586609989374
0 0.6466145833333333 0.8235919234856536 0.13958333333333334 0.04250797024442083
0 0.6020751953125 0.8777895855472901 0.05050455729166667 0.019128586609989374
0 0.6466145833333333 0.9373007438894793 0.13958333333333334 0.06376195536663125
0 0.676171875 0.9829968119022316 0.0509765625 0.019128586609989374
2 0.8190104166666666 0.3177470775770457 0.1625 0.04250797024442083
1 0.8190104166666666 0.3900189293304995 0.073095703125 0.025521386822529225
0 0.8190104166666666 0.4312068278427205 0.15 0.018597236981934114
1 0.7544921875 0.45910268331562165 0.020963541666666665 0.025504782146652496
1 0.7814656575520833 0.45910268331562165 0.0329833984375 0.025504782146652496
1 0.8105753580729167 0.45910268331562165 0.025236002604166665 0.025504782146652496
1 0.8376912434895833 0.45910268331562165 0.028995768229166666 0.025504782146652496
1 0.87762451171875 0.45910268331562165 0.05087076822916667 0.025504782146652496
1 0.9251261393229167 0.45910268331562165 0.04413248697916667 0.025504782146652496
1 0.97359619140625 0.45910268331562165 0.0528076171875 0.025504782146652496
0 0.7656209309895833 0.5390708023379384 0.04322102864583333 0.09829968119022317
0 0.8197794596354167 0.5390708023379384 0.04322102864583333 0.09829968119022317
0 0.8741984049479167 0.5390708023379384 0.043741861979166664 0.09829968119022317
0 0.7656209309895833 0.6554363708820404 0.04322102864583333 0.09829968119022317
0 0.8197794596354167 0.6554363708820404 0.04322102864583333 0.09829968119022317
0 0.8741984049479167 0.6554363708820404 0.043741861979166664 0.09829968119022317
1 0.8127604166666667 0.7311536928799149 0.0125 0.025504782146652496
1 0.8252604166666667 0.7311536928799149 0.0125 0.025504782146652496
0 0.8190104166666666 0.789336477151966 0.15 0.035600425079702444
1 0.81900634765625 0.8634514479277364 0.03881022135416667 0.033989771519659935
0 0.8190104166666666 0.9428799149840595 0.15 0.018597236981934114
0 0.8190104166666666 0.9782146652497343 0.15 0.031880977683315624
1 0.9833333333333333 0.03400637619553666 0.0125 0.025504782146652496
1 0.4752604166666667 0.04250797024442083 0.0010416666666666667 0.0021253985122210413
