0 0.058203125 0.03400637619553666 0.08723958333333333 0.06801275239107332
1 0.12976888020833333 0.03400637619553666 0.04130859375 0.06801275239107332
1 0.16778157552083334 0.03400637619553666 0.034716796875 0.06801275239107332
1 0.2059814453125 0.03400637619553666 0.04168294270833333 0.06801275239107332
1 0.24584554036458334 0.03400637619553666 0.038045247395833336 0.06801275239107332
1 0.28076578776041666 0.03400637619553666 0.03179524739583333 0.06801275239107332
1 0.9322916666666666 0.03400637619553666 0.025 0.05100956429330499
1 0.9572916666666667 0.03400637619553666 0.025 0.05100956429330499
1 0.9822916666666667 0.03400637619553666 0.025 0.05100956429330499
0 0.19468587239583332 0.11052072263549416 0.06437174479166667 0.03400637619553666
0 0.2602783203125 0.11052072263549416 0.05431315104166667 0.03400637619553666
0 0.32052815755208336 0.11052072263549416 0.0536865234375 0.03400637619553666
0 0.37434488932291665 0.11052072263549416 0.04144694010416667 0.03400637619553666
0 0.4403767903645833 0.11052072263549416 0.07811686197916666 0.03400637619553666
0 0.5129964192708333 0.11052072263549416 0.05462239583333333 0.03400637619553666
0 0.2994791666666667 0.39419500531349627 0.27395833333333336 0.41857066950053134
0 0.27460123697916666 0.5514080765143464 0.19920247395833332 0.053134962805526036
0 0.5859375 0.39419500531349627 0.27395833333333336 0.41857066950053134
0 0.5610595703125 0.5514080765143464 0.19920247395833332 0.053134962805526036
1 0.6855387369791667 0.5418437832093518 0.04479166666666667 0.03400637619553666
0 0.8677083333333333 0.39419500531349627 0.26458333333333334 0.41857066950053134
0 0.8475179036458333 0.5514080765143464 0.19920247395833332 0.053134962805526036
1 0.9719970703125 0.5418437832093518 0.04479166666666667 0.03400637619553666
1 0.18792724609375 0.7161264612114772 0.0508544921875 0.03400637619553666
1 0.2529052734375 0.7161264612114772 0.0666015625 0.03400637619553666
1 0.31832275390625 0.7161264612114772 0.0517333984375 0.03400637619553666
0 0.2708333333333333 0.8053931987247609 0.21666666666666667 0.10201912858660998
0 0.2708333333333333 0.9074123273113709 0.21666666666666667 0.10201912858660998
0 0.2708333333333333 0.9792109458023379 0.21666666666666667 0.04157810839532412
0 0.5 0.8053931987247609 0.21666666666666667 0.10201912858660998
0 0.5 0.9074123273113709 0.21666666666666667 0.10201912858660998
0 0.5 0.9792109458023379 0.21666666666666667 0.04157810839532412
0 0.7291666666666666 0.8053931987247609 0.21666666666666667 0.10201912858660998
0 0.7291666666666666 0.9074123273113709 0.21666666666666667 0.10201912858660998
0 0.7291666666666666 0.9792109458023379 0.21666666666666667 0.04157810839532412
0 0.925 0.8053931987247609 0.15 0.10201912858660998
0 0.925 0.9074123273113709 0.15 0.10201912858660998
0 0.925 0.9792109458023379 0.15 0.04157810839532412
