0 0.37057291666666664 0.04994686503719448 0.24114583333333334 0.09989373007438895
0 0.34608154296875 0.5844845908607864 0.1452880859375 0.031880977683315624
0 0.49490966796875 0.22476089266737515 0.029402669270833334 0.020191285866099893
0 0.5183919270833334 0.24495217853347503 0.0763671875 0.020191285866099893
0 0.5816935221354167 0.24495217853347503 0.0357666015625 0.020191285866099893
0 0.4973673502604167 0.2651434643995749 0.034318033854166666 0.020191285866099893
0 0.49521484375 0.28533475026567484 0.030013020833333334 0.020191285866099893
0 0.49476725260416665 0.3055260361317747 0.029117838541666666 0.020191285866099893
0 0.5116007486979167 0.3257173219978746 0.06278483072916667 0.020191285866099893
0 0.4993367513020833 0.3459086078639745 0.0382568359375 0.020191285866099893
0 0.49546712239583335 0.3660998937300744 0.030517578125 0.020191285866099893
0 0.495263671875 0.38629117959617426 0.030110677083333332 0.020191285866099893
0 0.4940999348958333 0.4064824654622742 0.027783203125 0.020191285866099893
0 0.49931640625 0.4266737513283741 0.03821614583333333 0.020191285866099893
0 0.49483642578125 0.44686503719447396 0.029256184895833332 0.020191285866099893
0 0.49795735677083336 0.4670563230605739 0.035498046875 0.020191285866099893
0 0.49510091145833335 0.48724760892667374 0.02978515625 0.020191285866099893
0 0.49549560546875 0.5074388947927736 0.030574544270833334 0.020191285866099893
0 0.48971761067708336 0.5276301806588736 0.0190185546875 0.020191285866099893
0 0.49278564453125 0.5478214665249734 0.025154622395833333 0.020191285866099893
0 0.5077962239583333 0.5680127523910733 0.05517578125 0.020191285866099893
0 0.49937337239583335 0.5882040382571733 0.038330078125 0.020191285866099893
0 0.5062540690104167 0.6083953241232731 0.05209147135416667 0.020191285866099893
0 0.5574178059895833 0.6083953241232731 0.0357666015625 0.020191285866099893
0 0.49151204427083334 0.628586609989373 0.022607421875 0.020191285866099893
0 0.5053955078125 0.6487778958554729 0.050374348958333336 0.020191285866099893
0 0.49593912760416664 0.6689691817215728 0.03146158854166667 0.020191285866099893
0 0.4940266927083333 0.6891604675876727 0.02763671875 0.020191285866099893
0 0.49744873046875 0.7093517534537725 0.03448079427083333 0.020191285866099893
0 0.4983723958333333 0.7295430393198725 0.036328125 0.020191285866099893
0 0.49769694010416665 0.7497343251859724 0.03497721354166667 0.020191285866099893
0 0.49789225260416664 0.7699256110520722 0.03536783854166667 0.020191285866099893
0 0.4919352213541667 0.7901168969181721 0.023453776041666666 0.020191285866099893
0 0.4966227213541667 0.8103081827842721 0.03282877604166667 0.020191285866099893
0 0.52386474609375 0.8304994686503719 0.08731282552083333 0.020191285866099893
0 0.5952229817708333 0.8304994686503719 0.040934244791666664 0.020191285866099893
0 0.6400349934895834 0.8304994686503719 0.034220377604166664 0.020191285866099893
0 0.68748779296875 0.8304994686503719 0.0462158203125 0.020191285866099893
0 0.49415690104166665 0.8506907545164718 0.027897135416666666 0.020191285866099893
0 0.5136637369791667 0.8708820403825718 0.06691080729166667 0.020191285866099893
