0 0.5566691080729167 0.03719447396386823 0.043497721354166664 0.07438894792773645
0 0.6183837890625 0.03719447396386823 0.07556966145833334 0.07438894792773645
0 0.6850992838541666 0.03719447396386823 0.05349934895833333 0.07438894792773645
0 0.7372233072916666 0.03719447396386823 0.04638671875 0.07438894792773645
1 0.5 0.43251859723698194 0.49895833333333334 0.03400637619553666
0 0.453125 0.43251859723698194 0.01875 0.03400637619553666
1 0.471875 0.43251859723698194 0.01875 0.03400637619553666
1 0.490625 0.43251859723698194 0.01875 0.03400637619553666
1 0.509375 0.43251859723698194 0.01875 0.03400637619553666
1 0.528125 0.43251859723698194 0.01875 0.03400637619553666
1 0.546875 0.43251859723698194 0.01875 0.03400637619553666
0 0.5 0.5079702444208289 0.16666666666666666 0.053134962805526036
