0 0.21702067057291666 0.8212838735387885 0.05606282552083333 0.019128586609989374
1 0.20025227864583334 0.8705831562167906 0.08487955729166667 0.0246413390010627
1 0.22942708333333334 0.9334816684378321 0.14322916666666666 0.041644527098831034
0 0.20416666666666666 0.03308481668437832 0.058333333333333334 0.03216325717321998
0 0.7818359375 0.033076514346439954 0.086328125 0.028692879914984058
0 0.19466145833333334 0.09858196068012752 0.039322916666666666 0.028692879914984058
1 0.25830078125 0.09858196068012752 0.050455729166666664 0.028692879914984058
0 0.32296549479166664 0.09858196068012752 0.04137369791666667 0.028692879914984058
0 0.23101399739583334 0.616182917109458 0.09431966145833333 0.023379383634431455
0 0.3825480143229167 0.7934212274176408 0.0677001953125 0.023379383634431455
0 0.5529581705729166 0.7934212274176408 0.0788330078125 0.023379383634431455
0 0.7064615885416666 0.7934212274176408 0.05615234375 0.023379383634431455
