0 0.1972412109375 0.02910799681190223 0.09552408854166666 0.05821599362380446
2 0.5989990234375 0.02910799681190223 0.18229166666666666 0.036131774707757705
1 0.6799397786458333 0.02910799681190223 0.02041015625 0.036131774707757705
1 0.7306111653645834 0.02910799681190223 0.06273600260416666 0.03995085015940489
1 0.8107991536458333 0.02910799681190223 0.079443359375 0.03995085015940489
0 0.20048828125 0.10391206163655685 0.11075846354166667 0.02975557917109458
0 0.20048828125 0.14429463336875664 0.11075846354166667 0.02975557917109458
0 0.20048828125 0.18467720510095642 0.11075846354166667 0.02975557917109458
0 0.20048828125 0.22505977683315623 0.11075846354166667 0.02975557917109458
0 0.20048828125 0.265442348565356 0.11075846354166667 0.02975557917109458
0 0.20048828125 0.3058249202975558 0.11075846354166667 0.02975557917109458
0 0.20048828125 0.3462074920297556 0.11075846354166667 0.02975557917109458
0 0.20048828125 0.38659006376195537 0.11075846354166667 0.02975557917109458
0 0.20048828125 0.42697263549415515 0.11075846354166667 0.02975557917109458
0 0.20048828125 0.46735520722635493 0.11075846354166667 0.02975557917109458
0 0.20048828125 0.5077377789585548 0.11075846354166667 0.02975557917109458
0 0.20048828125 0.5481203506907545 0.11075846354166667 0.02975557917109458
0 0.20048828125 0.6331362911795961 0.11075846354166667 0.02975557917109458
0 0.20048828125 0.673518862911796 0.11075846354166667 0.02975557917109458
0 0.20048828125 0.7139014346439958 0.11075846354166667 0.02975557917109458
0 0.20048828125 0.7542840063761955 0.11075846354166667 0.02975557917109458
0 0.20048828125 0.7946665781083954 0.11075846354166667 0.02975557917109458
0 0.5719482421875 0.2733046625929862 0.173779296875 0.062483395324123274
0 0.5191731770833333 0.3305824920297556 0.028157552083333332 0.01700318809776833
1 0.2748209635416667 0.6876494420828906 0.014583333333333334 0.02975557917109458
1 0.6661376953125 0.6876494420828906 0.014583333333333334 0.02975557917109458
0 0.04669596354166667 0.7197130712008502 0.08645833333333333 0.045828905419766204
0 0.043009440104166664 0.7877590329436769 0.039013671875 0.01700318809776833
0 0.140966796875 0.7311619952178533 0.08645833333333333 0.06872675345377258
0 0.13153889973958333 0.7877590329436769 0.027530924479166666 0.01700318809776833
0 0.23523763020833333 0.7082558448459086 0.08645833333333333 0.022914452709883102
0 0.2225830078125 0.7877590329436769 0.021077473958333332 0.01700318809776833
0 0.3295084635416667 0.7082558448459086 0.08645833333333333 0.022914452709883102
0 0.32005615234375 0.7877590329436769 0.027482096354166666 0.01700318809776833
0 0.423779296875 0.7311619952178533 0.08645833333333333 0.06872675345377258
0 0.41666259765625 0.7877590329436769 0.0321533203125 0.01700318809776833
0 0.5180501302083333 0.7311619952178533 0.08645833333333333 0.06872675345377258
0 0.5094685872395833 0.7877590329436769 0.0292236328125 0.01700318809776833
0 0.6123209635416667 0.7197130712008502 0.08645833333333333 0.045828905419766204
0 0.6030436197916667 0.7877590329436769 0.02783203125 0.01700318809776833
0 0.7286376953125 0.24470310839532414 0.07395833333333333 0.031880977683315624
0 0.8025960286458333 0.24470310839532414 0.07395833333333333 0.031880977683315624
0 0.7831949869791667 0.3186603347502657 0.09088541666666666 0.041644527098831034
0 0.7831949869791667 0.41079968119022314 0.09088541666666666 0.020822263549415517
0 0.7831949869791667 0.5133501594048884 0.09088541666666666 0.020822263549415517
0 0.7831949869791667 0.6263117693942615 0.09088541666666666 0.041644527098831034
