11 0.04110921223958333 0.019128586609989374 0.05096842447916667 0.03825717321997875
0 0.04110921223958333 0.019128586609989374 0.05096842447916667 0.03825717321997875
11 0.09309488932291667 0.019128586609989374 0.0530029296875 0.03825717321997875
0 0.09309488932291667 0.019128586609989374 0.0530029296875 0.03825717321997875
11 0.14146321614583332 0.019128586609989374 0.04373372395833333 0.03825717321997875
0 0.14146321614583332 0.019128586609989374 0.04373372395833333 0.03825717321997875
11 0.19296468098958333 0.019128586609989374 0.05926920572916667 0.03825717321997875
0 0.19296468098958333 0.019128586609989374 0.05926920572916667 0.03825717321997875
11 0.25714111328125 0.019128586609989374 0.06908365885416666 0.03825717321997875
0 0.25714111328125 0.019128586609989374 0.06908365885416666 0.03825717321997875
0 0.91978759765625 0.019128586609989374 0.011873372395833333 0.03825717321997875
0 0.93270263671875 0.019128586609989374 0.011873372395833333 0.03825717321997875
0 0.94561767578125 0.019128586609989374 0.011873372395833333 0.03825717321997875
0 0.9650960286458333 0.019128586609989374 0.011458333333333333 0.01487778958554729
0 0.9650960286458333 0.019128586609989374 0.011458333333333333 0.01487778958554729
0 0.97994384765625 0.019128586609989374 0.0088623046875 0.03825717321997875
1 0.022395833333333334 0.08395324123273114 0.013541666666666667 0.04782146652497343
0 0.5 0.08395324123273114 0.10677083333333333 0.09139213602550478
1 0.9532958984375 0.08395324123273114 0.062158203125 0.03719447396386823
11 0.3002197265625 0.15727948990435706 0.07314453125 0.057385759829968117
0 0.3002197265625 0.15727948990435706 0.07314453125 0.057385759829968117
11 0.3846354166666667 0.15727948990435706 0.09568684895833333 0.057385759829968117
0 0.3846354166666667 0.15727948990435706 0.09568684895833333 0.057385759829968117
11 0.47515869140625 0.15727948990435706 0.08535970052083333 0.057385759829968117
0 0.47515869140625 0.15727948990435706 0.08535970052083333 0.057385759829968117
11 0.5708658854166667 0.15727948990435706 0.1060546875 0.057385759829968117
0 0.5708658854166667 0.15727948990435706 0.1060546875 0.057385759829968117
11 0.6801188151041667 0.15727948990435706 0.112451171875 0.057385759829968117
0 0.6801188151041667 0.15727948990435706 0.112451171875 0.057385759829968117
0 0.9794637044270833 0.15727948990435706 0.009822591145833334 0.04782146652497343
0 0.34348958333333335 0.44699787460148777 0.31197916666666664 0.4774176408076514
0 0.21078287760416667 0.5767468119022316 0.025341796875 0.023379383634431455
0 0.34348958333333335 0.6172124070138151 0.29075520833333335 0.029921625929861848
0 0.22064208984375 0.6539585547290117 0.045060221354166666 0.018065887353878853
0 0.6565104166666667 0.44699787460148777 0.31197916666666664 0.4774176408076514
0 0.5238037109375 0.5468251859723698 0.025341796875 0.023379383634431455
0 0.6565104166666667 0.6022515940488842 0.29075520833333335 0.059843251859723695
0 0.5336629231770833 0.6539585547290117 0.045060221354166666 0.018065887353878853
0 0.265234375 0.7935706695005313 0.15546875 0.21147715196599362
0 0.21767578125 0.9258767268862912 0.0603515625 0.019128586609989374
0 0.26263020833333334 0.9735653560042508 0.15026041666666667 0.052869287991498405
0 0.4217447916666667 0.7935706695005313 0.15546875 0.21147715196599362
0 0.3707356770833333 0.9258767268862912 0.053450520833333334 0.019128586609989374
0 0.419140625 0.9735653560042508 0.15026041666666667 0.052869287991498405
0 0.5782552083333333 0.7935706695005313 0.15546875 0.21147715196599362
0 0.51004638671875 0.9258767268862912 0.019051106770833333 0.019128586609989374
0 0.5756510416666667 0.9702444208289054 0.15026041666666667 0.04622741764080765
0 0.734765625 0.7935706695005313 0.15546875 0.21147715196599362
0 0.6665568033854167 0.9258767268862912 0.019051106770833333 0.019128586609989374
0 0.7321614583333333 0.9702444208289054 0.15026041666666667 0.04622741764080765
