1 0.18333333333333332 0.03400637619553666 0.03333333333333333 0.06801275239107332
0 0.24088541666666666 0.03400637619553666 0.0734375 0.06801275239107332
0 0.6949788411458333 0.03400637619553666 0.04723307291666667 0.06801275239107332
0 0.7464518229166667 0.03400637619553666 0.055712890625 0.06801275239107332
0 0.80382080078125 0.03400637619553666 0.05902506510416667 0.06801275239107332
2 0.48333333333333334 0.4250797024442083 0.4791666666666667 0.06801275239107332
1 0.7395833333333334 0.4250797024442083 0.03333333333333333 0.06801275239107332
0 0.2546875 0.7285633634431455 0.15104166666666666 0.085846174282678
0 0.41822916666666665 0.7285633634431455 0.15104166666666666 0.085846174282678
0 0.5817708333333333 0.7285633634431455 0.15104166666666666 0.085846174282678
0 0.7453125 0.7285633634431455 0.15104166666666666 0.085846174282678
1 0.2031982421875 0.8992096174282678 0.04806315104166667 0.048884165781083955
1 0.2490234375 0.8992096174282678 0.04358723958333333 0.048884165781083955
1 0.28665771484375 0.8992096174282678 0.03168131510416667 0.048884165781083955
1 0.32259928385416664 0.8992096174282678 0.040201822916666664 0.048884165781083955
0 0.22742919921875 0.9751095908607864 0.09652506510416667 0.0497808182784272
0 0.33645426432291664 0.9751095908607864 0.09652506510416667 0.0497808182784272
0 0.44547932942708335 0.9751095908607864 0.09652506510416667 0.0497808182784272
0 0.55450439453125 0.9751095908607864 0.09652506510416667 0.0497808182784272
0 0.6635294596354167 0.9751095908607864 0.09652506510416667 0.0497808182784272
0 0.7725545247395833 0.9751095908607864 0.09652506510416667 0.0497808182784272
