0 0.0978271484375 0.03400637619553666 0.067529296875 0.02763018065887354
1 0.18539225260416667 0.03400637619553666 0.057600911458333334 0.06801275239107332
1 0.2495361328125 0.03400637619553666 0.07068684895833334 0.06801275239107332
1 0.3230509440104167 0.03400637619553666 0.0763427734375 0.06801275239107332
1 0.8833333333333333 0.03400637619553666 0.022916666666666665 0.04675876726886291
1 0.90625 0.03400637619553666 0.022916666666666665 0.04675876726886291
1 0.9552083333333333 0.03400637619553666 0.06458333333333334 0.05004649309245483
0 0.3651041666666667 0.33776401434643993 0.48020833333333335 0.5395025239107333
0 0.1875 0.5947628852284803 0.025 0.05100956429330499
0 0.3807291666666667 0.7371645855472901 0.4114583333333333 0.21679064824654623
0 0.5739583333333333 0.8965694739638682 0.025 0.05100956429330499
0 0.7229166666666667 0.22701912858661 0.21041666666666667 0.24149840595111582
0 0.6367635091145833 0.39027630180658873 0.0381103515625 0.05100956429330499
0 0.7229166666666667 0.45403825717322 0.21041666666666667 0.05951115834218916
0 0.7229166666666667 0.6300478214665249 0.21041666666666667 0.24149840595111582
0 0.6348470052083334 0.7933049946865037 0.03427734375 0.05100956429330499
0 0.7229166666666667 0.8528161530286928 0.21041666666666667 0.05100956429330499
1 0.9677083333333333 0.9787460148777896 0.022916666666666665 0.04250797024442083
