1 0.6078531901041667 0.031615302869287994 0.07574869791666666 0.02709883103081828
1 0.9833333333333333 0.031083953241232733 0.016666666666666666 0.03400637619553666
1 0.7040079752604167 0.07545164718384698 0.021036783854166668 0.022316684378320937
1 0.7486124674479167 0.07545164718384698 0.05150553385416667 0.022316684378320937
11 0.79801025390625 0.07545164718384698 0.030623372395833334 0.022316684378320937
1 0.838818359375 0.07545164718384698 0.034326171875 0.022316684378320937
11 0.8800740559895833 0.07545164718384698 0.0315185546875 0.022316684378320937
1 0.13020833333333334 0.12349727683315621 0.052083333333333336 0.0758999734325186
11 0.3463338216145833 0.13465561902231668 0.05420735677083333 0.09821665781083953
11 0.4212646484375 0.13465561902231668 0.045654296875 0.09821665781083953
11 0.4965087890625 0.13465561902231668 0.054833984375 0.09821665781083953
1 0.569775390625 0.13465561902231668 0.04169921875 0.09821665781083953
11 0.6456095377604166 0.13465561902231668 0.05996907552083333 0.09821665781083953
1 0.8672037760416667 0.13411596705632306 0.05725911458333333 0.04675876726886291
1 0.16023356119791668 0.8543603878852285 0.1121337890625 0.053134962805526036
1 0.2608846028645833 0.8543603878852285 0.07666829427083334 0.053134962805526036
1 0.00546875 0.009564293304994687 0.0109375 0.019128586609989374
0 0.4904866536458333 0.9623738044633369 0.042464192708333334 0.01700318809776833
1 0.7949951171875 0.9528178134962806 0.39332682291666665 0.06035799681190223
1 0.8080647786458334 0.9528178134962806 0.06510416666666667 0.04209285334750266
1 0.8815022786458333 0.9528178134962806 0.06510416666666667 0.0433548087141339
1 0.9549397786458333 0.9528178134962806 0.06510416666666667 0.0433548087141339
