0 0.18671875 0.057385759829968117 0.07760416666666667 0.04782146652497343
5 0.43802083333333336 0.04250797024442083 0.20104166666666667 0.01381509032943677
2 0.43802083333333336 0.057385759829968117 0.20104166666666667 0.06907545164718384
1 0.5567708333333333 0.057385759829968117 0.036458333333333336 0.06907545164718384
1 0.6890625 0.057385759829968117 0.09479166666666666 0.053134962805526036
1 0.6997355143229167 0.057385759829968117 0.016121419270833333 0.01381509032943677
1 0.8046875 0.057385759829968117 0.09479166666666666 0.053134962805526036
1 0.8153645833333333 0.057385759829968117 0.023681640625 0.01381509032943677
0 0.17735595703125 0.1381509032943677 0.0797119140625 0.04675876726886291
0 0.2527262369791667 0.1381509032943677 0.07102864583333333 0.04675876726886291
0 0.32521158854166665 0.1381509032943677 0.07394205729166667 0.04675876726886291
0 0.39997965494791665 0.1381509032943677 0.07559407552083333 0.04675876726886291
0 0.47431640625 0.1381509032943677 0.07307942708333333 0.04675876726886291
0 0.7753458658854167 0.1381509032943677 0.05010579427083333 0.04675876726886291
0 0.8314493815104167 0.1381509032943677 0.06210123697916667 0.04675876726886291
0 0.5 0.4062250929861849 0.7291666666666666 0.4893896121147715
0 0.21377360026041667 0.6971473166843783 0.0942138671875 0.026567481402763018
0 0.17637939453125 0.7561271253985122 0.019425455729166666 0.021253985122210415
0 0.3385009765625 0.7561271253985122 0.039290364583333334 0.021253985122210415
0 0.19675699869791666 0.8092620882040382 0.0601806640625 0.021253985122210415
0 0.34057210286458334 0.8092620882040382 0.03514811197916667 0.021253985122210415
0 0.18722737630208333 0.8623970510095643 0.041121419270833334 0.021253985122210415
0 0.3385009765625 0.8623970510095643 0.039290364583333334 0.021253985122210415
0 0.2025390625 0.9155320138150903 0.07174479166666667 0.021253985122210415
0 0.34057210286458334 0.9155320138150903 0.03514811197916667 0.021253985122210415
0 0.18435872395833333 0.9686669766206164 0.035384114583333334 0.021253985122210415
0 0.3394694010416667 0.9686669766206164 0.037353515625 0.021253985122210415
0 0.4558837890625 0.6971473166843783 0.10325520833333333 0.026567481402763018
0 0.42779134114583334 0.7561271253985122 0.0470703125 0.021253985122210415
0 0.5861857096354167 0.7561271253985122 0.019099934895833334 0.021253985122210415
0 0.4453125 0.8092620882040382 0.08211263020833333 0.021253985122210415
0 0.5861857096354167 0.8092620882040382 0.019099934895833334 0.021253985122210415
0 0.43024088541666666 0.8623970510095643 0.05196940104166667 0.021253985122210415
0 0.5861857096354167 0.8623970510095643 0.019099934895833334 0.021253985122210415
0 0.43701578776041666 0.9155320138150903 0.06551920572916667 0.021253985122210415
0 0.5861857096354167 0.9155320138150903 0.019099934895833334 0.021253985122210415
0 0.448779296875 0.9686669766206164 0.08904622395833334 0.021253985122210415
0 0.5861857096354167 0.9686669766206164 0.019099934895833334 0.021253985122210415
0 0.6752685546875 0.6971473166843783 0.066845703125 0.026567481402763018
0 0.6613932291666667 0.7561271253985122 0.03909505208333333 0.021253985122210415
0 0.8146484375 0.7561271253985122 0.037353515625 0.021253985122210415
0 0.6624104817708333 0.8092620882040382 0.04112955729166667 0.021253985122210415
0 0.8146484375 0.8092620882040382 0.037353515625 0.021253985122210415
0 0.6635498046875 0.8623970510095643 0.043408203125 0.021253985122210415
0 0.8146484375 0.8623970510095643 0.037353515625 0.021253985122210415
0 0.6670247395833333 0.9155320138150903 0.05035807291666667 0.021253985122210415
0 0.8146484375 0.9155320138150903 0.037353515625 0.021253985122210415
0 0.6631022135416667 0.9686669766206164 0.04251302083333333 0.021253985122210415
0 0.8146484375 0.9686669766206164 0.037353515625 0.021253985122210415
