0 0.18203125 0.05764313230605739 0.0390625 0.09283674282678002
8 0.5236979166666667 0.05765143464399575 0.6276041666666666 0.1153028692879915
0 0.6186197916666667 0.031615302869287994 0.013639322916666667 0.02138682252922423
0 0.6341634114583333 0.031615302869287994 0.017447916666666667 0.02138682252922423
0 0.6509765625 0.031615302869287994 0.016178385416666666 0.02138682252922423
13 0.6509765625 0.03128320935175345 0.00888671875 0.020722635494155154
0 0.6671549479166666 0.031615302869287994 0.016178385416666666 0.02138682252922423
0 0.6846028645833333 0.031615302869287994 0.018717447916666668 0.02138682252922423
0 0.7044189453125 0.031615302869287994 0.017447916666666667 0.02138682252922423
0 0.7328531901041667 0.031615302869287994 0.03942057291666667 0.020722635494155154
1 0.79503173828125 0.031615302869287994 0.0849365234375 0.03134962805526036
8 0.55631103515625 0.08926673751328375 0.08272298177083333 0.052072263549415514
0 0.55631103515625 0.08926673751328375 0.08272298177083333 0.052072263549415514
8 0.64449462890625 0.08926673751328375 0.0519775390625 0.052072263549415514
0 0.64449462890625 0.08926673751328375 0.0519775390625 0.052072263549415514
0 0.7023763020833333 0.08926673751328375 0.022119140625 0.052072263549415514
0 0.763720703125 0.08926673751328375 0.05890299479166667 0.052072263549415514
8 0.8257527669270833 0.08926673751328375 0.023494466145833334 0.052072263549415514
0 0.8257527669270833 0.08926673751328375 0.023494466145833334 0.052072263549415514
2 0.43928629557291665 0.4410201912858661 0.2671142578125 0.057385759829968117
1 0.5946207682291667 0.4410201912858661 0.044596354166666664 0.057385759829968117
1 0.6555948893229167 0.4410201912858661 0.07735188802083333 0.057385759829968117
1 0.9713541666666666 0.9415515409139213 0.036458333333333336 0.07438894792773645
0 0.8892618815104166 0.8905419766206164 0.0048095703125 0.023379383634431455
0 0.38660074869791666 0.9309245483528161 0.07119954427083333 0.023379383634431455
1 0.07249755859375 0.9691817215727949 0.0449951171875 0.02975557917109458
1 0.137939453125 0.9691817215727949 0.072900390625 0.02975557917109458
