0 0.21883951822916667 0.03795828905419766 0.058512369791666664 0.019128586609989374
0 0.6085611979166666 0.039851222104144525 0.03017578125 0.019128586609989374
0 0.6572835286458333 0.039851222104144525 0.04122721354166667 0.019128586609989374
0 0.6996012369791667 0.039851222104144525 0.017366536458333335 0.019128586609989374
0 0.7322428385416667 0.039851222104144525 0.021875 0.019128586609989374
0 0.7833089192708333 0.039851222104144525 0.054215494791666666 0.019128586609989374
1 0.7833089192708333 0.039851222104144525 0.054215494791666666 0.040382571732199786
1 0.240625 0.7120417109458024 0.10208333333333333 0.048884165781083955
0 0.3300577799479167 0.9638682252922423 0.0142822265625 0.021253985122210415
0 0.35515950520833334 0.9638682252922423 0.019254557291666665 0.021253985122210415
0 0.3824462890625 0.9638682252922423 0.01865234375 0.021253985122210415
0 0.4118570963541667 0.9638682252922423 0.023502604166666666 0.021253985122210415
0 0.44035237630208335 0.9638682252922423 0.0168212890625 0.021253985122210415
0 0.4639892578125 0.9638682252922423 0.013785807291666667 0.021253985122210415
0 0.49029541015625 0.9638682252922423 0.022159830729166666 0.021253985122210415
0 0.5190999348958333 0.9638682252922423 0.018782552083333334 0.021253985122210415
0 0.558642578125 0.9638682252922423 0.04363606770833333 0.021253985122210415
0 0.5987101236979167 0.9638682252922423 0.019832356770833334 0.021253985122210415
