1 0.34828287760416665 0.011897250265674814 0.06048177083333333 0.015292906482465462
1 0.34828287760416665 0.011689691817215728 0.06048177083333333 0.01487778958554729
0 0.15836995442708332 0.10190289585547291 0.30111490885416664 0.020191285866099893
0 0.9752604166666666 0.07214731668437832 0.018229166666666668 0.03719447396386823
0 0.19895833333333332 0.20644593517534537 0.09375 0.020191285866099893
8 0.46750081380208336 0.17605107598299682 0.0463623046875 0.07181522316684379
1 0.46750081380208336 0.17605107598299682 0.0463623046875 0.07181522316684379
8 0.5177083333333333 0.17605107598299682 0.054052734375 0.07181522316684379
1 0.5177083333333333 0.17605107598299682 0.054052734375 0.07181522316684379
8 0.563037109375 0.17605107598299682 0.036604817708333334 0.07181522316684379
1 0.563037109375 0.17605107598299682 0.036604817708333334 0.07181522316684379
8 0.6063232421875 0.17605107598299682 0.049967447916666664 0.07181522316684379
1 0.6063232421875 0.17605107598299682 0.049967447916666664 0.07181522316684379
8 0.6510701497395833 0.17605107598299682 0.0395263671875 0.07181522316684379
1 0.6510701497395833 0.17605107598299682 0.0395263671875 0.07181522316684379
0 0.7732625325520833 0.1542740435706695 0.07246907552083333 0.020191285866099893
0 0.828125 0.1542740435706695 0.008333333333333333 0.020191285866099893
1 0.8401041666666667 0.15501295164718384 0.015625 0.021669102019128587
2 0.7802083333333333 0.18881176939426142 0.13541666666666666 0.04250797024442083
1 0.8375 0.18881176939426142 0.020833333333333332 0.04250797024442083
0 0.3192057291666667 0.3778393995749203 0.12174479166666667 0.024442082890541977
1 0.2961181640625 0.5851736849096706 0.07556966145833334 0.04717388416578108
1 0.453125 0.7013316950053134 0.009375 0.019128586609989374
1 0.46875 0.7013316950053134 0.009375 0.019128586609989374
1 0.484375 0.7013316950053134 0.009375 0.019128586609989374
1 0.5 0.7013316950053134 0.009375 0.019128586609989374
1 0.515625 0.7013316950053134 0.009375 0.019128586609989374
1 0.53125 0.7013316950053134 0.009375 0.019128586609989374
1 0.546875 0.7013316950053134 0.009375 0.019128586609989374
0 0.19422607421875 0.8777065621679064 0.05303548177083333 0.022316684378320937
0 0.22473958333333333 0.9160633634431455 0.1140625 0.02975557917109458
0 0.3349690755208333 0.8777065621679064 0.025146484375 0.022316684378320937
0 0.37942708333333336 0.9160633634431455 0.1140625 0.02975557917109458
0 0.4937337239583333 0.8777065621679064 0.03330078125 0.022316684378320937
0 0.5341145833333333 0.9160633634431455 0.1140625 0.02975557917109458
0 0.6597330729166667 0.8777065621679064 0.055924479166666666 0.022316684378320937
0 0.6888020833333334 0.9086244686503719 0.1140625 0.01487778958554729
0 0.8185750325520833 0.8777065621679064 0.0642333984375 0.022316684378320937
0 0.8434895833333333 0.9086244686503719 0.1140625 0.01487778958554729
0 0.9705729166666667 0.8777065621679064 0.058854166666666666 0.022316684378320937
0 0.9705729166666667 0.9086244686503719 0.058854166666666666 0.01487778958554729
0 0.9622395833333334 0.9229543039319873 0.033854166666666664 0.06907545164718384
1 0.9040608723958333 0.9787460148777896 0.11062825520833333 0.04250797024442083
1 0.4322916666666667 0.40018099096705634 0.12291666666666666 0.10027563761955367
5 0.4322916666666667 0.40018099096705634 0.12291666666666666 0.10027563761955367
1 0.5677083333333334 0.40018099096705634 0.12291666666666666 0.10027563761955367
5 0.5677083333333334 0.40018099096705634 0.12291666666666666 0.10027563761955367
5 0.5 0.4875298884165781 0.25833333333333336 0.02341259298618491
4 0.5 0.5927537194473964 0.25833333333333336 0.17003188097768332
1 0.39612223307291666 0.7241299149840595 0.050577799479166664 0.04171094580233794
0 0.5897745768229167 0.8372409670563231 0.0433837890625 0.015940488841657812
1 0.6348958333333333 0.17210746546227418 0.021875 0.044633368756641874
