1 0.18802083333333333 0.04357066950053135 0.036458333333333336 0.07438894792773645
5 0.3695556640625 0.022848034006376194 0.0005208333333333333 0.0010626992561105207
2 0.4687744140625 0.04357066950053135 0.19791666666666666 0.040382571732199786
1 0.7544474283854167 0.04622741764080765 0.07754720052083333 0.02763018065887354
1 0.8140543619791667 0.048884165781083955 0.015625 0.031880977683315624
1 0.21063639322916666 0.15090329436769395 0.03828125 0.04250797024442083
1 0.299658203125 0.15090329436769395 0.0404296875 0.04250797024442083
1 0.39010009765625 0.15090329436769395 0.041121419270833334 0.04250797024442083
1 0.485693359375 0.15090329436769395 0.050732421875 0.04250797024442083
1 0.5837849934895833 0.15090329436769395 0.0461181640625 0.04250797024442083
1 0.6753824869791667 0.15090329436769395 0.037744140625 0.04250797024442083
1 0.7762288411458333 0.15090329436769395 0.114208984375 0.04250797024442083
1 0.79375 0.15090329436769395 0.011458333333333333 0.018065887353878853
1 0.4088541666666667 0.7410998937300743 0.41041666666666665 0.26268597236981933
1 0.4088541666666667 0.9425976354941552 0.41041666666666665 0.11480472901168969
1 0.40625 0.9065903958554729 0.41041666666666665 0.02153626461211477
1 0.5919270833333333 0.9076530951115834 0.0390625 0.02153626461211477
1 0.7 0.6696416710945803 0.17604166666666668 0.02153626461211477
1 0.7684895833333333 0.6707043703506907 0.0390625 0.02153626461211477
0 0.7 0.7011324388947928 0.17083333333333334 0.015940488841657812
0 0.7 0.7170729277364506 0.17083333333333334 0.015940488841657812
0 0.7 0.7330134165781084 0.17083333333333334 0.015940488841657812
0 0.7083333333333334 0.8150903294367694 0.17604166666666668 0.34006376195536664
