0 0.19921875 0.053134962805526036 0.020833333333333332 0.04250797024442083
0 0.59522705078125 0.053134962805526036 0.030428059895833335 0.021253985122210415
0 0.6482747395833334 0.053134962805526036 0.044417317708333334 0.021253985122210415
0 0.714794921875 0.053134962805526036 0.057373046875 0.021253985122210415
0 0.7851521809895833 0.053134962805526036 0.05209147135416667 0.021253985122210415
2 0.2721354166666667 0.5553599893730075 0.16666666666666666 0.03825717321997875
2 0.2721354166666667 0.6063695536663124 0.16666666666666666 0.03825717321997875
1 0.21200358072916667 0.68288390010627 0.046402994791666666 0.04675876726886291
1 0.294384765625 0.6850092986184909 0.09752604166666666 0.021253985122210415
5 0.19296875 0.7551474495217854 0.008333333333333333 0.01700318809776833
6 0.19427083333333334 0.7567414984059511 0.0067708333333333336 0.01381509032943677
5 0.23094889322916667 0.7535534006376196 0.055126953125 0.015940488841657812
0 0.22620442708333333 0.8348498937300743 0.0748046875 0.01700318809776833
0 0.3015869140625 0.8348498937300743 0.07596028645833333 0.01700318809776833
0 0.5296875 0.9988293703506907 0.068212890625 0.002341259298618491
0 0.5971516927083333 0.9988293703506907 0.06671549479166666 0.002341259298618491
0 0.6529296875 0.9988293703506907 0.044840494791666664 0.002341259298618491
1 0.700830078125 0.9988293703506907 0.05096028645833333 0.002341259298618491
