1 0.7405314127604167 0.027115435706695005 0.045939127604166664 0.03227948990435707
1 0.9635416666666666 0.027115435706695005 0.07291666666666667 0.05423087141339001
0 0.11197916666666667 0.09707093517534537 0.18229166666666666 0.06449256110520722
0 0.8101806640625 0.0669500531349628 0.021875 0.01700318809776833
0 0.8468709309895833 0.0669500531349628 0.027547200520833332 0.01700318809776833
0 0.8823527018229167 0.0669500531349628 0.0194580078125 0.01700318809776833
0 0.91351318359375 0.0669500531349628 0.018904622395833334 0.01700318809776833
0 0.9541910807291667 0.0669500531349628 0.038492838541666664 0.01700318809776833
0 0.7083333333333334 0.2568411264612115 0.07291666666666667 0.17003188097768332
1 0.47578125 0.296692348565356 0.3645833333333333 0.04569606801275239
2 0.48515625 0.2950982996811902 0.3645833333333333 0.04250797024442083
1 0.6321736653645833 0.2929729011689692 0.0476318359375 0.03825717321997875
0 0.2669921875 0.576182252922423 0.023567708333333333 0.012752391073326248
0 0.27271728515625 0.5937167906482466 0.035017903645833334 0.012752391073326248
0 0.27303873697916664 0.6112513283740701 0.035660807291666666 0.012752391073326248
0 0.26874186197916666 0.6287858660998937 0.027067057291666665 0.012752391073326248
0 0.33439534505208335 0.576182252922423 0.06621907552083334 0.012752391073326248
0 0.33074951171875 0.5937167906482466 0.05892740885416667 0.012752391073326248
0 0.32177734375 0.6112513283740701 0.04098307291666667 0.012752391073326248
0 0.39209391276041666 0.576182252922423 0.0283447265625 0.012752391073326248
0 0.38365478515625 0.5937167906482466 0.011466471354166667 0.012752391073326248
0 0.7239583333333334 0.64153825717322 0.052083333333333336 0.012752391073326248
