0 0.191650390625 0.015940488841657812 0.049967447916666664 0.031880977683315624
0 0.24268391927083333 0.015940488841657812 0.052099609375 0.031880977683315624
0 0.17291666666666666 0.09351753453772582 0.0125 0.025504782146652496
0 0.20885416666666667 0.09351753453772582 0.03854166666666667 0.031880977683315624
0 0.5 0.09351753453772582 0.25052083333333336 0.053134962805526036
1 0.7803385416666667 0.09351753453772582 0.04140625 0.031880977683315624
0 0.24549967447916668 0.17004018331562168 0.020279947916666666 0.017850026567481404
0 0.28320719401041666 0.17004018331562168 0.0405517578125 0.017850026567481404
0 0.32003580729166664 0.17004018331562168 0.018522135416666665 0.017850026567481404
0 0.35162760416666666 0.17004018331562168 0.030078125 0.017850026567481404
0 0.37884521484375 0.17004018331562168 0.009773763020833333 0.017850026567481404
0 0.3981526692708333 0.17004018331562168 0.0142578125 0.017850026567481404
0 0.42732340494791665 0.17004018331562168 0.029500325520833332 0.017850026567481404
0 0.45721435546875 0.17004018331562168 0.0156982421875 0.017850026567481404
0 0.4859700520833333 0.17004018331562168 0.027229817708333333 0.017850026567481404
0 0.5336995442708333 0.17004018331562168 0.05364583333333333 0.017850026567481404
0 0.5772501627604166 0.17004018331562168 0.0188720703125 0.017850026567481404
0 0.6064046223958334 0.17004018331562168 0.024853515625 0.017850026567481404
0 0.63492431640625 0.17004018331562168 0.0176025390625 0.017850026567481404
0 0.6656575520833333 0.17004018331562168 0.029280598958333334 0.017850026567481404
0 0.6954874674479167 0.17004018331562168 0.0157958984375 0.017850026567481404
0 0.7199503580729166 0.17004018331562168 0.018546549479166667 0.017850026567481404
0 0.5041666666666667 0.7137768995749203 0.26666666666666666 0.3627291445270988
0 0.271875 0.6168969181721573 0.17291666666666666 0.1689691817215728
0 0.34883219401041665 0.7247608926673751 0.019002278645833332 0.015940488841657812
0 0.271875 0.8012752391073327 0.17291666666666666 0.044633368756641874
0 0.19292399088541667 0.8660998937300743 0.0150146484375 0.01700318809776833
1 0.34208984375 0.8660998937300743 0.032486979166666666 0.021253985122210415
0 0.20207926432291667 0.9721871679064825 0.0333251953125 0.01381509032943677
0 0.2552083333333333 0.9937981535600425 0.13958333333333334 0.012403692879914984
0 0.3507161458333333 0.9721871679064825 0.018098958333333335 0.01381509032943677
0 0.4114583333333333 0.9937981535600425 0.13958333333333334 0.012403692879914984
0 0.5120279947916667 0.9721871679064825 0.02822265625 0.01381509032943677
0 0.5677083333333334 0.9937981535600425 0.13958333333333334 0.012403692879914984
0 0.7364583333333333 0.7767003188097769 0.15625 0.2367162592986185
0 0.5514892578125 0.9521785334750266 0.044873046875 0.019128586609989374
1 0.6309895833333333 0.9426142401700319 0.03564453125 0.03231269925611052
