0 0.16638997395833333 0.047157279489904357 0.020279947916666666 0.039319872476089264
0 0.20797119140625 0.047157279489904357 0.037882486979166664 0.039319872476089264
0 0.25033365885416664 0.047157279489904357 0.013509114583333334 0.039319872476089264
0 0.2805908203125 0.047157279489904357 0.022005208333333335 0.039319872476089264
0 0.5 0.0334750265674814 0.07486979166666667 0.021253985122210415
0 0.8385416666666666 0.0334750265674814 0.010416666666666666 0.030818278427205102
0 0.31824137369791666 0.2407761025504782 0.0247802734375 0.018215329436769394
0 0.234375 0.4283508235919235 0.15625 0.2573392667375133
0 0.4114583333333333 0.4390857465462274 0.15625 0.2788091126461211
0 0.5885416666666666 0.4283508235919235 0.15625 0.2573392667375133
0 0.765625 0.4283508235919235 0.15625 0.2573392667375133
0 0.3023885091145833 0.6237297422954304 0.0247802734375 0.018215329436769394
0 0.234375 0.8327743092454836 0.15625 0.300278958554729
0 0.4114583333333333 0.8113044633368757 0.15625 0.2573392667375133
0 0.5885416666666666 0.8220393862911796 0.15625 0.2788091126461211
0 0.765625 0.8113044633368757 0.15625 0.2573392667375133
