0 0.2667317708333333 0.31668437832093516 0.030940755208333334 0.019128586609989374
0 0.2956339518229167 0.31668437832093516 0.026863606770833333 0.019128586609989374
0 0.3438232421875 0.31668437832093516 0.06951497395833334 0.019128586609989374
0 0.39691162109375 0.31668437832093516 0.036661783854166664 0.019128586609989374
0 0.43250732421875 0.31668437832093516 0.034529622395833334 0.019128586609989374
0 0.4870808919270833 0.31668437832093516 0.07461751302083333 0.019128586609989374
0 0.54356689453125 0.31668437832093516 0.0383544921875 0.019128586609989374
0 0.5963338216145834 0.31668437832093516 0.06717936197916667 0.019128586609989374
0 0.6483357747395834 0.31668437832093516 0.036824544270833336 0.019128586609989374
0 0.6986246744791667 0.31668437832093516 0.06375325520833333 0.019128586609989374
0 0.7396158854166667 0.31646851753453775 0.018229166666666668 0.022947662061636558
1 0.21458333333333332 0.4016006907545165 0.0125 0.04250797024442083
1 0.23984375 0.4016006907545165 0.013020833333333334 0.028692879914984058
0 0.28118896484375 0.40287925079702447 0.036336263020833336 0.019128586609989374
0 0.3329671223958333 0.40287925079702447 0.042220052083333334 0.019128586609989374
0 0.38978271484375 0.40287925079702447 0.0464111328125 0.019128586609989374
0 0.5 0.4016006907545165 0.15 0.08568012752391073
0 0.71353759765625 0.40181655154091395 0.0247802734375 0.019128586609989374
1 0.21458333333333332 0.4837606269925611 0.0125 0.04250797024442083
1 0.24401041666666667 0.4837606269925611 0.013020833333333334 0.028692879914984058
0 0.28885498046875 0.48375232465462276 0.0433349609375 0.024757571732199786
0 0.50849609375 0.4837440223166844 0.36261393229166666 0.019128586609989374
0 0.7792765299479166 0.4839764877789586 0.0247802734375 0.019128586609989374
0 0.25196940104166665 0.4890741232731137 0.05810546875 0.019128586609989374
0 0.4009033203125 0.4890741232731137 0.058756510416666664 0.019128586609989374
0 0.5651163736979167 0.4890741232731137 0.0899658203125 0.019128586609989374
0 0.39140625 0.8295530021253985 0.3328125 0.340893995749203
0 0.39140625 0.6336012221041445 0.32447916666666665 0.03400637619553666
2 0.5359375 0.08931655154091392 0.115625 0.028692879914984058
1 0.6301432291666667 0.08931655154091392 0.039453125 0.028692879914984058
1 0.6301432291666667 0.09059511158342189 0.039453125 0.019128586609989374
0 0.44271240234375 0.12491697662061636 0.03911946614583333 0.01700318809776833
0 0.50740966796875 0.12491697662061636 0.03964029947916667 0.01700318809776833
0 0.58670654296875 0.1421194208289054 0.03998209635416667 0.01700318809776833
0 0.645703125 0.1421194208289054 0.050065104166666666 0.01700318809776833
0 0.21666666666666667 0.24965130180658873 0.020833333333333332 0.04250797024442083
0 0.24583333333333332 0.24965130180658873 0.020833333333333332 0.04250797024442083
0 0.275 0.24965130180658873 0.020833333333333332 0.04250797024442083
0 0.30416666666666664 0.24965130180658873 0.020833333333333332 0.04250797024442083
0 0.3333333333333333 0.24965130180658873 0.020833333333333332 0.04250797024442083
0 0.68092041015625 0.250182651434644 0.04009602864583333 0.022316684378320937
0 0.7619425455729166 0.250182651434644 0.055281575520833334 0.022316684378320937
0 0.22957356770833334 0.3585779755579171 0.038313802083333334 0.022316684378320937
0 0.27771402994791666 0.3585779755579171 0.0246337890625 0.022316684378320937
0 0.32894287109375 0.3585779755579171 0.04449055989583333 0.022316684378320937
0 0.7317708333333334 0.37058315621679067 0.115625 0.031880977683315624
