0 0.022916666666666665 0.03400637619553666 0.016666666666666666 0.03400637619553666
1 0.37447916666666664 0.03400637619553666 0.025 0.05100956429330499
2 0.5145833333333333 0.03400637619553666 0.246875 0.05100956429330499
1 0.6234375 0.034562632837407015 0.0125 0.025504782146652496
1 0.91463623046875 0.03400637619553666 0.0495849609375 0.05100956429330499
1 0.9676310221354166 0.03400637619553666 0.05640462239583333 0.05100956429330499
1 0.04950358072916667 0.10201912858660998 0.07400716145833333 0.04250797024442083
1 0.20625 0.10201912858660998 0.016666666666666666 0.03400637619553666
1 0.05144449869791667 0.26567481402763016 0.06538899739583333 0.03400637619553666
1 0.055830891927083334 0.43358129649309246 0.07416178385416666 0.03400637619553666
0 0.02376708984375 0.7401700318809776 0.014200846354166666 0.015940488841657812
0 0.06942545572916667 0.7401700318809776 0.06044921875 0.015940488841657812
0 0.12548421223958334 0.7401700318809776 0.03500162760416667 0.015940488841657812
0 0.16182861328125 0.7401700318809776 0.0210205078125 0.015940488841657812
0 0.03037109375 0.7709883103081828 0.027408854166666666 0.015940488841657812
0 0.06861572265625 0.7709883103081828 0.03241373697916667 0.015940488841657812
0 0.0322998046875 0.7991498405951116 0.031266276041666666 0.023379383634431455
1 0.04166259765625 0.8618490967056323 0.04999186197916667 0.03400637619553666
5 0.225 0.4904357066950053 0.0005208333333333333 0.0010626992561105207
2 0.259375 0.5706695005313497 0.0671875 0.01700318809776833
1 0.9370808919270833 0.9585547290116897 0.0925048828125 0.05100956429330499
1 0.45416666666666666 0.9782146652497343 0.016666666666666666 0.03400637619553666
1 0.475 0.9782146652497343 0.016666666666666666 0.03400637619553666
1 0.5 0.9782146652497343 0.016666666666666666 0.03400637619553666
1 0.525 0.9782146652497343 0.016666666666666666 0.03400637619553666
1 0.5458333333333333 0.9782146652497343 0.016666666666666666 0.03400637619553666
1 0.9182291666666667 0.9872476089266737 0.016666666666666666 0.025504782146652496
1 0.9348958333333334 0.9872476089266737 0.016666666666666666 0.025504782146652496
5 0.94296875 0.9845908607863975 0.0005208333333333333 0.0010626992561105207
0 0.2813028971354167 0.09936238044633369 0.08343912760416666 0.030818278427205102
0 0.9650919596354167 0.09458023379383634 0.0281494140625 0.04250797024442083
1 0.29635416666666664 0.28055260361317746 0.12604166666666666 0.3145589798087141
1 0.33645833333333336 0.3421891604675877 0.025 0.05100956429330499
0 0.25980224609375 0.38788522848034007 0.04043782552083333 0.023379383634431455
1 0.42239583333333336 0.28055260361317746 0.12604166666666666 0.3145589798087141
1 0.4625 0.3421891604675877 0.025 0.05100956429330499
0 0.3873046875 0.38788522848034007 0.043359375 0.023379383634431455
1 0.5484375 0.28055260361317746 0.12604166666666666 0.3145589798087141
1 0.5885416666666666 0.3421891604675877 0.025 0.05100956429330499
0 0.5111897786458334 0.38788522848034007 0.039046223958333334 0.023379383634431455
1 0.6744791666666666 0.28055260361317746 0.12604166666666666 0.3145589798087141
1 0.7145833333333333 0.3421891604675877 0.025 0.05100956429330499
0 0.6523640950520834 0.38788522848034007 0.0693115234375 0.023379383634431455
1 0.8005208333333333 0.28055260361317746 0.12604166666666666 0.3145589798087141
1 0.840625 0.3421891604675877 0.025 0.05100956429330499
0 0.7675333658854167 0.38788522848034007 0.047566731770833336 0.023379383634431455
1 0.9265625 0.28055260361317746 0.12604166666666666 0.3145589798087141
1 0.9666666666666667 0.3421891604675877 0.025 0.05100956429330499
0 0.88662109375 0.38788522848034007 0.03365885416666667 0.023379383634431455
0 0.28387858072916666 0.4904357066950053 0.08859049479166667 0.030818278427205102
0 0.9650919596354167 0.485653560042508 0.0281494140625 0.04250797024442083
1 0.29635416666666664 0.6716259298618491 0.12604166666666666 0.3145589798087141
1 0.33645833333333336 0.7332624867162593 0.025 0.05100956429330499
0 0.26675211588541664 0.7789585547290117 0.054337565104166666 0.023379383634431455
0 0.26990966796875 0.8055260361317748 0.060652669270833334 0.021253985122210415
1 0.42239583333333336 0.6716259298618491 0.12604166666666666 0.3145589798087141
1 0.4625 0.7332624867162593 0.025 0.05100956429330499
0 0.41195475260416664 0.7789585547290117 0.09265950520833334 0.023379383634431455
0 0.38270670572916665 0.8055260361317748 0.034163411458333334 0.021253985122210415
1 0.5484375 0.6716259298618491 0.12604166666666666 0.3145589798087141
1 0.5885416666666666 0.7332624867162593 0.025 0.05100956429330499
0 0.5228271484375 0.7789585547290117 0.06232096354166667 0.023379383634431455
0 0.5093587239583334 0.8055260361317748 0.035384114583333334 0.021253985122210415
0 0.54881591796875 0.8055260361317748 0.03741048177083333 0.021253985122210415
1 0.6744791666666666 0.6716259298618491 0.12604166666666666 0.3145589798087141
1 0.7145833333333333 0.7332624867162593 0.025 0.05100956429330499
0 0.6443033854166667 0.7789585547290117 0.05319010416666667 0.023379383634431455
0 0.62254638671875 0.8055260361317748 0.009676106770833333 0.021253985122210415
1 0.8005208333333333 0.6716259298618491 0.12604166666666666 0.3145589798087141
1 0.840625 0.7332624867162593 0.025 0.05100956429330499
0 0.7543497721354167 0.7789585547290117 0.021199544270833332 0.023379383634431455
0 0.7627197265625 0.8055260361317748 0.037939453125 0.021253985122210415
1 0.9265625 0.6716259298618491 0.12604166666666666 0.3145589798087141
1 0.9666666666666667 0.7332624867162593 0.025 0.05100956429330499
0 0.8870686848958333 0.7789585547290117 0.03455403645833333 0.023379383634431455
0 0.88731689453125 0.8055260361317748 0.035050455729166666 0.021253985122210415
0 0.2779337565104167 0.8815090329436769 0.07670084635416667 0.030818278427205102
0 0.9650919596354167 0.8767268862911796 0.0281494140625 0.04250797024442083
1 0.29635416666666664 0.9527098831030818 0.12604166666666666 0.09458023379383634
1 0.42239583333333336 0.9527098831030818 0.12604166666666666 0.09458023379383634
1 0.5484375 0.9527098831030818 0.12604166666666666 0.09458023379383634
1 0.6744791666666666 0.9527098831030818 0.12604166666666666 0.09458023379383634
1 0.8005208333333333 0.9527098831030818 0.12604166666666666 0.09458023379383634
1 0.9265625 0.9527098831030818 0.12604166666666666 0.09458023379383634
0 0.06530354817708334 0.9553666312433581 0.04200032552083333 0.021253985122210415
0 0.29229736328125 0.9776833156216791 0.04632975260416667 0.021253985122210415
1 0.9833333333333333 0.9590860786397449 0.022916666666666665 0.04675876726886291
