0 0.13802083333333334 0.9585547290116897 0.09114583333333333 0.031880977683315624
0 0.27083740234375 0.7232996811902231 0.06538899739583333 0.018065887353878853
0 0.5707478841145833 0.9353081827842721 0.0581787109375 0.018065887353878853
0 0.23817138671875 0.9585547290116897 0.061629231770833334 0.031880977683315624
1 0.8421875 0.7608926673751328 0.14895833333333333 0.05419766206163656
1 0.8421875 0.6987247608926673 0.14895833333333333 0.05419766206163656
0 0.041666666666666664 0.02975557917109458 0.06666666666666667 0.027696599362380447
5 0.08307291666666666 0.007970244420828906 0.0005208333333333333 0.0010626992561105207
2 0.203125 0.02975557917109458 0.19270833333333334 0.040382571732199786
1 0.6363321940104166 0.02975557917109458 0.050984700520833336 0.05951115834218916
1 0.69365234375 0.02975557917109458 0.06365559895833334 0.05951115834218916
1 0.76070556640625 0.02975557917109458 0.07045084635416667 0.05951115834218916
1 0.8224527994791667 0.02975557917109458 0.05304361979166667 0.05951115834218916
1 0.8693562825520833 0.02975557917109458 0.04076334635416667 0.04250797024442083
1 0.8693562825520833 0.02975557917109458 0.04076334635416667 0.03825717321997875
1 0.9258138020833333 0.02975557917109458 0.03777669270833333 0.04250797024442083
1 0.9258138020833333 0.02975557917109458 0.03777669270833333 0.03825717321997875
1 0.9702677408854167 0.02975557917109458 0.0427978515625 0.04250797024442083
1 0.9702677408854167 0.02975557917109458 0.0427978515625 0.03825717321997875
1 0.4999918619791667 0.5098631774707758 0.171875 0.05100956429330499
1 0.4744873046875 0.5098631774707758 0.0125 0.025504782146652496
1 0.5104044596354167 0.5098631774707758 0.0510009765625 0.05695403825717322
0 0.6301106770833333 0.6697911131774708 0.041162109375 0.022100823591923485
