0 0.00026041666666666666 0.11317747077577045 0.0005208333333333333 0.0010626992561105207
0 0.8321533203125 0.018065887353878853 0.010416666666666666 0.01700318809776833
0 0.8509033203125 0.018065887353878853 0.010416666666666666 0.01700318809776833
0 0.8696533203125 0.018065887353878853 0.010416666666666666 0.01700318809776833
0 0.8884033203125 0.018065887353878853 0.010416666666666666 0.01700318809776833
11 0.9374308268229167 0.018065887353878853 0.0709716796875 0.036131774707757705
0 0.9374308268229167 0.018065887353878853 0.0709716796875 0.036131774707757705
11 0.9374308268229167 0.018065887353878853 0.0584716796875 0.019128586609989374
0 0.041219075520833336 0.07278659670563231 0.028271484375 0.07118424548352816
11 0.10689697265625 0.07277829436769394 0.061417643229166666 0.060142136025504785
0 0.10689697265625 0.07277829436769394 0.061417643229166666 0.060142136025504785
11 0.10220947265625 0.07702909139213603 0.0385009765625 0.02613575982996812
11 0.14203287760416666 0.1379184378320935 0.11502278645833333 0.036131774707757705
0 0.14203287760416666 0.1379184378320935 0.11502278645833333 0.036131774707757705
11 0.1095458984375 0.1379184378320935 0.03338216145833333 0.023379383634431455
11 0.26243489583333335 0.14429463336875664 0.125 0.036131774707757705
0 0.2666015625 0.14429463336875664 0.1 0.036131774707757705
11 0.22734375 0.14429463336875664 0.021484375 0.023379383634431455
11 0.38743489583333335 0.14429463336875664 0.125 0.036131774707757705
0 0.3916015625 0.14429463336875664 0.1 0.036131774707757705
11 0.3605224609375 0.14429463336875664 0.037841796875 0.023379383634431455
11 0.26243489583333335 0.18042640807651433 0.125 0.036131774707757705
0 0.2666015625 0.18042640807651433 0.1 0.036131774707757705
11 0.22979736328125 0.18042640807651433 0.0263916015625 0.023379383634431455
11 0.38743489583333335 0.18042640807651433 0.125 0.036131774707757705
0 0.3916015625 0.18042640807651433 0.1 0.036131774707757705
11 0.3498331705729167 0.18042640807651433 0.016463216145833334 0.023379383634431455
11 0.26243489583333335 0.21655818278427205 0.125 0.036131774707757705
0 0.2666015625 0.21655818278427205 0.1 0.036131774707757705
11 0.22541097005208333 0.21655818278427205 0.017618815104166668 0.023379383634431455
11 0.38743489583333335 0.21655818278427205 0.125 0.036131774707757705
0 0.3916015625 0.21655818278427205 0.1 0.036131774707757705
11 0.352490234375 0.21655818278427205 0.02177734375 0.023379383634431455
11 0.14203287760416666 0.18255180658873538 0.11502278645833333 0.036131774707757705
0 0.14203287760416666 0.18255180658873538 0.11502278645833333 0.036131774707757705
11 0.10588785807291666 0.18255180658873538 0.026066080729166666 0.023379383634431455
11 0.26243489583333335 0.14429463336875664 0.125 0.036131774707757705
0 0.2666015625 0.14429463336875664 0.1 0.036131774707757705
11 0.24379475911458334 0.14429463336875664 0.05438639322916667 0.023379383634431455
11 0.38743489583333335 0.14429463336875664 0.125 0.036131774707757705
0 0.3916015625 0.14429463336875664 0.1 0.036131774707757705
11 0.3540120442708333 0.14429463336875664 0.024820963541666668 0.023379383634431455
11 0.26243489583333335 0.18042640807651433 0.125 0.036131774707757705
0 0.2666015625 0.18042640807651433 0.1 0.036131774707757705
11 0.25613199869791664 0.18042640807651433 0.07906087239583333 0.023379383634431455
11 0.38743489583333335 0.18042640807651433 0.125 0.036131774707757705
0 0.3916015625 0.18042640807651433 0.1 0.036131774707757705
11 0.3693359375 0.18042640807651433 0.05546875 0.023379383634431455
11 0.26243489583333335 0.21655818278427205 0.125 0.036131774707757705
0 0.2666015625 0.21655818278427205 0.1 0.036131774707757705
11 0.23264567057291666 0.21655818278427205 0.032088216145833334 0.023379383634431455
11 0.38743489583333335 0.21655818278427205 0.125 0.036131774707757705
0 0.3916015625 0.21655818278427205 0.1 0.036131774707757705
11 0.3743896484375 0.21655818278427205 0.065576171875 0.023379383634431455
11 0.26243489583333335 0.25268995749202977 0.125 0.036131774707757705
0 0.2666015625 0.25268995749202977 0.1 0.036131774707757705
11 0.2302734375 0.25268995749202977 0.02734375 0.023379383634431455
11 0.38743489583333335 0.25268995749202977 0.125 0.036131774707757705
0 0.3916015625 0.25268995749202977 0.1 0.036131774707757705
11 0.3541341145833333 0.25268995749202977 0.025065104166666668 0.023379383634431455
11 0.26243489583333335 0.28882173219978746 0.125 0.036131774707757705
0 0.2666015625 0.28882173219978746 0.1 0.036131774707757705
11 0.23128662109375 0.28882173219978746 0.0293701171875 0.023379383634431455
11 0.14203287760416666 0.22718517534537727 0.11502278645833333 0.036131774707757705
0 0.14203287760416666 0.22718517534537727 0.11502278645833333 0.036131774707757705
11 0.10831298828125 0.22718517534537727 0.030916341145833335 0.023379383634431455
11 0.14203287760416666 0.28350823591923485 0.11502278645833333 0.05951115834218916
0 0.14203287760416666 0.28350823591923485 0.11502278645833333 0.05951115834218916
11 0.11853841145833334 0.28350823591923485 0.0513671875 0.04675876726886291
11 0.17151692708333333 0.07277829436769394 0.067822265625 0.060142136025504785
0 0.17151692708333333 0.07277829436769394 0.067822265625 0.060142136025504785
11 0.16682942708333334 0.07702909139213603 0.044905598958333334 0.02613575982996812
11 0.20345052083333334 0.1379184378320935 0.11502278645833333 0.036131774707757705
0 0.20345052083333334 0.1379184378320935 0.11502278645833333 0.036131774707757705
11 0.17406005859375 0.1379184378320935 0.0395751953125 0.023379383634431455
11 0.3238525390625 0.14429463336875664 0.125 0.036131774707757705
0 0.32801920572916665 0.14429463336875664 0.1 0.036131774707757705
11 0.30464274088541665 0.14429463336875664 0.0532470703125 0.023379383634431455
11 0.4488525390625 0.14429463336875664 0.125 0.036131774707757705
0 0.45301920572916665 0.14429463336875664 0.1 0.036131774707757705
11 0.4218953450520833 0.14429463336875664 0.03775227864583333 0.023379383634431455
11 0.3238525390625 0.18042640807651433 0.125 0.036131774707757705
0 0.32801920572916665 0.18042640807651433 0.1 0.036131774707757705
11 0.30299072265625 0.18042640807651433 0.049943033854166666 0.023379383634431455
11 0.4488525390625 0.18042640807651433 0.125 0.036131774707757705
0 0.45301920572916665 0.18042640807651433 0.1 0.036131774707757705
11 0.42994384765625 0.18042640807651433 0.053849283854166666 0.023379383634431455
11 0.3238525390625 0.21655818278427205 0.125 0.036131774707757705
0 0.32801920572916665 0.21655818278427205 0.1 0.036131774707757705
11 0.30287272135416665 0.21655818278427205 0.04970703125 0.023379383634431455
11 0.20345052083333334 0.18255180658873538 0.11502278645833333 0.036131774707757705
0 0.20345052083333334 0.18255180658873538 0.11502278645833333 0.036131774707757705
11 0.17138264973958334 0.18255180658873538 0.034220377604166664 0.023379383634431455
11 0.3238525390625 0.14429463336875664 0.125 0.036131774707757705
0 0.32801920572916665 0.14429463336875664 0.1 0.036131774707757705
11 0.32127685546875 0.14429463336875664 0.08651529947916667 0.023379383634431455
11 0.4488525390625 0.14429463336875664 0.125 0.036131774707757705
0 0.45301920572916665 0.14429463336875664 0.1 0.036131774707757705
11 0.43202311197916665 0.14429463336875664 0.0580078125 0.023379383634431455
11 0.3238525390625 0.19211609989373007 0.125 0.05951115834218916
0 0.32801920572916665 0.19211609989373007 0.1 0.05951115834218916
11 0.3238525390625 0.19211609989373007 0.09166666666666666 0.04675876726886291
11 0.20345052083333334 0.22718517534537727 0.11502278645833333 0.036131774707757705
0 0.20345052083333334 0.22718517534537727 0.11502278645833333 0.036131774707757705
11 0.19383951822916667 0.22718517534537727 0.07913411458333333 0.023379383634431455
11 0.20345052083333334 0.28350823591923485 0.11502278645833333 0.05951115834218916
0 0.20345052083333334 0.28350823591923485 0.11502278645833333 0.05951115834218916
11 0.17762044270833333 0.28350823591923485 0.04669596354166667 0.04675876726886291
11 0.3238525390625 0.15598432518597238 0.125 0.05951115834218916
0 0.32801920572916665 0.15598432518597238 0.1 0.05951115834218916
11 0.3238525390625 0.15598432518597238 0.09166666666666666 0.04675876726886291
11 0.2472900390625 0.07277829436769394 0.08372395833333333 0.060142136025504785
0 0.2472900390625 0.07277829436769394 0.08372395833333333 0.060142136025504785
11 0.2426025390625 0.07702909139213603 0.060807291666666666 0.02613575982996812
11 0.27127278645833336 0.1379184378320935 0.11502278645833333 0.036131774707757705
0 0.27127278645833336 0.1379184378320935 0.11502278645833333 0.036131774707757705
11 0.2343017578125 0.1379184378320935 0.0244140625 0.023379383634431455
11 0.3916748046875 0.14429463336875664 0.125 0.036131774707757705
0 0.39584147135416664 0.14429463336875664 0.1 0.036131774707757705
11 0.380126953125 0.14429463336875664 0.06857096354166667 0.023379383634431455
11 0.5166748046875 0.14429463336875664 0.125 0.036131774707757705
0 0.5208414713541667 0.14429463336875664 0.1 0.036131774707757705
11 0.4915283203125 0.14429463336875664 0.04137369791666667 0.023379383634431455
11 0.3916748046875 0.18042640807651433 0.125 0.036131774707757705
0 0.39584147135416664 0.18042640807651433 0.1 0.036131774707757705
11 0.3704142252604167 0.18042640807651433 0.0491455078125 0.023379383634431455
11 0.5166748046875 0.18042640807651433 0.125 0.036131774707757705
0 0.5208414713541667 0.18042640807651433 0.1 0.036131774707757705
11 0.5075398763020833 0.18042640807651433 0.07339680989583333 0.023379383634431455
11 0.3916748046875 0.21655818278427205 0.125 0.036131774707757705
0 0.39584147135416664 0.21655818278427205 0.1 0.036131774707757705
11 0.37081298828125 0.21655818278427205 0.049943033854166666 0.023379383634431455
11 0.27127278645833336 0.18255180658873538 0.11502278645833333 0.036131774707757705
0 0.27127278645833336 0.18255180658873538 0.11502278645833333 0.036131774707757705
11 0.24737141927083334 0.18255180658873538 0.050553385416666666 0.023379383634431455
11 0.27127278645833336 0.22718517534537727 0.11502278645833333 0.036131774707757705
0 0.27127278645833336 0.22718517534537727 0.11502278645833333 0.036131774707757705
11 0.24227701822916667 0.22718517534537727 0.040364583333333336 0.023379383634431455
11 0.328369140625 0.07277829436769394 0.07843424479166666 0.060142136025504785
0 0.328369140625 0.07277829436769394 0.07843424479166666 0.060142136025504785
11 0.323681640625 0.07702909139213603 0.055517578125 0.02613575982996812
11 0.3452962239583333 0.1379184378320935 0.09562174479166667 0.036131774707757705
0 0.3452962239583333 0.1379184378320935 0.09562174479166667 0.036131774707757705
11 0.32210693359375 0.1379184378320935 0.032576497395833334 0.023379383634431455
11 0.46800130208333335 0.14429463336875664 0.153125 0.036131774707757705
0 0.47216796875 0.14429463336875664 0.128125 0.036131774707757705
11 0.45319010416666666 0.14429463336875664 0.09016927083333333 0.023379383634431455
11 0.46800130208333335 0.18042640807651433 0.153125 0.036131774707757705
0 0.47216796875 0.18042640807651433 0.128125 0.036131774707757705
11 0.45364990234375 0.18042640807651433 0.0910888671875 0.023379383634431455
11 0.46800130208333335 0.22824787460148777 0.153125 0.05951115834218916
0 0.47216796875 0.22824787460148777 0.128125 0.05951115834218916
11 0.46800130208333335 0.22824787460148777 0.11979166666666667 0.04675876726886291
11 0.3452962239583333 0.18255180658873538 0.09562174479166667 0.036131774707757705
0 0.3452962239583333 0.18255180658873538 0.09562174479166667 0.036131774707757705
11 0.322509765625 0.18255180658873538 0.03338216145833333 0.023379383634431455
11 0.46800130208333335 0.14429463336875664 0.153125 0.036131774707757705
0 0.47216796875 0.14429463336875664 0.128125 0.036131774707757705
11 0.42483723958333336 0.14429463336875664 0.033463541666666666 0.023379383634431455
11 0.46800130208333335 0.18042640807651433 0.153125 0.036131774707757705
0 0.47216796875 0.18042640807651433 0.128125 0.036131774707757705
11 0.41691487630208335 0.18042640807651433 0.017618815104166668 0.023379383634431455
11 0.46800130208333335 0.21655818278427205 0.153125 0.036131774707757705
0 0.47216796875 0.21655818278427205 0.128125 0.036131774707757705
11 0.41884765625 0.21655818278427205 0.021484375 0.023379383634431455
11 0.46800130208333335 0.25268995749202977 0.153125 0.036131774707757705
0 0.47216796875 0.25268995749202977 0.128125 0.036131774707757705
11 0.43225504557291666 0.25268995749202977 0.048299153645833336 0.023379383634431455
11 0.46800130208333335 0.28882173219978746 0.153125 0.036131774707757705
0 0.47216796875 0.28882173219978746 0.128125 0.036131774707757705
11 0.41633707682291665 0.28882173219978746 0.016463216145833334 0.023379383634431455
11 0.3452962239583333 0.22718517534537727 0.09562174479166667 0.036131774707757705
0 0.3452962239583333 0.22718517534537727 0.09562174479166667 0.036131774707757705
11 0.3229288736979167 0.22718517534537727 0.034220377604166664 0.023379383634431455
11 0.46800130208333335 0.14429463336875664 0.153125 0.036131774707757705
0 0.47216796875 0.14429463336875664 0.128125 0.036131774707757705
11 0.436474609375 0.14429463336875664 0.05673828125 0.023379383634431455
11 0.46800130208333335 0.18042640807651433 0.153125 0.036131774707757705
0 0.47216796875 0.18042640807651433 0.128125 0.036131774707757705
11 0.4354654947916667 0.18042640807651433 0.05472005208333333 0.023379383634431455
11 0.46800130208333335 0.21655818278427205 0.153125 0.036131774707757705
0 0.47216796875 0.21655818278427205 0.128125 0.036131774707757705
11 0.43136800130208336 0.21655818278427205 0.046525065104166666 0.023379383634431455
11 0.46800130208333335 0.25268995749202977 0.153125 0.036131774707757705
0 0.47216796875 0.25268995749202977 0.128125 0.036131774707757705
11 0.45616048177083335 0.25268995749202977 0.09611002604166667 0.023379383634431455
11 0.3452962239583333 0.2718185441020191 0.09562174479166667 0.036131774707757705
0 0.3452962239583333 0.2718185441020191 0.09562174479166667 0.036131774707757705
11 0.3286661783854167 0.2718185441020191 0.045694986979166664 0.023379383634431455
11 0.46800130208333335 0.14429463336875664 0.153125 0.036131774707757705
0 0.47216796875 0.14429463336875664 0.128125 0.036131774707757705
11 0.4197021484375 0.14429463336875664 0.023193359375 0.023379383634431455
11 0.46800130208333335 0.18042640807651433 0.153125 0.036131774707757705
0 0.47216796875 0.18042640807651433 0.128125 0.036131774707757705
11 0.42842203776041665 0.18042640807651433 0.040633138020833334 0.023379383634431455
11 0.46800130208333335 0.21655818278427205 0.153125 0.036131774707757705
0 0.47216796875 0.21655818278427205 0.128125 0.036131774707757705
11 0.44108479817708335 0.21655818278427205 0.06595865885416667 0.023379383634431455
11 0.46800130208333335 0.25268995749202977 0.153125 0.036131774707757705
0 0.47216796875 0.25268995749202977 0.128125 0.036131774707757705
11 0.42984619140625 0.25268995749202977 0.0434814453125 0.023379383634431455
11 0.3452962239583333 0.316451912858661 0.09562174479166667 0.036131774707757705
0 0.3452962239583333 0.316451912858661 0.09562174479166667 0.036131774707757705
11 0.33023681640625 0.316451912858661 0.04883626302083333 0.023379383634431455
11 0.46800130208333335 0.14429463336875664 0.153125 0.036131774707757705
0 0.47216796875 0.14429463336875664 0.128125 0.036131774707757705
11 0.42491048177083335 0.14429463336875664 0.033610026041666664 0.023379383634431455
11 0.46800130208333335 0.18042640807651433 0.153125 0.036131774707757705
0 0.47216796875 0.18042640807651433 0.128125 0.036131774707757705
11 0.4285970052083333 0.18042640807651433 0.04098307291666667 0.023379383634431455
11 0.46800130208333335 0.21655818278427205 0.153125 0.036131774707757705
0 0.47216796875 0.21655818278427205 0.128125 0.036131774707757705
11 0.44466959635416664 0.21655818278427205 0.07312825520833334 0.023379383634431455
11 0.41077880859375 0.07277829436769394 0.08638509114583333 0.060142136025504785
0 0.41077880859375 0.07277829436769394 0.08638509114583333 0.060142136025504785
11 0.41077880859375 0.07702909139213603 0.07284342447916667 0.02613575982996812
11 0.47921142578125 0.07277829436769394 0.05048014322916667 0.060142136025504785
0 0.47921142578125 0.07277829436769394 0.05048014322916667 0.060142136025504785
11 0.47452392578125 0.07702909139213603 0.0275634765625 0.02613575982996812
11 0.5198160807291666 0.14960812964930925 0.11502278645833333 0.05951115834218916
0 0.5198160807291666 0.14960812964930925 0.11502278645833333 0.05951115834218916
11 0.4940388997395833 0.14960812964930925 0.0468017578125 0.04675876726886291
11 0.5198160807291666 0.20593119022316683 0.11502278645833333 0.036131774707757705
0 0.5198160807291666 0.20593119022316683 0.11502278645833333 0.036131774707757705
11 0.4968953450520833 0.20593119022316683 0.0525146484375 0.023379383634431455
11 0.5198160807291666 0.2505645589798087 0.11502278645833333 0.036131774707757705
0 0.5198160807291666 0.2505645589798087 0.11502278645833333 0.036131774707757705
11 0.49563802083333336 0.2505645589798087 0.05 0.023379383634431455
11 0.5198160807291666 0.2951979277364506 0.11502278645833333 0.036131774707757705
0 0.5198160807291666 0.2951979277364506 0.11502278645833333 0.036131774707757705
11 0.49951578776041666 0.2951979277364506 0.057755533854166666 0.023379383634431455
11 0.5198160807291666 0.33983129649309246 0.11502278645833333 0.036131774707757705
0 0.5198160807291666 0.33983129649309246 0.11502278645833333 0.036131774707757705
11 0.5089274088541667 0.33983129649309246 0.07657877604166667 0.023379383634431455
11 0.5198160807291666 0.3844646652497343 0.11502278645833333 0.036131774707757705
0 0.5198160807291666 0.3844646652497343 0.11502278645833333 0.036131774707757705
11 0.4863077799479167 0.3844646652497343 0.03133951822916667 0.023379383634431455
2 0.8669921875 0.07224694473963868 0.058333333333333334 0.040382571732199786
1 0.8909505208333334 0.07224694473963868 0.010416666666666666 0.040382571732199786
1 0.94287109375 0.07277829436769394 0.06009114583333333 0.03825717321997875
1 0.9302083333333333 0.8786364240170031 0.13958333333333334 0.1275239107332625
1 0.9302083333333333 0.8786364240170031 0.12291666666666666 0.09351753453772582
1 0.38706868489583335 0.33863575982996813 0.07413736979166667 0.01700318809776833
1 0.5036458333333333 0.4071383501594049 0.3385416666666667 0.0987480074388948
1 0.5442138671875 0.3959800079702444 0.0703125 0.04455034537725824
1 0.6221354166666667 0.3959800079702444 0.0703125 0.04455034537725824
1 0.38515625 0.3959800079702444 0.0703125 0.04455034537725824
