1 0.7645833333333333 0.06269925611052073 0.15625 0.09351753453772582
1 0.7178792317708333 0.1365568544102019 0.051920572916666664 0.052072263549415514
1 0.77322998046875 0.1365568544102019 0.04315592447916667 0.052072263549415514
1 0.81993408203125 0.1365568544102019 0.034627278645833336 0.052072263549415514
0 0.1953125 0.05472901168969182 0.078125 0.052105472901168966
0 0.465576171875 0.05419766206163656 0.06388346354166667 0.019128586609989374
0 0.52471923828125 0.05472901168969182 0.038777669270833336 0.01487778958554729
0 0.5832763671875 0.05472901168969182 0.04708658854166667 0.022316684378320937
1 0.6471598307291667 0.05472901168969182 0.06505533854166666 0.03400637619553666
0 0.17677408854166668 0.13602550478214664 0.04208984375 0.053134962805526036
0 0.18651529947916667 0.2051009564293305 0.04073893229166667 0.04250797024442083
0 0.2298583984375 0.2051009564293305 0.04073893229166667 0.04250797024442083
0 0.18651529947916667 0.25292242295430395 0.04073893229166667 0.04250797024442083
0 0.2298583984375 0.25292242295430395 0.04073893229166667 0.04250797024442083
0 0.18651529947916667 0.3007438894792774 0.04073893229166667 0.04250797024442083
0 0.2298583984375 0.3007438894792774 0.04073893229166667 0.04250797024442083
0 0.18651529947916667 0.3485653560042508 0.04073893229166667 0.04250797024442083
0 0.2298583984375 0.3485653560042508 0.04073893229166667 0.04250797024442083
0 0.22996826171875 0.13602550478214664 0.0538818359375 0.053134962805526036
0 0.24695638020833333 0.2051009564293305 0.06702473958333334 0.04250797024442083
0 0.31658528645833334 0.2051009564293305 0.06702473958333334 0.04250797024442083
0 0.24695638020833333 0.25292242295430395 0.06702473958333334 0.04250797024442083
0 0.31658528645833334 0.25292242295430395 0.06702473958333334 0.04250797024442083
0 0.24695638020833333 0.3007438894792774 0.06702473958333334 0.04250797024442083
0 0.31658528645833334 0.3007438894792774 0.06702473958333334 0.04250797024442083
0 0.24695638020833333 0.3485653560042508 0.06702473958333334 0.04250797024442083
0 0.31658528645833334 0.3485653560042508 0.06702473958333334 0.04250797024442083
0 0.24695638020833333 0.39638682252922425 0.06702473958333334 0.04250797024442083
0 0.28431396484375 0.13602550478214664 0.044392903645833336 0.053134962805526036
0 0.3150431315104167 0.2051009564293305 0.08501790364583334 0.04250797024442083
0 0.40266520182291665 0.2051009564293305 0.08501790364583334 0.04250797024442083
0 0.3150431315104167 0.25292242295430395 0.08501790364583334 0.04250797024442083
0 0.40266520182291665 0.25292242295430395 0.08501790364583334 0.04250797024442083
0 0.3150431315104167 0.3007438894792774 0.08501790364583334 0.04250797024442083
0 0.3609700520833333 0.13602550478214664 0.09850260416666666 0.053134962805526036
0 0.380078125 0.24867162592986186 0.11588541666666667 0.04250797024442083
0 0.380078125 0.2964930924548353 0.11588541666666667 0.04250797024442083
0 0.380078125 0.3443145589798087 0.11588541666666667 0.04250797024442083
0 0.380078125 0.39213602550478216 0.11588541666666667 0.04250797024442083
0 0.501171875 0.255047821466525 0.11588541666666667 0.05526036131774708
0 0.501171875 0.30924548352816156 0.11588541666666667 0.04250797024442083
0 0.501171875 0.357066950053135 0.11588541666666667 0.04250797024442083
0 0.501171875 0.4112646121147715 0.11588541666666667 0.05526036131774708
0 0.501171875 0.4824654622741764 0.11588541666666667 0.04250797024442083
0 0.44053955078125 0.13602550478214664 0.0502197265625 0.053134962805526036
0 0.22626139322916666 0.21019859192348567 0.119189453125 0.020822263549415517
0 0.2864583333333333 0.2928732731137088 0.23958333333333334 0.1275239107332625
0 0.2864583333333333 0.4002058979808714 0.23958333333333334 0.0765143464399575
0 0.19856770833333334 0.7591989904357067 0.06380208333333333 0.020822263549415517
0 0.24045003255208333 0.8139778161530287 0.14756673177083332 0.07173219978746015
0 0.37652587890625 0.75918238575983 0.06729329427083333 0.020822263549415517
0 0.41666259765625 0.813961211477152 0.14756673177083332 0.07173219978746015
0 0.53134765625 0.75918238575983 0.02451171875 0.020822263549415517
0 0.5928751627604166 0.813961211477152 0.14756673177083332 0.07173219978746015
0 0.8081380208333333 0.4638682252922423 0.060807291666666666 0.01381509032943677
1 0.7255655924479166 0.9545363974495218 0.06717936197916667 0.044218251859723695
1 0.8046549479166667 0.9545363974495218 0.073193359375 0.044218251859723695
1 0.9833333333333333 0.9508169500531349 0.022916666666666665 0.04675876726886291
