8 0.19580485026041666 0.026567481402763018 0.06660970052083333 0.053134962805526036
1 0.19580485026041666 0.026567481402763018 0.06556803385416667 0.053134962805526036
8 0.2772623697916667 0.026567481402763018 0.09630533854166666 0.053134962805526036
1 0.277001953125 0.026567481402763018 0.09578450520833333 0.053134962805526036
8 0.36878662109375 0.026567481402763018 0.0867431640625 0.053134962805526036
1 0.36852620442708334 0.026567481402763018 0.08622233072916667 0.053134962805526036
8 0.46532796223958334 0.026567481402763018 0.10633951822916667 0.053134962805526036
1 0.4650675455729167 0.026567481402763018 0.10581868489583333 0.053134962805526036
8 0.5698771158854167 0.026567481402763018 0.1027587890625 0.053134962805526036
1 0.56961669921875 0.026567481402763018 0.10223795572916666 0.053134962805526036
5 0.7325520833333333 0.005844845908607864 0.0005208333333333333 0.0010626992561105207
2 0.78515625 0.026567481402763018 0.1046875 0.040382571732199786
0 0.21246744791666666 0.09139213602550478 0.08951822916666667 0.048884165781083955
1 0.7005208333333334 0.09032943676939426 0.2864583333333333 0.05526036131774708
1 0.62890625 0.0924548352816153 0.14322916666666666 0.05100956429330499
1 0.62890625 0.0924548352816153 0.13072916666666667 0.05100956429330499
1 0.7721354166666666 0.0924548352816153 0.14322916666666666 0.05100956429330499
1 0.7721354166666666 0.0924548352816153 0.13072916666666667 0.05100956429330499
0 0.18050537109375 0.14984059511158343 0.0360107421875 0.044633368756641874
0 0.2331298828125 0.14984059511158343 0.06819661458333333 0.044633368756641874
0 0.3114990234375 0.14984059511158343 0.0875 0.044633368756641874
0 0.38099772135416665 0.14984059511158343 0.050455729166666664 0.044633368756641874
0 0.42401123046875 0.14984059511158343 0.034529622395833334 0.044633368756641874
0 0.46861572265625 0.14984059511158343 0.0536376953125 0.044633368756641874
0 0.5316446940104167 0.14984059511158343 0.07137858072916667 0.044633368756641874
0 0.2708333333333333 0.5965727948990436 0.0234375 0.019128586609989374
0 0.2708333333333333 0.8267468119022316 0.21666666666666667 0.07438894792773645
0 0.5 0.5965727948990436 0.0234375 0.019128586609989374
0 0.5 0.8267468119022316 0.21666666666666667 0.07438894792773645
0 0.7291666666666666 0.5965727948990436 0.0234375 0.019128586609989374
0 0.7291666666666666 0.8267468119022316 0.21666666666666667 0.07438894792773645
