0 0.66796875 0.07704569606801276 0.16614583333333333 0.09670563230605739
0 0.2632568359375 0.14452709883103082 0.027555338541666665 0.02975557917109458
0 0.28994547526041664 0.14240170031880978 0.025821940104166666 0.01700318809776833
0 0.3184611002604167 0.14240170031880978 0.031209309895833332 0.01700318809776833
0 0.34480387369791665 0.14240170031880978 0.021476236979166667 0.01700318809776833
0 0.36870930989583334 0.14240170031880978 0.026334635416666665 0.01700318809776833
0 0.39018147786458335 0.14240170031880978 0.016609700520833333 0.01700318809776833
0 0.4169189453125 0.14240170031880978 0.036865234375 0.01700318809776833
0 0.45054931640625 0.14240170031880978 0.0303955078125 0.01700318809776833
0 0.4805379231770833 0.14240170031880978 0.029581705729166668 0.01700318809776833
0 0.5127604166666667 0.14240170031880978 0.03486328125 0.01700318809776833
0 0.5453857421875 0.14240170031880978 0.030387369791666667 0.01700318809776833
0 0.57476806640625 0.14240170031880978 0.028377278645833334 0.01700318809776833
0 0.6088134765625 0.14240170031880978 0.039713541666666664 0.01700318809776833
0 0.6491251627604167 0.14240170031880978 0.040909830729166666 0.01700318809776833
0 0.6872884114583333 0.14240170031880978 0.035416666666666666 0.01700318809776833
0 0.2735392252604167 0.17321997874601489 0.04291178385416667 0.012752391073326248
0 0.3135294596354167 0.17321997874601489 0.0256103515625 0.012752391073326248
0 0.3401570638020833 0.17321997874601489 0.0161865234375 0.012752391073326248
0 0.36622721354166665 0.17321997874601489 0.024495442708333332 0.012752391073326248
0 0.3933512369791667 0.17321997874601489 0.018294270833333334 0.012752391073326248
0 0.41936848958333334 0.17321997874601489 0.022281901041666666 0.012752391073326248
0 0.44871419270833335 0.17321997874601489 0.024951171875 0.012752391073326248
0 0.48105061848958336 0.17321997874601489 0.028263346354166666 0.012752391073326248
0 0.507568359375 0.17321997874601489 0.013313802083333333 0.012752391073326248
0 0.53226318359375 0.17321997874601489 0.024617513020833332 0.012752391073326248
0 0.5665934244791667 0.17321997874601489 0.03258463541666667 0.012752391073326248
0 0.59859619140625 0.17321997874601489 0.019962565104166666 0.012752391073326248
0 0.6212931315104167 0.17321997874601489 0.013972981770833334 0.012752391073326248
0 0.7397705078125 0.17321997874601489 0.016292317708333334 0.012752391073326248
0 0.27608642578125 0.013931323060573857 0.0490478515625 0.015940488841657812
0 0.31942138671875 0.013931323060573857 0.03384602864583333 0.015940488841657812
0 0.6825764973958334 0.013931323060573857 0.13693033854166667 0.015940488841657812
0 0.4965616861979167 0.5382571732199788 0.49520670572916664 0.1073326248671626
