0 0.16145833333333334 0.019128586609989374 0.01875 0.03825717321997875
0 0.1796875 0.019128586609989374 0.01875 0.03825717321997875
0 0.19791666666666666 0.019128586609989374 0.01875 0.03825717321997875
0 0.21927083333333333 0.019128586609989374 0.025 0.03825717321997875
0 0.2498779296875 0.019128586609989374 0.037255859375 0.03825717321997875
0 0.28048502604166664 0.019128586609989374 0.025 0.03825717321997875
0 0.3018391927083333 0.019128586609989374 0.01875 0.03825717321997875
0 0.32562662760416666 0.019128586609989374 0.029866536458333332 0.03825717321997875
0 0.7419759114583333 0.019128586609989374 0.03271484375 0.03825717321997875
0 0.7869791666666667 0.019128586609989374 0.058333333333333334 0.03825717321997875
0 0.20989583333333334 0.0765143464399575 0.115625 0.04250797024442083
2 0.409375 0.077577045696068 0.08958333333333333 0.03400637619553666
1 0.45989583333333334 0.077577045696068 0.016666666666666666 0.03400637619553666
0 0.23189697265625 0.11187400371944739 0.1391845703125 0.019709750265674814
0 0.3479410807291667 0.11216458554729011 0.094189453125 0.019128586609989374
0 0.5 0.18172157279489903 0.4583333333333333 0.04250797024442083
0 0.371875 0.40913921360255046 0.32916666666666666 0.3783209351753454
1 0.21875 0.5749202975557917 0.014583333333333334 0.02975557917109458
0 0.6057291666666667 0.4998837672688629 0.11354166666666667 0.03400637619553666
0 0.765625 0.5589798087141339 0.16458333333333333 0.07863974495217853
0 0.2359375 0.7535201912858661 0.16770833333333332 0.2764346439957492
0 0.24010416666666667 0.9087407013815091 0.159375 0.03400637619553666
0 0.4119791666666667 0.7535201912858661 0.16770833333333332 0.2764346439957492
0 0.4161458333333333 0.9087407013815091 0.159375 0.03400637619553666
0 0.5880208333333333 0.7535201912858661 0.16770833333333332 0.2764346439957492
0 0.5921875 0.9087407013815091 0.159375 0.03400637619553666
0 0.7640625 0.7535201912858661 0.16770833333333332 0.2764346439957492
0 0.7682291666666666 0.9087407013815091 0.159375 0.03400637619553666
0 0.2359375 0.977749734325186 0.16770833333333332 0.04450053134962806
0 0.4119791666666667 0.977749734325186 0.16770833333333332 0.04450053134962806
0 0.5880208333333333 0.977749734325186 0.16770833333333332 0.04450053134962806
