0 0.16276041666666666 0.03718617162592986 0.06510416666666667 0.03794168437832093
1 0.24427083333333333 0.03772582359192349 0.04791666666666667 0.07545164718384698
0 0.21380208333333334 0.17747077577045697 0.1671875 0.04675876726886291
0 0.21380208333333334 0.24973432518597238 0.1671875 0.04675876726886291
0 0.21380208333333334 0.32199787460148777 0.1671875 0.04675876726886291
0 0.21380208333333334 0.3942614240170032 0.1671875 0.04675876726886291
0 0.21380208333333334 0.4665249734325186 0.1671875 0.04675876726886291
0 0.21380208333333334 0.538788522848034 0.1671875 0.04675876726886291
0 0.40182291666666664 0.17747077577045697 0.1671875 0.04675876726886291
0 0.40182291666666664 0.24973432518597238 0.1671875 0.04675876726886291
0 0.40182291666666664 0.32199787460148777 0.1671875 0.04675876726886291
0 0.40182291666666664 0.3942614240170032 0.1671875 0.04675876726886291
0 0.40182291666666664 0.4665249734325186 0.1671875 0.04675876726886291
0 0.40182291666666664 0.538788522848034 0.1671875 0.04675876726886291
0 0.40182291666666664 0.6110520722635494 0.1671875 0.04675876726886291
0 0.40182291666666664 0.6833156216790648 0.1671875 0.04675876726886291
0 0.58984375 0.17747077577045697 0.1671875 0.04675876726886291
0 0.58984375 0.24973432518597238 0.1671875 0.04675876726886291
0 0.58984375 0.32199787460148777 0.1671875 0.04675876726886291
0 0.58984375 0.3942614240170032 0.1671875 0.04675876726886291
0 0.58984375 0.4665249734325186 0.1671875 0.04675876726886291
0 0.7778645833333333 0.17747077577045697 0.1671875 0.04675876726886291
0 0.7778645833333333 0.24973432518597238 0.1671875 0.04675876726886291
0 0.7778645833333333 0.32199787460148777 0.1671875 0.04675876726886291
0 0.7778645833333333 0.3942614240170032 0.1671875 0.04675876726886291
0 0.7778645833333333 0.4665249734325186 0.1671875 0.04675876726886291
0 0.7778645833333333 0.538788522848034 0.1671875 0.04675876726886291
0 0.7778645833333333 0.6110520722635494 0.1671875 0.04675876726886291
0 0.7778645833333333 0.6833156216790648 0.1671875 0.04675876726886291
0 0.21354166666666666 0.8108395324123273 0.16666666666666666 0.04675876726886291
0 0.4015625 0.8108395324123273 0.16666666666666666 0.04675876726886291
0 0.5895833333333333 0.8108395324123273 0.16666666666666666 0.04675876726886291
0 0.7778645833333333 0.8108395324123273 0.1671875 0.04675876726886291
0 0.29803873697916666 0.03772582359192349 0.026285807291666668 0.07545164718384698
1 0.3537841796875 0.03772582359192349 0.05187174479166667 0.07545164718384698
0 0.21380208333333334 0.17747077577045697 0.1671875 0.04675876726886291
0 0.21380208333333334 0.24973432518597238 0.1671875 0.04675876726886291
0 0.21380208333333334 0.32199787460148777 0.1671875 0.04675876726886291
0 0.21380208333333334 0.3942614240170032 0.1671875 0.04675876726886291
0 0.40286458333333336 0.17747077577045697 0.16927083333333334 0.04675876726886291
0 0.40286458333333336 0.24973432518597238 0.16927083333333334 0.04675876726886291
0 0.40286458333333336 0.32199787460148777 0.16927083333333334 0.04675876726886291
0 0.40286458333333336 0.3942614240170032 0.16927083333333334 0.04675876726886291
0 0.5888020833333333 0.17747077577045697 0.16927083333333334 0.04675876726886291
0 0.5888020833333333 0.24973432518597238 0.16927083333333334 0.04675876726886291
0 0.5888020833333333 0.32199787460148777 0.16927083333333334 0.04675876726886291
0 0.5888020833333333 0.3942614240170032 0.16927083333333334 0.04675876726886291
0 0.7885416666666667 0.16684378320935175 0.14583333333333334 0.025504782146652496
0 0.7885416666666667 0.21785334750265675 0.14583333333333334 0.025504782146652496
0 0.7885416666666667 0.2688629117959617 0.14583333333333334 0.025504782146652496
0 0.7885416666666667 0.3198724760892667 0.14583333333333334 0.025504782146652496
0 0.7885416666666667 0.3708820403825717 0.14583333333333334 0.025504782146652496
0 0.4158203125 0.03772582359192349 0.0388671875 0.07545164718384698
1 0.4792724609375 0.03772582359192349 0.054703776041666666 0.07545164718384698
0 0.22708333333333333 0.09139213602550478 0.13958333333333334 0.04675876726886291
0 0.41510416666666666 0.09139213602550478 0.13958333333333334 0.04675876726886291
0 0.603125 0.09139213602550478 0.13958333333333334 0.04675876726886291
0 0.79140625 0.09139213602550478 0.14010416666666667 0.04675876726886291
0 0.7661865234375 0.036663124335812966 0.023063151041666667 0.022316684378320937
1 0.8320882161458333 0.03719447396386823 0.07540690104166667 0.04675876726886291
1 0.1738037109375 0.6989572263549415 0.08719075520833333 0.048884165781083955
1 0.8047566731770833 0.6989572263549415 0.13006998697916666 0.048884165781083955
