0 0.010416666666666666 0.021253985122210415 0.010416666666666666 0.021253985122210415
1 0.16041666666666668 0.048884165781083955 0.022916666666666665 0.04675876726886291
1 0.16041666666666668 0.048884165781083955 0.009895833333333333 0.01700318809776833
1 0.1991943359375 0.048884165781083955 0.042138671875 0.025504782146652496
1 0.1991943359375 0.048884165781083955 0.03797200520833333 0.01700318809776833
1 0.2054443359375 0.048884165781083955 0.025472005208333332 0.01700318809776833
1 0.25994466145833334 0.048884165781083955 0.0626953125 0.025504782146652496
1 0.23484700520833332 0.048884165781083955 0.008333333333333333 0.01700318809776833
1 0.2661946614583333 0.048884165781083955 0.04602864583333333 0.01487778958554729
1 0.32600504557291665 0.048884165781083955 0.0527587890625 0.025504782146652496
1 0.30587565104166664 0.048884165781083955 0.008333333333333333 0.01700318809776833
1 0.3322550455729167 0.048884165781083955 0.036092122395833336 0.01487778958554729
0 0.5 0.048884165781083955 0.1953125 0.03134962805526036
1 0.7078898111979167 0.048884165781083955 0.0379150390625 0.025504782146652496
1 0.6951822916666667 0.048884165781083955 0.008333333333333333 0.01700318809776833
1 0.7141398111979167 0.048884165781083955 0.021248372395833333 0.01487778958554729
1 0.7790486653645833 0.048884165781083955 0.0835693359375 0.04675876726886291
1 0.7790486653645833 0.048884165781083955 0.0835693359375 0.04675876726886291
1 0.7790486653645833 0.048884165781083955 0.0585693359375 0.02975557917109458
1 0.8375 0.048884165781083955 0.022916666666666665 0.04675876726886291
1 0.8375 0.048884165781083955 0.008333333333333333 0.01700318809776833
0 0.16482340494791667 0.12964930924548354 0.019230143229166666 0.061636556854410204
0 0.20125325520833334 0.12805526036131776 0.028629557291666666 0.05844845908607864
0 0.2571004231770833 0.12805526036131776 0.028084309895833333 0.05844845908607864
0 0.29556477864583336 0.12805526036131776 0.023844401041666668 0.05844845908607864
0 0.3355631510416667 0.12805526036131776 0.03115234375 0.05844845908607864
0 0.38079427083333334 0.12805526036131776 0.03430989583333333 0.05844845908607864
0 0.44235432942708336 0.12805526036131776 0.06381022135416667 0.05844845908607864
0 0.5006673177083333 0.12805526036131776 0.027815755208333334 0.05844845908607864
0 0.5413859049479167 0.12805526036131776 0.028621419270833334 0.05844845908607864
0 0.58079833984375 0.12805526036131776 0.025203450520833334 0.05844845908607864
0 0.6123819986979167 0.12805526036131776 0.0129638671875 0.05844845908607864
0 0.63983154296875 0.12805526036131776 0.016935221354166665 0.05844845908607864
0 0.6704671223958333 0.12805526036131776 0.0193359375 0.05844845908607864
0 0.7132568359375 0.12805526036131776 0.041243489583333334 0.05844845908607864
1 0.16302083333333334 0.18597236981934112 0.015625 0.031880977683315624
1 0.16302083333333334 0.18597236981934112 0.0067708333333333336 0.01700318809776833
0 0.18345540364583332 0.18597236981934112 0.056494140625 0.031880977683315624
0 0.2512410481770833 0.18597236981934112 0.07074381510416666 0.031880977683315624
0 0.32098795572916666 0.18597236981934112 0.06041666666666667 0.031880977683315624
0 0.3906168619791667 0.18597236981934112 0.0705078125 0.031880977683315624
0 0.45649820963541665 0.18597236981934112 0.05292154947916667 0.031880977683315624
0 0.5221516927083333 0.18597236981934112 0.07005208333333333 0.031880977683315624
0 0.5914143880208333 0.18597236981934112 0.060139973958333336 0.031880977683315624
0 0.658740234375 0.18597236981934112 0.06617838541666667 0.031880977683315624
0 0.7248738606770834 0.18597236981934112 0.057755533854166666 0.031880977683315624
0 0.7891805013020833 0.18597236981934112 0.0625244140625 0.031880977683315624
0 0.8551310221354167 0.18597236981934112 0.06104329427083333 0.031880977683315624
0 0.92716064453125 0.18597236981934112 0.0746826171875 0.031880977683315624
1 0.8369791666666667 0.18597236981934112 0.015625 0.031880977683315624
1 0.8369791666666667 0.18597236981934112 0.0067708333333333336 0.01700318809776833
0 0.2077880859375 0.5377258235919234 0.071826171875 0.031880977683315624
0 0.2990030924479167 0.5377258235919234 0.10956217447916666 0.031880977683315624
0 0.39004313151041664 0.5377258235919234 0.07251790364583334 0.031880977683315624
0 0.46949869791666665 0.5377258235919234 0.08639322916666667 0.031880977683315624
0 0.5485514322916667 0.5377258235919234 0.07171223958333334 0.031880977683315624
0 0.6362223307291667 0.5377258235919234 0.10362955729166666 0.031880977683315624
0 0.7245890299479166 0.5377258235919234 0.07310384114583333 0.031880977683315624
0 0.8189615885416667 0.5377258235919234 0.11564127604166667 0.031880977683315624
0 0.25078125 0.7291528294367694 0.14010416666666667 0.20644593517534537
1 0.37492268880208335 0.6046758767268863 0.05609537760416667 0.025504782146652496
1 0.37492268880208335 0.6046758767268863 0.0519287109375 0.01700318809776833
0 0.5830729166666667 0.8172157279489904 0.47239583333333335 0.3655685441020191
