0 0.190625 0.03719447396386823 0.06041666666666667 0.048884165781083955
0 0.25340576171875 0.03825717321997875 0.033894856770833336 0.04250797024442083
0 0.2923665364583333 0.03825717321997875 0.027360026041666666 0.04250797024442083
0 0.33706868489583336 0.03825717321997875 0.04537760416666667 0.04250797024442083
8 0.33706868489583336 0.03825717321997875 0.04537760416666667 0.04250797024442083
8 0.3532470703125 0.03825717321997875 0.013020833333333334 0.04250797024442083
0 0.39114990234375 0.03825717321997875 0.0461181640625 0.04250797024442083
0 0.4360432942708333 0.03825717321997875 0.027001953125 0.04250797024442083
0 0.47379964192708335 0.03825717321997875 0.031844075520833334 0.04250797024442083
0 0.5084716796875 0.03824887088204038 0.020833333333333332 0.04079768862911796
13 0.5451904296875 0.03825717321997875 0.021354166666666667 0.04250797024442083
1 0.5451904296875 0.03825717321997875 0.009895833333333333 0.020191285866099893
0 0.8048299153645834 0.03825717321997875 0.0695068359375 0.04250797024442083
0 0.19696451822916666 0.1073326248671626 0.073095703125 0.01700318809776833
0 0.3263346354166667 0.1073326248671626 0.048388671875 0.01700318809776833
0 0.3894246419270833 0.1073326248671626 0.043416341145833336 0.01700318809776833
0 0.45704345703125 0.1073326248671626 0.0574462890625 0.01700318809776833
0 0.55025634765625 0.1073326248671626 0.04053548177083333 0.01700318809776833
0 0.61129150390625 0.1073326248671626 0.047159830729166664 0.01700318809776833
0 0.4767985026041667 0.39213602550478216 0.2635416666666667 0.30605738575983
0 0.18420003255208334 0.2720510095642933 0.022566731770833334 0.01487778958554729
0 0.25272216796875 0.3517534537725824 0.15961100260416666 0.1275239107332625
0 0.24456380208333334 0.46599362380446335 0.12975260416666667 0.03506907545164718
0 0.2529215494791667 0.5042507970244421 0.14646809895833332 0.03506907545164718
0 0.6933797200520834 0.5151268597236982 0.09452311197916667 0.0219845908607864
0 0.21330973307291667 0.6228662991498406 0.1057861328125 0.12139678533475026
0 0.166796875 0.6995051806588736 0.012760416666666666 0.01487778958554729
0 0.21330973307291667 0.7398877523910733 0.1057861328125 0.057385759829968117
0 0.32742919921875 0.6228662991498406 0.1057861328125 0.12139678533475026
0 0.28091634114583336 0.6995051806588736 0.012760416666666666 0.01487778958554729
0 0.32742919921875 0.8355306854410202 0.1057861328125 0.057385759829968117
0 0.4415486653645833 0.7185092321997875 0.1057861328125 0.12139678533475026
0 0.39993896484375 0.7951481137088204 0.022566731770833334 0.01487778958554729
0 0.4415486653645833 0.8355306854410202 0.1057861328125 0.057385759829968117
0 0.5556681315104167 0.7185092321997875 0.1057861328125 0.12139678533475026
0 0.5140584309895834 0.7951481137088204 0.022566731770833334 0.01487778958554729
0 0.5556681315104167 0.8355306854410202 0.1057861328125 0.057385759829968117
0 0.21330973307291667 0.9525106269925611 0.1057861328125 0.0949787460148778
0 0.32742919921875 0.9525106269925611 0.1057861328125 0.0949787460148778
0 0.4415486653645833 0.9525106269925611 0.1057861328125 0.0949787460148778
0 0.5556681315104167 0.9525106269925611 0.1057861328125 0.0949787460148778
0 0.7254191080729167 0.7313446466524973 0.1816162109375 0.019543703506907546
0 0.7192057291666667 0.7854260759829969 0.169189453125 0.019543703506907546
0 0.7239095052083333 0.8395075053134963 0.17859700520833333 0.019543703506907546
0 0.7207926432291667 0.8935889346439958 0.17236328125 0.019543703506907546
0 0.7080281575520834 0.9476703639744952 0.14683430989583332 0.019543703506907546
0 0.7211466471354167 0.9959899707757705 0.1730712890625 0.008020058448459086
