1 0.17395833333333333 0.0669500531349628 0.014583333333333334 0.024442082890541977
1 0.2 0.0669500531349628 0.0125 0.025504782146652496
0 0.23428141276041667 0.0669500531349628 0.026896158854166668 0.017102816153028694
0 0.27513427734375 0.0669500531349628 0.021476236979166667 0.017102816153028694
0 0.32336018880208334 0.0669500531349628 0.041642252604166666 0.017102816153028694
0 0.5 0.12066617959617429 0.09114583333333333 0.19669899043570668
0 0.7489908854166667 0.06434311902231668 0.024593098958333334 0.017102816153028694
0 0.8056437174479166 0.06434311902231668 0.055379231770833336 0.04154489904357067
0 0.5 0.2636490435706695 0.5065755208333333 0.01700318809776833
0 0.5 0.5293238575982997 0.325 0.44208289054197664
0 0.49999593098958334 0.8491963336875664 0.32465006510416666 0.0871413390010627
0 0.4979166666666667 0.9873472369819342 0.06917317708333333 0.01700318809776833
0 0.7246012369791667 0.3359125929861849 0.090869140625 0.04675876726886291
0 0.7137532552083333 0.38267136025504783 0.06917317708333333 0.01700318809776833
0 0.8125 0.3507903825717322 0.041666666666666664 0.08501594048884166
0 0.7208292643229167 0.4634365037194474 0.0833251953125 0.04675876726886291
0 0.7051066080729167 0.5101952709883103 0.0518798828125 0.01700318809776833
0 0.8125 0.4783142933049947 0.041666666666666664 0.08501594048884166
0 0.7151936848958333 0.5771453241232731 0.07205403645833333 0.019128586609989374
0 0.7094278971354167 0.6100890010626993 0.0605224609375 0.01700318809776833
0 0.8125 0.6058382040382572 0.041666666666666664 0.08501594048884166
0 0.7265462239583333 0.7184843251859724 0.09475911458333333 0.04675876726886291
0 0.7159138997395833 0.7652430924548352 0.07349446614583334 0.01700318809776833
0 0.8125 0.7333621147715197 0.041666666666666664 0.08501594048884166
1 0.75625 0.9214598831030818 0.15416666666666667 0.04250797024442083
0 0.24375 0.4129582890541977 0.15416666666666667 0.20935175345377258
0 0.24263916015625 0.5909604144527099 0.15194498697916667 0.05951115834218916
0 0.19908854166666667 0.644095377258236 0.06484375 0.01700318809776833
0 0.24375 0.7987181190223167 0.15416666666666667 0.20935175345377258
0 0.23996175130208333 0.9734823326248672 0.14659016927083332 0.05303533475026567
