0 0.8046875 0.9723698193411264 0.042708333333333334 0.05526036131774708
1 0.1828125 0.031880977683315624 0.019791666666666666 0.040382571732199786
0 0.49999593098958334 0.038788522848034 0.09746907552083334 0.04994686503719448
1 0.7766845703125 0.031880977683315624 0.017708333333333333 0.036131774707757705
1 0.8083943684895833 0.031880977683315624 0.029044596354166667 0.036131774707757705
0 0.19479166666666667 0.09617428267800213 0.011458333333333333 0.021253985122210415
0 0.23170166015625 0.09032943676939426 0.0259033203125 0.01487778958554729
0 0.27960611979166666 0.09032943676939426 0.04073893229166667 0.01487778958554729
0 0.32923583984375 0.09032943676939426 0.029353841145833334 0.01487778958554729
0 0.3740926106770833 0.09032943676939426 0.031193033854166666 0.01487778958554729
0 0.420068359375 0.09032943676939426 0.031591796875 0.015940488841657812
0 0.203125 0.09989373007438895 0.011458333333333333 0.021253985122210415
0 0.24003499348958332 0.09404888416578108 0.0259033203125 0.01487778958554729
0 0.287939453125 0.09404888416578108 0.04073893229166667 0.01487778958554729
0 0.33756917317708335 0.09404888416578108 0.029353841145833334 0.01487778958554729
0 0.3824259440104167 0.09404888416578108 0.031193033854166666 0.01487778958554729
0 0.42840169270833334 0.09404888416578108 0.031591796875 0.015940488841657812
0 0.28016764322916665 0.35273312964930925 0.20616861979166667 0.42066285866099895
1 0.2558064778645833 0.5364970775770457 0.010310872395833334 0.02763018065887354
0 0.29112548828125 0.5364970775770457 0.023103841145833335 0.022316684378320937
0 0.4632975260416667 0.32525239107332626 0.1330078125 0.3657013815090329
1 0.45233154296875 0.5304197662061636 0.010310872395833334 0.02763018065887354
0 0.48747151692708335 0.5304197662061636 0.022745768229166668 0.022316684378320937
0 0.60985107421875 0.3252606934112646 0.13301595052083334 0.3657179861849097
1 0.59444580078125 0.5304363708820404 0.010310872395833334 0.02763018065887354
0 0.6274454752604167 0.5304363708820404 0.018465169270833335 0.022316684378320937
0 0.7564046223958333 0.33544766206163656 0.1330078125 0.3860919234856536
1 0.7457234700520833 0.5508103081827843 0.010310872395833334 0.02763018065887354
0 0.7798177083333333 0.5508103081827843 0.020654296875 0.022316684378320937
1 0.7878499348958333 0.599163124335813 0.07013346354166666 0.018065887353878853
0 0.2376708984375 0.6536762752391073 0.12117513020833333 0.022947662061636558
0 0.2376708984375 0.7560607066950054 0.12117513020833333 0.16481801275239108
1 0.29310302734375 0.8607863974495218 0.010310872395833334 0.02763018065887354
0 0.347216796875 0.693643730074389 0.046875 0.10288257173219979
0 0.39246826171875 0.6528294367693943 0.0311279296875 0.021253985122210415
0 0.43236083984375 0.7042707226354942 0.1109130859375 0.08162858660998937
0 0.347216796875 0.8177802869287991 0.046875 0.10288257173219979
0 0.39246826171875 0.7769659936238045 0.0311279296875 0.021253985122210415
0 0.43236083984375 0.8284072794899043 0.1109130859375 0.08162858660998937
1 0.6481201171875 0.9054695802337939 0.0125 0.025504782146652496
0 0.5931966145833333 0.7632090196599363 0.159716796875 0.24201315090329437
0 0.7422119140625 0.7289120616365569 0.12164713541666666 0.06376195536663125
0 0.7132405598958333 0.7847037725823592 0.06370442708333333 0.020191285866099893
0 0.5931966145833333 0.7632090196599363 0.159716796875 0.24201315090329437
0 0.7381673177083333 0.7289120616365569 0.11355794270833333 0.06376195536663125
0 0.7132405598958333 0.7847037725823592 0.06370442708333333 0.020191285866099893
0 0.5931966145833333 0.7632090196599363 0.159716796875 0.24201315090329437
0 0.7407430013020834 0.7501660467587673 0.11870930989583334 0.10626992561105207
0 0.7132405598958333 0.82721174282678 0.06370442708333333 0.020191285866099893
0 0.5931966145833333 0.7632090196599363 0.159716796875 0.24201315090329437
0 0.7413330078125 0.7607930393198725 0.11988932291666667 0.1275239107332625
0 0.7132405598958333 0.8484657279489904 0.06370442708333333 0.020191285866099893
0 0.5931966145833333 0.7632090196599363 0.159716796875 0.24201315090329437
0 0.7366129557291666 0.7501660467587673 0.11044921875 0.10626992561105207
0 0.7132405598958333 0.82721174282678 0.06370442708333333 0.020191285866099893
1 0.6647867838541667 0.9054695802337939 0.0125 0.025504782146652496
