0 0.21822916666666667 0.036663124335812966 0.05625 0.07120085015940489
0 0.3075032552083333 0.03719447396386823 0.08896484375 0.057385759829968117
0 0.3896240234375 0.03719447396386823 0.07527669270833333 0.057385759829968117
0 0.4533162434895833 0.03719447396386823 0.052107747395833334 0.057385759829968117
0 0.5085489908854167 0.03719447396386823 0.05835774739583333 0.057385759829968117
0 0.5561482747395833 0.03719447396386823 0.0368408203125 0.057385759829968117
0 0.6159138997395833 0.03719447396386823 0.0826904296875 0.057385759829968117
0 0.69400634765625 0.03719447396386823 0.07349446614583334 0.057385759829968117
0 0.7723185221354166 0.03719447396386823 0.028279622395833332 0.012752391073326248
1 0.8052083333333333 0.03719447396386823 0.009375 0.07438894792773645
0 0.15169270833333334 0.5669500531349628 0.3033854166666667 0.04144527098831031
0 0.15169270833333334 0.2922422954303932 0.3033854166666667 0.41445270988310307
1 0.15169270833333334 0.2922422954303932 0.3033854166666667 0.41445270988310307
0 0.5 0.5669500531349628 0.3619791666666667 0.04144527098831031
0 0.5 0.2922422954303932 0.3619791666666667 0.41445270988310307
1 0.5 0.2922422954303932 0.3619791666666667 0.41445270988310307
0 0.8483072916666666 0.575451647183847 0.3033854166666667 0.05844845908607864
0 0.8483072916666666 0.2922422954303932 0.3033854166666667 0.41445270988310307
1 0.5313557942708333 0.6238044633368757 0.0234375 0.021253985122210415
0 0.4675537109375 0.6238044633368757 0.036458333333333336 0.005313496280552604
0 0.4912516276041667 0.6238044633368757 0.0026041666666666665 0.005313496280552604
0 0.4980224609375 0.6238044633368757 0.0026041666666666665 0.005313496280552604
0 0.5047932942708333 0.6238044633368757 0.0026041666666666665 0.005313496280552604
0 0.5115641276041667 0.6238044633368757 0.0026041666666666665 0.005313496280552604
0 0.30052083333333335 0.5568544102019128 0.014731407165527344 0.030057706437632836
0 0.7020833333333333 0.5568544102019128 0.014731343587239583 0.030057706437632836
0 0.7976969401041667 0.6721572794899043 0.026481119791666667 0.018065887353878853
0 0.23321126302083334 0.7205017933049946 0.04871419270833333 0.04235852816153029
13 0.23321126302083334 0.7359109325185972 0.011653645833333334 0.013665648246546227
0 0.4250406901041667 0.7247608926673751 0.292236328125 0.021785334750265676
0 0.3424479166666667 0.8926673751328374 0.3046875 0.2146652497343252
1 0.6575520833333334 0.8926673751328374 0.3046875 0.2146652497343252
0 0.9802083333333333 0.9691817215727949 0.01875 0.02975557917109458
0 0.08041178385416667 0.975009962805526 0.04755859375 0.019128586609989374
1 0.7699991861979166 0.9128088469713072 0.43999837239583334 0.0750365302869288
1 0.661767578125 0.9112147980871413 0.07576497395833333 0.044218251859723695
1 0.75714111328125 0.9112147980871413 0.09678548177083333 0.044218251859723695
1 0.8619832356770833 0.9112147980871413 0.0947021484375 0.044218251859723695
