0 0.07083333333333333 0.04250797024442083 0.10833333333333334 0.05100956429330499
1 0.90238037109375 0.044633368756641874 0.0729736328125 0.021253985122210415
1 0.9777669270833333 0.04250797024442083 0.0111328125 0.021253985122210415
0 0.39053141276041664 0.20085015940488843 0.1395263671875 0.023379383634431455
0 0.035416666666666666 0.5010626992561105 0.05416666666666667 0.04144527098831031
0 0.10084228515625 0.49946865037194477 0.060017903645833336 0.01487778958554729
0 0.16837158203125 0.49946865037194477 0.041707356770833336 0.01487778958554729
0 0.23642578125 0.49946865037194477 0.06106770833333333 0.01487778958554729
0 0.3158447265625 0.49946865037194477 0.06443684895833333 0.01487778958554729
0 0.384619140625 0.49946865037194477 0.039778645833333334 0.01487778958554729
0 0.43468831380208334 0.5323791179596175 0.041951497395833336 0.01700318809776833
0 0.9609375 0.5907611583421891 0.06145833333333333 0.023379383634431455
