0 0.04583333333333333 0.022316684378320937 0.06666666666666667 0.01700318809776833
0 0.3885579427083333 0.020722635494155154 0.031070963541666666 0.04144527098831031
0 0.44284261067708336 0.020722635494155154 0.0419189453125 0.04144527098831031
0 0.497607421875 0.020722635494155154 0.03203125 0.04144527098831031
0 0.5479451497395833 0.020722635494155154 0.033064778645833334 0.04144527098831031
0 0.97462158203125 0.021253985122210415 0.0507568359375 0.04250797024442083
1 0.9179931640625 0.021253985122210415 0.04583333333333333 0.02975557917109458
1 0.8424723307291667 0.021253985122210415 0.08958333333333333 0.02975557917109458
1 0.5 0.5731602019128587 0.125 0.05100956429330499
0 0.36441243489583336 0.9388947927736451 0.03299153645833333 0.020191285866099893
0 0.4010701497395833 0.9388947927736451 0.019490559895833332 0.020191285866099893
0 0.4267496744791667 0.9388947927736451 0.01103515625 0.020191285866099893
0 0.454248046875 0.9388947927736451 0.023128255208333334 0.020191285866099893
0 0.48839111328125 0.9388947927736451 0.024324544270833335 0.020191285866099893
0 0.5179931640625 0.9388947927736451 0.014046223958333333 0.020191285866099893
0 0.5442464192708333 0.9388947927736451 0.017626953125 0.020191285866099893
