0 0.5 0.09154157810839532 0.24305013020833333 0.10626992561105207
1 0.018229166666666668 0.023910733262486716 0.015625 0.018065887353878853
0 0.97828369140625 0.019128586609989374 0.022599283854166666 0.008501594048884165
0 0.30587565104166664 0.19605140807651433 0.024365234375 0.017434909670563232
0 0.34137369791666666 0.19605140807651433 0.027880859375 0.017434909670563232
0 0.3847737630208333 0.19605140807651433 0.04016927083333333 0.017434909670563232
0 0.43658447265625 0.19605140807651433 0.0447021484375 0.017434909670563232
0 0.4871622721354167 0.19605140807651433 0.037703450520833334 0.017434909670563232
0 0.5382649739583333 0.19605140807651433 0.045751953125 0.017434909670563232
0 0.61236572265625 0.19605140807651433 0.08369954427083333 0.017434909670563232
0 0.68494873046875 0.19605140807651433 0.04271647135416667 0.017434909670563232
1 0.9666666666666667 0.9319872476089267 0.020833333333333332 0.04250797024442083
0 0.628125 0.5751859723698194 0.024235026041666666 0.012752391073326248
0 0.628125 0.6639213602550478 0.21458333333333332 0.13071200850159406
0 0.628125 0.9141870350690755 0.24791666666666667 0.1716259298618491
0 0.3067708333333333 0.5872741764080766 0.11770833333333333 0.15010626992561105
0 0.3067708333333333 0.6857066950053134 0.03707682291666667 0.012752391073326248
0 0.3067708333333333 0.7473432518597237 0.11770833333333333 0.0765143464399575
0 0.43697916666666664 0.5872741764080766 0.11770833333333333 0.15010626992561105
0 0.43697916666666664 0.6857066950053134 0.024235026041666666 0.012752391073326248
0 0.43697916666666664 0.7473432518597237 0.11770833333333333 0.0765143464399575
0 0.3067708333333333 0.9225557917109458 0.11770833333333333 0.15010626992561105
0 0.43697916666666664 0.9225557917109458 0.11770833333333333 0.15010626992561105
