2 0.65 0.1849096705632306 0.18958333333333333 0.05526036131774708
2 0.6421875 0.25292242295430395 0.15625 0.023379383634431455
1 0.65 0.32314359723698194 0.18958333333333333 0.05100956429330499
0 0.65 0.37468451115834217 0.07254231770833333 0.018065887353878853
1 0.6499959309895833 0.461028825717322 0.1011474609375 0.05100956429330499
0 0.59534912109375 0.5513582624867163 0.048234049479166666 0.01700318809776833
0 0.30106201171875 0.8049448724760893 0.029093424479166668 0.015940488841657812
0 0.3465657552083333 0.8049448724760893 0.051497395833333334 0.015940488841657812
0 0.3866455078125 0.8049448724760893 0.018245442708333334 0.015940488841657812
0 0.41363525390625 0.8049448724760893 0.0253173828125 0.015940488841657812
0 0.44641520182291666 0.8049448724760893 0.029825846354166668 0.015940488841657812
0 0.47464599609375 0.8049448724760893 0.016219075520833334 0.015940488841657812
0 0.49955647786458335 0.8049448724760893 0.023185221354166667 0.015940488841657812
0 0.5429036458333333 0.8049448724760893 0.05309244791666667 0.015940488841657812
0 0.600390625 0.8049448724760893 0.05146484375 0.015940488841657812
0 0.6435384114583333 0.8049448724760893 0.0244140625 0.015940488841657812
1 0.6687662760416667 0.8055260361317748 0.015625 0.021253985122210415
0 0.25637613932291664 0.8443145589798087 0.0231689453125 0.015940488841657812
0 0.2873006184895833 0.8443145589798087 0.0178466796875 0.015940488841657812
0 0.32288818359375 0.8443145589798087 0.0324951171875 0.015940488841657812
0 0.3701253255208333 0.8443145589798087 0.04114583333333333 0.015940488841657812
0 0.4095458984375 0.8443145589798087 0.016861979166666666 0.015940488841657812
0 0.43806559244791665 0.8443145589798087 0.019344075520833334 0.015940488841657812
0 0.46835530598958336 0.8443145589798087 0.020402018229166666 0.015940488841657812
0 0.50711669921875 0.8443145589798087 0.03628743489583333 0.015940488841657812
0 0.54921875 0.8443145589798087 0.027083333333333334 0.015940488841657812
0 0.5893147786458334 0.8443145589798087 0.032275390625 0.015940488841657812
0 0.6329020182291667 0.8443145589798087 0.03406575520833333 0.015940488841657812
0 0.6810546875 0.8443145589798087 0.04140625 0.015940488841657812
0 0.7233723958333333 0.8443145589798087 0.022395833333333334 0.015940488841657812
0 0.25947265625 0.8647051009564294 0.029361979166666666 0.015940488841657812
0 0.29660237630208336 0.8647051009564294 0.024064127604166666 0.015940488841657812
0 0.3363118489583333 0.8647051009564294 0.034521484375 0.015940488841657812
0 0.3766072591145833 0.8647051009564294 0.025236002604166665 0.015940488841657812
0 0.43755696614583334 0.8647051009564294 0.075830078125 0.015940488841657812
0 0.50631103515625 0.8647051009564294 0.0408447265625 0.015940488841657812
0 0.55869140625 0.8647051009564294 0.04308268229166667 0.015940488841657812
0 0.6013427734375 0.8647051009564294 0.02138671875 0.015940488841657812
0 0.63128662109375 0.8647051009564294 0.017667643229166665 0.015940488841657812
0 0.6648518880208333 0.8647051009564294 0.028629557291666666 0.015940488841657812
0 0.7075887044270833 0.8647051009564294 0.0360107421875 0.015940488841657812
0 0.2613606770833333 0.88509564293305 0.03313802083333333 0.015940488841657812
0 0.29982096354166665 0.88509564293305 0.02294921875 0.015940488841657812
0 0.33353271484375 0.88509564293305 0.023640950520833332 0.015940488841657812
0 0.37521565755208336 0.8851952709883103 0.0388916015625 0.020390541976620616
0 0.4141153971354167 0.88509564293305 0.018074544270833333 0.015940488841657812
0 0.44037272135416666 0.88509564293305 0.013606770833333334 0.015940488841657812
0 0.50689697265625 0.88509564293305 0.0986083984375 0.015940488841657812
0 0.5668782552083333 0.8755313496280552 0.0005208333333333333 0.0010626992561105207
0 0.577294921875 0.8755313496280552 0.0005208333333333333 0.0010626992561105207
