0 0.20520833333333333 0.04516471838469713 0.06822916666666666 0.07970244420828905
8 0.27313639322916666 0.04516471838469713 0.044189453125 0.04250797024442083
1 0.27313639322916666 0.049415515409139216 0.044189453125 0.05100956429330499
8 0.33533121744791666 0.04516471838469713 0.0802001953125 0.04250797024442083
1 0.33533121744791666 0.049415515409139216 0.0802001953125 0.05100956429330499
8 0.4044108072916667 0.04516471838469713 0.057958984375 0.04250797024442083
1 0.4044108072916667 0.049415515409139216 0.057958984375 0.05100956429330499
8 0.46035970052083336 0.04516471838469713 0.053938802083333334 0.04250797024442083
1 0.46035970052083336 0.049415515409139216 0.053938802083333334 0.05100956429330499
8 0.5211222330729167 0.04516471838469713 0.06758626302083333 0.04250797024442083
1 0.5211222330729167 0.049415515409139216 0.06758626302083333 0.05100956429330499
8 0.58883056640625 0.04516471838469713 0.06783040364583333 0.04250797024442083
1 0.58883056640625 0.049415515409139216 0.06783040364583333 0.05100956429330499
1 0.65164794921875 0.04516471838469713 0.05780436197916667 0.04250797024442083
1 0.703759765625 0.04516471838469713 0.04641927083333333 0.04250797024442083
1 0.361376953125 0.3181621944739639 0.3873372395833333 0.040382571732199786
0 0.330859375 0.5579005047821467 0.09192708333333334 0.025504782146652496
0 0.3370442708333333 0.7778792507970245 0.104296875 0.025504782146652496
1 0.1935546875 0.9447230340063762 0.05169270833333333 0.040382571732199786
0 0.6621622721354167 0.5706528958554729 0.2941162109375 0.05100956429330499
0 0.6686197916666666 0.7906316418703507 0.30703125 0.05100956429330499
