0 0.2109619140625 0.23645058448459086 0.028873697916666666 0.012752391073326248
0 0.24762776692708333 0.23645058448459086 0.0319580078125 0.012752391073326248
0 0.28461100260416666 0.23645058448459086 0.029508463541666665 0.012752391073326248
0 0.3123291015625 0.23645058448459086 0.013427734375 0.012752391073326248
0 0.3516764322916667 0.23645058448459086 0.05276692708333333 0.012752391073326248
0 0.3897501627604167 0.23645058448459086 0.010880533854166667 0.012752391073326248
0 0.4260457356770833 0.23645058448459086 0.049210611979166666 0.012752391073326248
0 0.4913411458333333 0.23645058448459086 0.06888020833333333 0.012752391073326248
0 0.5521809895833333 0.23645058448459086 0.040299479166666666 0.012752391073326248
0 0.6207275390625 0.23645058448459086 0.08429361979166666 0.012752391073326248
0 0.6848307291666667 0.23645058448459086 0.031412760416666664 0.012752391073326248
0 0.2328125 0.4543039319872476 0.13020833333333334 0.04675876726886291
0 0.17943522135416667 0.5297555791710946 0.023453776041666666 0.01700318809776833
0 0.19547526041666666 0.5903294367693943 0.05553385416666667 0.01700318809776833
8 0.2328125 0.6514346439957492 0.15520833333333334 0.06057385759829968
0 0.18304850260416666 0.6509032943676939 0.030680338541666668 0.01700318809776833
0 0.23619791666666667 0.7189160467587673 0.1234375 0.01700318809776833
0 0.23619791666666667 0.7561105207226355 0.1234375 0.01700318809776833
0 0.23619791666666667 0.7933049946865037 0.1234375 0.01700318809776833
0 0.23619791666666667 0.8304994686503719 0.1234375 0.01700318809776833
0 0.23619791666666667 0.8676939426142402 0.1234375 0.01700318809776833
0 0.23619791666666667 0.9048884165781084 0.1234375 0.01700318809776833
0 0.23619791666666667 0.9420828905419766 0.1234375 0.01700318809776833
0 0.20362955729166668 0.7114771519659936 0.07184244791666666 0.01700318809776833
0 0.20395100911458333 0.7763018065887354 0.0724853515625 0.01700318809776833
0 0.18551025390625 0.8411264612114772 0.035603841145833336 0.01700318809776833
8 0.2328125 0.9022316684378321 0.15520833333333334 0.06057385759829968
0 0.23619791666666667 0.9697130712008502 0.1234375 0.01700318809776833
0 0.23619791666666667 0.9992029755579172 0.1234375 0.001594048884165781
8 0.2328125 0.9628055260361318 0.15520833333333334 0.06057385759829968
0 0.18755289713541667 0.9622741764080766 0.039689127604166666 0.01700318809776833
8 0.2328125 0.9965462274176408 0.15520833333333334 0.006907545164718385
0 0.21692708333333333 0.30818278427205104 0.11822916666666666 0.0563230605738576
0 0.67413330078125 0.30818278427205104 0.09756673177083333 0.04675876726886291
1 0.7703125 0.30818278427205104 0.07916666666666666 0.04675876726886291
0 0.8291666666666667 0.3065887353878852 0.022916666666666665 0.04250797024442083
5 0.16171875 0.3831030818278427 0.013020833333333334 0.026567481402763018
0 0.20687255859375 0.383634431455898 0.061661783854166666 0.01381509032943677
0 0.2580810546875 0.383634431455898 0.030338541666666666 0.01381509032943677
0 0.29687906901041666 0.383634431455898 0.0368408203125 0.01381509032943677
0 0.33758138020833334 0.383634431455898 0.03414713541666667 0.01381509032943677
0 0.37289632161458336 0.383634431455898 0.026066080729166666 0.01381509032943677
0 0.4081787109375 0.383634431455898 0.03408203125 0.01381509032943677
0 0.45582682291666665 0.383634431455898 0.050797526041666666 0.01381509032943677
0 0.49962158203125 0.383634431455898 0.026375325520833333 0.01381509032943677
0 0.5294759114583333 0.383634431455898 0.022916666666666665 0.01381509032943677
0 0.5696858723958333 0.383634431455898 0.04708658854166667 0.01381509032943677
0 0.6340128580729166 0.383634431455898 0.0503173828125 0.01381509032943677
0 0.31525065104166666 0.4463336875664187 0.21416015625 0.01700318809776833
0 0.5927205403645833 0.4463336875664187 0.3022379557291667 0.01700318809776833
0 0.79100341796875 0.4463336875664187 0.0557861328125 0.01700318809776833
0 0.32473958333333336 0.767268862911796 0.3375 0.46546227417640806
0 0.5856770833333333 0.701912858660999 0.16354166666666667 0.33475026567481403
0 0.7596354166666667 0.701912858660999 0.16354166666666667 0.33475026567481403
0 0.5856770833333333 0.9452709883103082 0.16354166666666667 0.10945802337938364
0 0.7596354166666667 0.9452709883103082 0.16354166666666667 0.10945802337938364
