1 0.5879557291666667 0.030818278427205102 0.08333333333333333 0.03400637619553666
1 0.6625162760416666 0.030818278427205102 0.05328776041666667 0.04250797024442083
1 0.6995768229166667 0.030818278427205102 0.008333333333333333 0.022316684378320937
0 0.05697428385416667 0.08554729011689692 0.080615234375 0.022316684378320937
0 0.14036051432291666 0.08554729011689692 0.0611572265625 0.022316684378320937
0 0.21271158854166666 0.08554729011689692 0.058544921875 0.022316684378320937
0 0.27439778645833335 0.08554729011689692 0.03982747395833333 0.022316684378320937
0 0.071875 0.16471008235919235 0.11041666666666666 0.04358727417640808
5 0.14609375 0.140807651434644 0.0005208333333333333 0.0010626992561105207
2 0.42340494791666666 0.1647183846971307 0.5384765625 0.03825717321997875
1 0.7059041341145833 0.1647183846971307 0.0244384765625 0.05100956429330499
0 0.7659342447916667 0.1647183846971307 0.06228841145833333 0.044633368756641874
13 0.7431233723958334 0.1647183846971307 0.016666666666666666 0.02975557917109458
0 0.8428955078125 0.1647183846971307 0.05830078125 0.025504782146652496
13 0.8220784505208333 0.1647183846971307 0.016666666666666666 0.018065887353878853
1 0.9098470052083333 0.1647183846971307 0.04226888020833333 0.02975557917109458
13 0.8970458984375 0.1647183846971307 0.016666666666666666 0.02975557917109458
0 0.96549072265625 0.1647183846971307 0.035685221354166664 0.030818278427205102
13 0.9559814453125 0.1647183846971307 0.016666666666666666 0.030818278427205102
11 0.5 0.2359192348565356 0.9666666666666667 0.05951115834218916
0 0.030814615885416667 0.23485653560042508 0.0282958984375 0.057385759829968117
1 0.09462890625 0.23485653560042508 0.09933268229166667 0.057385759829968117
11 0.5 0.507264545696068 0.9666666666666667 0.44067149309245485
0 0.18088785807291666 0.33129649309245485 0.04427897135416667 0.020722635494155154
0 0.18494466145833333 0.3605207226354942 0.052392578125 0.020722635494155154
0 0.18404134114583334 0.3897449521785335 0.0505859375 0.020722635494155154
0 0.18273111979166667 0.41896918172157277 0.04796549479166667 0.020722635494155154
0 0.18334554036458334 0.4481934112646121 0.0491943359375 0.020722635494155154
0 0.1898681640625 0.4774176408076514 0.062239583333333334 0.020722635494155154
0 0.1859375 0.5066418703506907 0.05437825520833333 0.020722635494155154
0 0.3280110677083333 0.33129649309245485 0.07371419270833333 0.020722635494155154
0 0.33206380208333336 0.3605207226354942 0.08181966145833333 0.020722635494155154
0 0.3330607096354167 0.3897449521785335 0.0838134765625 0.020722635494155154
0 0.33233642578125 0.41896918172157277 0.08236490885416667 0.020722635494155154
0 0.33062744140625 0.5077045696068013 0.07894694010416667 0.020722635494155154
0 0.336865234375 0.5369287991498406 0.09142252604166666 0.020722635494155154
0 0.3410888671875 0.5661530286928799 0.09986979166666667 0.020722635494155154
0 0.31923014322916665 0.5953772582359192 0.05615234375 0.020722635494155154
0 0.480908203125 0.33129649309245485 0.07639973958333333 0.020722635494155154
0 0.4849650065104167 0.3605207226354942 0.08451334635416667 0.020722635494155154
0 0.48595784505208334 0.3897449521785335 0.0864990234375 0.020722635494155154
0 0.4669596354166667 0.47848034006376194 0.048502604166666664 0.020722635494155154
0 0.46813557942708334 0.5077045696068013 0.0508544921875 0.020722635494155154
0 0.46925455729166665 0.5369287991498406 0.05309244791666667 0.020722635494155154
0 0.47771809895833334 0.5661530286928799 0.07001953125 0.020722635494155154
0 0.47914225260416665 0.5953772582359192 0.07286783854166666 0.020722635494155154
0 0.46514485677083334 0.6246014877789585 0.044873046875 0.020722635494155154
0 0.5976521809895833 0.33129649309245485 0.05956217447916667 0.020722635494155154
0 0.60325927734375 0.3605207226354942 0.0707763671875 0.020722635494155154
0 0.5916951497395834 0.3897449521785335 0.047648111979166664 0.020722635494155154
0 0.5936726888020833 0.41896918172157277 0.05160319010416667 0.020722635494155154
0 0.61031494140625 0.4481934112646121 0.0848876953125 0.020722635494155154
0 0.7663370768229166 0.4902613575982997 0.1498291015625 0.4066651168969182
1 0.17955729166666667 0.23485653560042508 0.067724609375 0.057385759829968117
11 0.5 0.4849478613177471 0.9666666666666667 0.396038124335813
0 0.13224283854166666 0.3002125398512221 0.05807291666666667 0.022316684378320937
0 0.1266845703125 0.33129649309245485 0.046956380208333336 0.020722635494155154
0 0.12775065104166666 0.3605207226354942 0.049088541666666666 0.020722635494155154
0 0.13775634765625 0.4181721572794899 0.06909993489583334 0.022316684378320937
0 0.141015625 0.4492561105207226 0.07561848958333334 0.020722635494155154
0 0.12292073567708334 0.47848034006376194 0.0394287109375 0.020722635494155154
0 0.12742106119791666 0.5077045696068013 0.04842936197916667 0.020722635494155154
0 0.11646321614583334 0.5369287991498406 0.026513671875 0.020722635494155154
0 0.11409505208333333 0.5661530286928799 0.02177734375 0.020722635494155154
0 0.15626627604166668 0.5953772582359192 0.10611979166666667 0.020722635494155154
0 0.26584065755208336 0.3002125398512221 0.03570149739583333 0.022316684378320937
0 0.25664876302083334 0.33129649309245485 0.017317708333333334 0.020722635494155154
0 0.2855712890625 0.3605207226354942 0.07516276041666667 0.020722635494155154
0 0.269140625 0.3897449521785335 0.04230143229166667 0.020722635494155154
0 0.26414388020833335 0.41896918172157277 0.032307942708333336 0.020722635494155154
0 0.26175130208333336 0.4766206163655685 0.027522786458333334 0.022316684378320937
0 0.26941324869791666 0.5077045696068013 0.0428466796875 0.020722635494155154
0 0.26983642578125 0.5369287991498406 0.04369303385416667 0.020722635494155154
0 0.2665771484375 0.5661530286928799 0.03717447916666667 0.020722635494155154
0 0.26533203125 0.5953772582359192 0.034684244791666666 0.020722635494155154
0 0.38292236328125 0.33129649309245485 0.0422119140625 0.020722635494155154
0 0.38181966145833335 0.3605207226354942 0.04000651041666667 0.020722635494155154
0 0.382568359375 0.3897449521785335 0.04150390625 0.020722635494155154
0 0.38747965494791664 0.41896918172157277 0.05132649739583333 0.020722635494155154
0 0.40779215494791665 0.4481934112646121 0.09195149739583333 0.020722635494155154
0 0.39105224609375 0.5369287991498406 0.0584716796875 0.020722635494155154
0 0.38765869140625 0.5661530286928799 0.0516845703125 0.020722635494155154
0 0.40779215494791665 0.5953772582359192 0.09195149739583333 0.020722635494155154
0 0.514111328125 0.33129649309245485 0.017317708333333334 0.020722635494155154
0 0.5422648111979167 0.3605207226354942 0.07362467447916667 0.020722635494155154
0 0.5251668294270834 0.3897449521785335 0.0394287109375 0.020722635494155154
0 0.5268758138020834 0.41896918172157277 0.0428466796875 0.020722635494155154
0 0.52318115234375 0.4481934112646121 0.03545735677083333 0.020722635494155154
0 0.5187093098958333 0.4774176408076514 0.026513671875 0.020722635494155154
0 0.5275390625 0.5066418703506907 0.044173177083333334 0.020722635494155154
0 0.52967529296875 0.53586609989373 0.048445638020833334 0.020722635494155154
0 0.530517578125 0.5650903294367694 0.050130208333333336 0.020722635494155154
0 0.6494547526041666 0.33129649309245485 0.063427734375 0.020722635494155154
0 0.6414021809895833 0.3605207226354942 0.047322591145833336 0.020722635494155154
0 0.6630167643229167 0.3897449521785335 0.0905517578125 0.020722635494155154
0 0.6412394205729167 0.41896918172157277 0.0469970703125 0.020722635494155154
0 0.641455078125 0.4481934112646121 0.04742838541666667 0.020722635494155154
0 0.63397216796875 0.4774176408076514 0.03246256510416667 0.020722635494155154
0 0.6404296875 0.5066418703506907 0.04537760416666667 0.020722635494155154
0 0.637548828125 0.53586609989373 0.03961588541666667 0.020722635494155154
0 0.6514973958333333 0.5650903294367694 0.06751302083333334 0.020722635494155154
0 0.6569580078125 0.5943145589798087 0.07843424479166666 0.020722635494155154
0 0.8218709309895833 0.46794467321997874 0.1498291015625 0.3620317481402763
1 0.24485677083333332 0.23485653560042508 0.060074869791666666 0.057385759829968117
11 0.5 0.48034006376195537 0.9666666666666667 0.38682252922422955
0 0.19914957682291667 0.33129649309245485 0.0289794921875 0.020722635494155154
0 0.21089274088541668 0.3605207226354942 0.0524658203125 0.020722635494155154
0 0.19589029947916667 0.3897449521785335 0.0224609375 0.020722635494155154
0 0.19393717447916667 0.41896918172157277 0.0185546875 0.020722635494155154
0 0.19189453125 0.4481934112646121 0.014469401041666666 0.020722635494155154
0 0.19137776692708333 0.4774176408076514 0.013435872395833333 0.020722635494155154
0 0.21463623046875 0.5350690754516472 0.059952799479166666 0.022316684378320937
0 0.19371337890625 0.5661530286928799 0.018107096354166668 0.020722635494155154
0 0.19517822265625 0.5953772582359192 0.021036783854166668 0.020722635494155154
0 0.31029052734375 0.3002125398512221 0.0540283203125 0.022316684378320937
0 0.30093587239583336 0.33129649309245485 0.035319010416666664 0.020722635494155154
0 0.3093953450520833 0.3605207226354942 0.05223795572916667 0.020722635494155154
0 0.30018310546875 0.3897449521785335 0.0338134765625 0.020722635494155154
0 0.30940348307291665 0.41896918172157277 0.05225423177083333 0.020722635494155154
0 0.30038655598958336 0.4481934112646121 0.034220377604166664 0.020722635494155154
0 0.29426676432291665 0.4774176408076514 0.021980794270833333 0.020722635494155154
0 0.2919230143229167 0.5066418703506907 0.017293294270833332 0.020722635494155154
0 0.29083658854166666 0.53586609989373 0.015120442708333333 0.020722635494155154
0 0.31738688151041666 0.5935175345377258 0.06822102864583333 0.022316684378320937
0 0.4134602864583333 0.3002125398512221 0.04659830729166667 0.022316684378320937
0 0.41167805989583334 0.33129649309245485 0.04303385416666667 0.020722635494155154
0 0.4110595703125 0.3605207226354942 0.041796875 0.020722635494155154
0 0.40703125 0.3897449521785335 0.033740234375 0.020722635494155154
0 0.4004435221354167 0.41896918172157277 0.020564778645833334 0.020722635494155154
0 0.40252685546875 0.4481934112646121 0.0247314453125 0.020722635494155154
0 0.42941080729166664 0.5369287991498406 0.07849934895833334 0.020722635494155154
0 0.42181803385416666 0.5661530286928799 0.06331380208333333 0.020722635494155154
0 0.5559488932291666 0.33129649309245485 0.07120768229166667 0.020722635494155154
0 0.5600545247395833 0.3605207226354942 0.0794189453125 0.020722635494155154
0 0.55623779296875 0.3897449521785335 0.07178548177083334 0.020722635494155154
0 0.5568440755208334 0.41896918172157277 0.072998046875 0.020722635494155154
0 0.5417805989583333 0.4481934112646121 0.04287109375 0.020722635494155154
0 0.5514404296875 0.4774176408076514 0.06219075520833333 0.020722635494155154
0 0.57359619140625 0.5350690754516472 0.10650227864583334 0.022316684378320937
0 0.7404256184895833 0.42123571997874604 0.1498291015625 0.2686138416578108
1 0.3234944661458333 0.23485653560042508 0.09440104166666667 0.057385759829968117
11 0.5 0.507264545696068 0.9666666666666667 0.44067149309245485
0 0.14381103515625 0.3002125398512221 0.0695068359375 0.022316684378320937
0 0.12457682291666666 0.33129649309245485 0.031038411458333335 0.020722635494155154
0 0.11831868489583333 0.3605207226354942 0.018522135416666665 0.020722635494155154
0 0.12518310546875 0.3897449521785335 0.0322509765625 0.020722635494155154
0 0.12689208984375 0.41896918172157277 0.0356689453125 0.020722635494155154
0 0.13831787109375 0.4481934112646121 0.0585205078125 0.020722635494155154
0 0.1226806640625 0.4774176408076514 0.02724609375 0.020722635494155154
0 0.1390869140625 0.5066418703506907 0.06005859375 0.020722635494155154
0 0.13092447916666666 0.53586609989373 0.04373372395833333 0.020722635494155154
0 0.13677164713541667 0.5650903294367694 0.05542805989583333 0.020722635494155154
0 0.11953938802083333 0.5943145589798087 0.020963541666666665 0.020722635494155154
0 0.2518310546875 0.3002125398512221 0.06920572916666666 0.022316684378320937
0 0.23805338541666668 0.33129649309245485 0.041650390625 0.020722635494155154
0 0.2489990234375 0.3605207226354942 0.06354166666666666 0.020722635494155154
0 0.25308024088541664 0.3897449521785335 0.0717041015625 0.020722635494155154
0 0.23357747395833334 0.41896918172157277 0.032698567708333334 0.020722635494155154
0 0.22891845703125 0.4481934112646121 0.023380533854166666 0.020722635494155154
0 0.2346923828125 0.4774176408076514 0.034928385416666666 0.020722635494155154
0 0.23444417317708333 0.5066418703506907 0.03443196614583333 0.020722635494155154
0 0.245751953125 0.53586609989373 0.057047526041666664 0.020722635494155154
0 0.24835205078125 0.5650903294367694 0.06224772135416667 0.020722635494155154
0 0.3546142578125 0.3002125398512221 0.054036458333333336 0.022316684378320937
0 0.3362548828125 0.33129649309245485 0.017317708333333334 0.020722635494155154
0 0.36468505859375 0.3605207226354942 0.07417805989583333 0.020722635494155154
0 0.36139322916666666 0.3897449521785335 0.06759440104166667 0.020722635494155154
0 0.3435791015625 0.41896918172157277 0.031966145833333334 0.020722635494155154
0 0.35518798828125 0.4481934112646121 0.05518391927083333 0.020722635494155154
0 0.37288818359375 0.5058448459086079 0.09058430989583334 0.022316684378320937
0 0.37145589192708334 0.565356004250797 0.0877197265625 0.022316684378320937
0 0.4919677734375 0.3002125398512221 0.044205729166666666 0.022316684378320937
0 0.4851806640625 0.33129649309245485 0.030631510416666667 0.020722635494155154
0 0.5039388020833333 0.3605207226354942 0.06814778645833333 0.020722635494155154
0 0.51470947265625 0.3897449521785335 0.08968912760416667 0.020722635494155154
0 0.5230061848958333 0.41896918172157277 0.10628255208333333 0.020722635494155154
0 0.49481608072916666 0.5077045696068013 0.04990234375 0.020722635494155154
0 0.49330240885416665 0.5369287991498406 0.046875 0.020722635494155154
0 0.48748779296875 0.5661530286928799 0.03524576822916667 0.020722635494155154
0 0.4902099609375 0.5953772582359192 0.040690104166666664 0.020722635494155154
0 0.6303304036458334 0.33129649309245485 0.031038411458333335 0.020722635494155154
0 0.6554646809895833 0.3605207226354942 0.08130696614583334 0.020722635494155154
0 0.64249267578125 0.3897449521785335 0.05536295572916667 0.020722635494155154
0 0.63941650390625 0.41896918172157277 0.049210611979166666 0.020722635494155154
0 0.624072265625 0.4481934112646121 0.018522135416666665 0.020722635494155154
0 0.6398193359375 0.4774176408076514 0.05001627604166667 0.020722635494155154
0 0.6369832356770834 0.5066418703506907 0.04434407552083333 0.020722635494155154
0 0.6586263020833333 0.5642933049946866 0.08763020833333333 0.022316684378320937
0 0.8160196940104166 0.4902613575982997 0.1498291015625 0.4066651168969182
1 0.4183756510416667 0.23485653560042508 0.09256184895833333 0.057385759829968117
11 0.5 0.494952178533475 0.9666666666666667 0.4160467587672689
0 0.26221110026041666 0.3002125398512221 0.055948893229166664 0.022316684378320937
0 0.26138102213541664 0.33129649309245485 0.05428873697916667 0.020722635494155154
0 0.2622477213541667 0.3605207226354942 0.05602213541666667 0.020722635494155154
0 0.242529296875 0.3897449521785335 0.016585286458333334 0.020722635494155154
0 0.2713826497395833 0.44739638682252925 0.0742919921875 0.022316684378320937
0 0.2509033203125 0.47848034006376194 0.03333333333333333 0.020722635494155154
0 0.24582926432291666 0.5077045696068013 0.023185221354166667 0.020722635494155154
0 0.26705729166666664 0.5369287991498406 0.06564127604166667 0.020722635494155154
0 0.27042236328125 0.5661530286928799 0.07237141927083333 0.020722635494155154
0 0.24949951171875 0.5953772582359192 0.030525716145833333 0.020722635494155154
0 0.26339925130208336 0.6246014877789585 0.0583251953125 0.020722635494155154
0 0.37060953776041666 0.3002125398512221 0.046834309895833336 0.022316684378320937
0 0.37002766927083336 0.33129649309245485 0.045670572916666666 0.020722635494155154
0 0.36753743489583335 0.3605207226354942 0.040690104166666664 0.020722635494155154
0 0.37490641276041664 0.3897449521785335 0.05542805989583333 0.020722635494155154
0 0.37275797526041665 0.41896918172157277 0.051131184895833334 0.020722635494155154
0 0.358935546875 0.4766206163655685 0.023486328125 0.022316684378320937
0 0.3819661458333333 0.5077045696068013 0.06954752604166667 0.020722635494155154
0 0.38215738932291665 0.5369287991498406 0.06993001302083333 0.020722635494155154
0 0.38373209635416666 0.5945802337938364 0.07307942708333333 0.022316684378320937
0 0.49505615234375 0.33129649309245485 0.04619954427083333 0.020722635494155154
0 0.49059651692708334 0.3605207226354942 0.0372802734375 0.020722635494155154
0 0.49893391927083336 0.3897449521785335 0.053955078125 0.020722635494155154
0 0.493994140625 0.41896918172157277 0.04407552083333333 0.020722635494155154
0 0.5079752604166666 0.4481934112646121 0.07203776041666667 0.020722635494155154
0 0.49331868489583336 0.5369287991498406 0.042724609375 0.020722635494155154
0 0.5006998697916667 0.5661530286928799 0.05748697916666667 0.020722635494155154
0 0.5027058919270834 0.5953772582359192 0.0614990234375 0.020722635494155154
0 0.6908487955729167 0.46794467321997874 0.1498291015625 0.3620317481402763
1 0.5188435872395833 0.23485653560042508 0.10557454427083333 0.057385759829968117
11 0.5 0.494952178533475 0.9666666666666667 0.4160467587672689
0 0.23488362630208334 0.3002125398512221 0.028263346354166666 0.022316684378320937
0 0.24420979817708333 0.33129649309245485 0.046915690104166664 0.020722635494155154
0 0.24344482421875 0.3605207226354942 0.0453857421875 0.020722635494155154
0 0.23985595703125 0.3897449521785335 0.0382080078125 0.020722635494155154
0 0.26771647135416665 0.41896918172157277 0.09392903645833334 0.020722635494155154
0 0.24462890625 0.4766206163655685 0.04775390625 0.022316684378320937
0 0.23767903645833333 0.5077045696068013 0.033854166666666664 0.020722635494155154
0 0.24609375 0.5369287991498406 0.05068359375 0.020722635494155154
0 0.24432779947916666 0.5661530286928799 0.04715169270833333 0.020722635494155154
0 0.22800699869791666 0.5953772582359192 0.014510091145833333 0.020722635494155154
0 0.2415771484375 0.6246014877789585 0.041650390625 0.020722635494155154
0 0.37159830729166665 0.3002125398512221 0.03650716145833333 0.022316684378320937
0 0.39322102864583336 0.33129649309245485 0.07975260416666667 0.020722635494155154
0 0.3760782877604167 0.3605207226354942 0.04546712239583333 0.020722635494155154
0 0.38734130859375 0.3897449521785335 0.0679931640625 0.020722635494155154
0 0.3801676432291667 0.41896918172157277 0.05364583333333333 0.020722635494155154
0 0.37860107421875 0.4481934112646121 0.0505126953125 0.020722635494155154
0 0.39596354166666664 0.4779489904357067 0.08523763020833333 0.021785334750265676
0 0.3896687825520833 0.5077045696068013 0.07264811197916667 0.020722635494155154
0 0.4031005859375 0.5374601487778958 0.09951171875 0.021785334750265676
0 0.38754069010416664 0.5956429330499469 0.06839192708333333 0.022316684378320937
0 0.5273152669270833 0.33129649309245485 0.045548502604166666 0.020722635494155154
0 0.5339518229166667 0.3605207226354942 0.058821614583333334 0.020722635494155154
0 0.5292683919270833 0.3897449521785335 0.049454752604166666 0.020722635494155154
0 0.5252726236979167 0.41896918172157277 0.041463216145833336 0.020722635494155154
0 0.5408528645833334 0.5077045696068013 0.07262369791666666 0.020722635494155154
0 0.540087890625 0.5369287991498406 0.07109375 0.020722635494155154
0 0.5310546875 0.5661530286928799 0.05302734375 0.020722635494155154
0 0.52550048828125 0.5953772582359192 0.0419189453125 0.020722635494155154
0 0.70433349609375 0.46794467321997874 0.1498291015625 0.3620317481402763
1 0.6045735677083334 0.23485653560042508 0.0630859375 0.057385759829968117
11 0.5 0.4849478613177471 0.9666666666666667 0.396038124335813
0 0.16126708984375 0.3002125398512221 0.030281575520833333 0.022316684378320937
0 0.15755208333333334 0.33129649309245485 0.0228515625 0.020722635494155154
0 0.1617431640625 0.3605207226354942 0.031233723958333334 0.020722635494155154
0 0.16302490234375 0.3897449521785335 0.033797200520833334 0.020722635494155154
0 0.16492106119791666 0.41896918172157277 0.03758951822916667 0.020722635494155154
0 0.17025553385416667 0.4481934112646121 0.048258463541666664 0.020722635494155154
0 0.18169759114583334 0.4774176408076514 0.071142578125 0.020722635494155154
0 0.16918131510416667 0.5066418703506907 0.04611002604166667 0.020722635494155154
0 0.15745035807291666 0.53586609989373 0.022648111979166666 0.020722635494155154
0 0.18480224609375 0.5650903294367694 0.07735188802083333 0.020722635494155154
0 0.2706990559895833 0.3002125398512221 0.0171142578125 0.022316684378320937
0 0.27060139973958336 0.33129649309245485 0.0169189453125 0.020722635494155154
0 0.2789713541666667 0.3605207226354942 0.03365885416666667 0.020722635494155154
0 0.27981770833333336 0.3897449521785335 0.0353515625 0.020722635494155154
0 0.28792724609375 0.41896918172157277 0.05157063802083333 0.020722635494155154
0 0.28134765625 0.4481934112646121 0.038411458333333336 0.020722635494155154
0 0.2916341145833333 0.4774176408076514 0.058984375 0.020722635494155154
0 0.2818522135416667 0.5066418703506907 0.03942057291666667 0.020722635494155154
0 0.2814860026041667 0.53586609989373 0.03868815104166667 0.020722635494155154
0 0.36776936848958336 0.3002125398512221 0.015958658854166665 0.022316684378320937
0 0.36787109375 0.33129649309245485 0.016162109375 0.020722635494155154
0 0.372119140625 0.3605207226354942 0.024658203125 0.020722635494155154
0 0.369384765625 0.3897449521785335 0.019189453125 0.020722635494155154
0 0.37866617838541666 0.41896918172157277 0.03775227864583333 0.020722635494155154
0 0.3902587890625 0.4766206163655685 0.0609375 0.022316684378320937
0 0.37101643880208335 0.5077045696068013 0.022452799479166667 0.020722635494155154
0 0.37583821614583335 0.5369287991498406 0.03209635416666667 0.020722635494155154
0 0.479931640625 0.33129649309245485 0.0150390625 0.020722635494155154
0 0.48378092447916665 0.3605207226354942 0.022737630208333335 0.020722635494155154
0 0.47910970052083335 0.3897449521785335 0.013395182291666667 0.020722635494155154
0 0.4917805989583333 0.47848034006376194 0.038736979166666664 0.020722635494155154
0 0.49249267578125 0.5077045696068013 0.0401611328125 0.020722635494155154
0 0.4893880208333333 0.5369287991498406 0.033951822916666666 0.020722635494155154
0 0.4831787109375 0.5661530286928799 0.021533203125 0.020722635494155154
0 0.49975992838541666 0.5953772582359192 0.05469563802083333 0.020722635494155154
0 0.5910807291666667 0.33129649309245485 0.031266276041666666 0.020722635494155154
0 0.5959513346354167 0.3605207226354942 0.04100748697916667 0.020722635494155154
0 0.5951944986979166 0.4492561105207226 0.03949381510416667 0.020722635494155154
0 0.5924072265625 0.47848034006376194 0.033919270833333334 0.020722635494155154
0 0.62041015625 0.5077045696068013 0.08992513020833333 0.020722635494155154
0 0.60286865234375 0.5369287991498406 0.05484212239583333 0.020722635494155154
0 0.60130615234375 0.5661530286928799 0.051717122395833336 0.020722635494155154
0 0.7789510091145834 0.46794467321997874 0.1498291015625 0.3620317481402763
1 0.67852783203125 0.23485653560042508 0.08202311197916666 0.057385759829968117
11 0.5 0.5095642933049946 0.9666666666666667 0.4452709883103082
0 0.12857666015625 0.3002125398512221 0.03570149739583333 0.022316684378320937
0 0.119384765625 0.33129649309245485 0.017317708333333334 0.020722635494155154
0 0.15838623046875 0.3605207226354942 0.09532063802083333 0.020722635494155154
0 0.13187662760416666 0.3897449521785335 0.04230143229166667 0.020722635494155154
0 0.1268798828125 0.41896918172157277 0.032307942708333336 0.020722635494155154
0 0.1436767578125 0.4481934112646121 0.06590169270833333 0.020722635494155154
0 0.14654134114583334 0.4774176408076514 0.071630859375 0.020722635494155154
0 0.15500081380208333 0.5350690754516472 0.0885498046875 0.022316684378320937
0 0.14781494140625 0.5661530286928799 0.07417805989583333 0.020722635494155154
0 0.14657796223958333 0.5953772582359192 0.0717041015625 0.020722635494155154
0 0.15233968098958334 0.6246014877789585 0.0832275390625 0.020722635494155154
0 0.15989990234375 0.6538257173219979 0.09834798177083333 0.020722635494155154
0 0.26818440755208334 0.3002125398512221 0.0408935546875 0.022316684378320937
0 0.26666259765625 0.33129649309245485 0.03784993489583333 0.020722635494155154
0 0.2704549153645833 0.3605207226354942 0.0454345703125 0.020722635494155154
0 0.27412516276041665 0.3897449521785335 0.052775065104166664 0.020722635494155154
0 0.28629964192708335 0.41896918172157277 0.0771240234375 0.020722635494155154
0 0.2751871744791667 0.4481934112646121 0.05489908854166667 0.020722635494155154
0 0.28884684244791664 0.5058448459086079 0.08221842447916666 0.022316684378320937
0 0.25801188151041665 0.5369287991498406 0.020548502604166668 0.020722635494155154
0 0.26407470703125 0.5661530286928799 0.032674153645833336 0.020722635494155154
0 0.258984375 0.5953772582359192 0.022493489583333335 0.020722635494155154
0 0.2702433268229167 0.6246014877789585 0.04501139322916667 0.020722635494155154
0 0.41368001302083335 0.3002125398512221 0.09012044270833333 0.022316684378320937
0 0.3845458984375 0.33129649309245485 0.03185221354166667 0.020722635494155154
0 0.3943603515625 0.3605207226354942 0.05148111979166667 0.020722635494155154
0 0.3858561197916667 0.3897449521785335 0.03447265625 0.020722635494155154
0 0.39423828125 0.41896918172157277 0.05123697916666667 0.020722635494155154
0 0.3952229817708333 0.4481934112646121 0.053206380208333334 0.020722635494155154
0 0.3818766276041667 0.4774176408076514 0.026513671875 0.020722635494155154
0 0.3879475911458333 0.5066418703506907 0.038655598958333336 0.020722635494155154
0 0.37684733072916665 0.53586609989373 0.016455078125 0.020722635494155154
0 0.3863932291666667 0.5650903294367694 0.035546875 0.020722635494155154
0 0.3922607421875 0.5943145589798087 0.047281901041666664 0.020722635494155154
0 0.5343098958333333 0.33129649309245485 0.047770182291666664 0.020722635494155154
0 0.5301717122395834 0.3605207226354942 0.03949381510416667 0.020722635494155154
0 0.5596476236979167 0.3897449521785335 0.09844563802083334 0.020722635494155154
0 0.5427734375 0.41896918172157277 0.064697265625 0.020722635494155154
0 0.5553873697916667 0.4481934112646121 0.08992513020833333 0.020722635494155154
0 0.55411376953125 0.4774176408076514 0.0873779296875 0.020722635494155154
0 0.5378458658854167 0.5066418703506907 0.05484212239583333 0.020722635494155154
0 0.6741536458333334 0.3002125398512221 0.053238932291666666 0.022316684378320937
0 0.6585245768229167 0.33129649309245485 0.021980794270833333 0.020722635494155154
0 0.6625162760416666 0.3605207226354942 0.029964192708333334 0.020722635494155154
0 0.6651611328125 0.3897449521785335 0.03525390625 0.020722635494155154
0 0.6645304361979166 0.41896918172157277 0.03399251302083333 0.020722635494155154
0 0.6597208658854167 0.4481934112646121 0.024373372395833332 0.020722635494155154
0 0.6652099609375 0.4774176408076514 0.0353515625 0.020722635494155154
0 0.6659912109375 0.5066418703506907 0.0369140625 0.020722635494155154
0 0.6583780924479167 0.53586609989373 0.021687825520833332 0.020722635494155154
0 0.67188720703125 0.5650903294367694 0.0487060546875 0.020722635494155154
0 0.6550537109375 0.5943145589798087 0.0150390625 0.020722635494155154
0 0.8143513997395834 0.46794467321997874 0.1498291015625 0.3620317481402763
1 0.7770182291666666 0.23485653560042508 0.112158203125 0.057385759829968117
11 0.5 0.51009564293305 0.9666666666666667 0.4463336875664187
0 0.14988606770833332 0.3002125398512221 0.06652018229166666 0.022316684378320937
0 0.16326904296875 0.33129649309245485 0.0932861328125 0.020722635494155154
0 0.1430908203125 0.3605207226354942 0.0529296875 0.020722635494155154
0 0.13876546223958333 0.3897449521785335 0.04427897135416667 0.020722635494155154
0 0.15090738932291667 0.44739638682252925 0.06856282552083333 0.022316684378320937
0 0.1344482421875 0.47848034006376194 0.03564453125 0.020722635494155154
0 0.13409016927083334 0.5077045696068013 0.034928385416666666 0.020722635494155154
0 0.14839680989583334 0.5369287991498406 0.06354166666666666 0.020722635494155154
0 0.16038818359375 0.5661530286928799 0.0875244140625 0.020722635494155154
0 0.15371500651041667 0.5953772582359192 0.07417805989583333 0.020722635494155154
0 0.28312581380208335 0.3002125398512221 0.06909993489583334 0.022316684378320937
0 0.2863850911458333 0.33129649309245485 0.07561848958333334 0.020722635494155154
0 0.2682902018229167 0.3605207226354942 0.0394287109375 0.020722635494155154
0 0.27279052734375 0.3897449521785335 0.04842936197916667 0.020722635494155154
0 0.3016357421875 0.41896918172157277 0.10611979166666667 0.020722635494155154
0 0.2664265950520833 0.4766206163655685 0.03570149739583333 0.022316684378320937
0 0.25723470052083336 0.5077045696068013 0.017317708333333334 0.020722635494155154
0 0.2861572265625 0.5369287991498406 0.07516276041666667 0.020722635494155154
0 0.2697265625 0.5661530286928799 0.04230143229166667 0.020722635494155154
0 0.2647298177083333 0.5953772582359192 0.032307942708333336 0.020722635494155154
0 0.2776123046875 0.6530286928799149 0.05807291666666667 0.022316684378320937
0 0.42650960286458334 0.3002125398512221 0.06630045572916667 0.022316684378320937
0 0.41683756510416664 0.33129649309245485 0.046956380208333336 0.020722635494155154
0 0.42484944661458335 0.3605207226354942 0.06298014322916666 0.020722635494155154
0 0.42041015625 0.3897449521785335 0.0541015625 0.020722635494155154
0 0.43780110677083334 0.41896918172157277 0.08888346354166667 0.020722635494155154
0 0.4217936197916667 0.4481934112646121 0.056868489583333334 0.020722635494155154
0 0.4405924479166667 0.4774176408076514 0.09446614583333333 0.020722635494155154
0 0.43377685546875 0.5066418703506907 0.0808349609375 0.020722635494155154
0 0.4327189127604167 0.5642933049946866 0.07871907552083333 0.022316684378320937
0 0.40602213541666665 0.5953772582359192 0.025325520833333334 0.020722635494155154
0 0.40676676432291664 0.6246014877789585 0.026814778645833332 0.020722635494155154
0 0.4131673177083333 0.6538257173219979 0.03961588541666667 0.020722635494155154
0 0.5657063802083333 0.33129649309245485 0.052392578125 0.020722635494155154
0 0.56298828125 0.3605207226354942 0.046956380208333336 0.020722635494155154
0 0.5481689453125 0.3897449521785335 0.017317708333333334 0.020722635494155154
0 0.5609334309895834 0.41896918172157277 0.0428466796875 0.020722635494155154
0 0.5660400390625 0.4481934112646121 0.053059895833333336 0.020722635494155154
0 0.5580403645833333 0.4774176408076514 0.037060546875 0.020722635494155154
0 0.5527669270833333 0.5066418703506907 0.026513671875 0.020722635494155154
0 0.65362548828125 0.33129649309245485 0.044783528645833334 0.020722635494155154
0 0.6482625325520833 0.3605207226354942 0.0340576171875 0.020722635494155154
0 0.6582234700520834 0.3897449521785335 0.0539794921875 0.020722635494155154
0 0.6446492513020833 0.41896918172157277 0.0268310546875 0.020722635494155154
0 0.8084513346354166 0.3983046625929862 0.1498291015625 0.2227517268862912
1 0.87855224609375 0.23485653560042508 0.0881103515625 0.057385759829968117
11 0.5 0.4849478613177471 0.9666666666666667 0.396038124335813
0 0.030977376302083335 0.33129649309245485 0.028621419270833334 0.020722635494155154
0 0.0304931640625 0.3605207226354942 0.027652994791666666 0.020722635494155154
0 0.1880126953125 0.33129649309245485 0.047216796875 0.020722635494155154
0 0.18751220703125 0.3605207226354942 0.0462158203125 0.020722635494155154
0 0.18967692057291666 0.3897449521785335 0.05054524739583333 0.020722635494155154
0 0.19512532552083334 0.41896918172157277 0.061442057291666664 0.020722635494155154
0 0.20083414713541667 0.4481934112646121 0.07285970052083333 0.020722635494155154
0 0.21968180338541668 0.4774176408076514 0.11055501302083333 0.020722635494155154
0 0.19880777994791668 0.5066418703506907 0.06880696614583333 0.020722635494155154
0 0.42994384765625 0.3002125398512221 0.09081217447916666 0.022316684378320937
0 0.90838623046875 0.46794467321997874 0.1498291015625 0.3620317481402763
1 0.9529866536458333 0.23485653560042508 0.057958984375 0.057385759829968117
11 0.5 0.5134580897980872 0.9666666666666667 0.45305858129649307
0 0.09722086588541666 0.5134580897980872 0.1611083984375 0.3850458289054198
0 0.27499593098958336 0.5134580897980872 0.1611083984375 0.3850458289054198
0 0.45277099609375 0.5134580897980872 0.1611083984375 0.3850458289054198
0 0.6305460611979167 0.5134580897980872 0.1611083984375 0.3850458289054198
0 0.8083211263020833 0.5134580897980872 0.1611083984375 0.3850458289054198
1 0.0234375 0.2975557917109458 0.013541666666666667 0.02763018065887354
0 0.5959798177083333 0.2975557917109458 0.034619140625 0.022316684378320937
0 0.6628743489583333 0.2975557917109458 0.04503580729166667 0.022316684378320937
1 0.9765625 0.2975557917109458 0.013541666666666667 0.02763018065887354
1 0.4592692057291667 0.5725790382571733 0.106494140625 0.04250797024442083
1 0.5563720703125 0.5725790382571733 0.07521158854166667 0.04250797024442083
0 0.8489583333333334 0.48884165781083955 0.27708333333333335 0.2678002125398512
0 0.15104166666666666 0.48884165781083955 0.27708333333333335 0.2678002125398512
1 0.022916666666666665 0.8672622210414452 0.025 0.052935706695005316
0 0.0640625 0.970875398512221 0.08229166666666667 0.03400637619553666
0 0.15885416666666666 0.9769361052072264 0.08229166666666667 0.046127789585547294
0 0.25364583333333335 0.970875398512221 0.08229166666666667 0.03400637619553666
0 0.3484375 0.970875398512221 0.08229166666666667 0.03400637619553666
0 0.4432291666666667 0.9769361052072264 0.08229166666666667 0.046127789585547294
0 0.5380208333333333 0.9769361052072264 0.08229166666666667 0.046127789585547294
0 0.6328125 0.9769361052072264 0.08229166666666667 0.046127789585547294
0 0.7276041666666667 0.970875398512221 0.08229166666666667 0.03400637619553666
0 0.8223958333333333 0.9769361052072264 0.08229166666666667 0.046127789585547294
0 0.9171875 0.9769361052072264 0.08229166666666667 0.046127789585547294
0 0.9854166666666667 0.970875398512221 0.029166666666666667 0.03400637619553666
1 0.9770833333333333 0.8672622210414452 0.025 0.052935706695005316
