0 0.2489501953125 0.019128586609989374 0.08333333333333333 0.03825717321997875
0 0.3322835286458333 0.019128586609989374 0.08333333333333333 0.03825717321997875
0 0.66258544921875 0.019128586609989374 0.08319498697916666 0.03825717321997875
0 0.7353963216145833 0.019128586609989374 0.0374267578125 0.03825717321997875
0 0.7765299479166666 0.019128586609989374 0.019840494791666666 0.03825717321997875
0 0.2567626953125 0.08395324123273114 0.09895833333333333 0.031880977683315624
0 0.3292439778645833 0.08926673751328375 0.046004231770833334 0.10201912858660998
0 0.37642008463541665 0.08926673751328375 0.04834798177083333 0.10201912858660998
0 0.42710774739583335 0.08926673751328375 0.05302734375 0.10201912858660998
0 0.47620035807291666 0.08926673751328375 0.04515787760416667 0.10201912858660998
0 0.5245524088541667 0.08926673751328375 0.05154622395833333 0.10201912858660998
0 0.5705607096354167 0.08926673751328375 0.04047037760416667 0.10201912858660998
1 0.7424845377604167 0.08926673751328375 0.10043131510416667 0.04250797024442083
1 0.2527587890625 0.5448160201912858 0.09095052083333334 0.053134962805526036
1 0.3615193684895833 0.5448160201912858 0.10990397135416667 0.053134962805526036
1 0.00546875 0.009564293304994687 0.0109375 0.019128586609989374
1 0.10598958333333333 0.7743590595111584 0.1953125 0.41727550478214664
1 0.10598958333333333 0.8820901965993624 0.1953125 0.20181323060573858
1 0.10598958333333333 0.8047622210414452 0.16927083333333334 0.047157279489904357
1 0.10598958333333333 0.86211477151966 0.16927083333333334 0.047157279489904357
1 0.10598958333333333 0.918404622741764 0.16927083333333334 0.04503188097768331
1 0.190625 0.5976022848034006 0.022916666666666665 0.04675876726886291
