0 0.022916666666666665 0.8278427205100957 0.025 0.05100956429330499
0 0.15820719401041666 0.31721572794899044 0.024747721354166665 0.05844845908607864
1 0.18594563802083333 0.31721572794899044 0.030729166666666665 0.04250797024442083
0 0.21258951822916666 0.31721572794899044 0.034016927083333336 0.036131774707757705
0 0.24069010416666667 0.31721572794899044 0.022184244791666665 0.036131774707757705
0 0.2809366861979167 0.31721572794899044 0.058308919270833336 0.036131774707757705
0 0.32978922526041665 0.31721572794899044 0.03939615885416667 0.036131774707757705
0 0.36726481119791665 0.31721572794899044 0.03555501302083333 0.036131774707757705
0 0.41729736328125 0.31721572794899044 0.06451009114583334 0.036131774707757705
0 0.47017008463541665 0.31721572794899044 0.0412353515625 0.036131774707757705
0 0.509423828125 0.31721572794899044 0.037272135416666664 0.036131774707757705
0 0.5527791341145833 0.31721572794899044 0.0494384765625 0.036131774707757705
0 0.59757080078125 0.31721572794899044 0.040144856770833334 0.036131774707757705
0 0.6363728841145834 0.31721572794899044 0.037459309895833334 0.036131774707757705
0 0.68375244140625 0.31721572794899044 0.0572998046875 0.036131774707757705
0 0.7418538411458333 0.31721572794899044 0.05890299479166667 0.036131774707757705
0 0.16153157552083333 0.31721572794899044 0.07306315104166666 0.036131774707757705
0 0.1440185546875 0.31721572794899044 0.038037109375 0.036131774707757705
0 0.14253336588541668 0.31721572794899044 0.03506673177083333 0.036131774707757705
0 0.13870849609375 0.31721572794899044 0.0274169921875 0.036131774707757705
0 0.14672444661458334 0.31721572794899044 0.04344889322916667 0.036131774707757705
0 0.14507649739583334 0.31721572794899044 0.04015299479166667 0.036131774707757705
0 0.14469401041666666 0.31721572794899044 0.039388020833333336 0.036131774707757705
0 0.18061930338541668 0.31721572794899044 0.11123860677083333 0.036131774707757705
0 0.16576741536458334 0.31721572794899044 0.08153483072916666 0.036131774707757705
0 0.15672200520833332 0.31721572794899044 0.06344401041666667 0.036131774707757705
0 0.1513916015625 0.31721572794899044 0.052783203125 0.036131774707757705
1 0.7818806966145834 0.320403825717322 0.021150716145833335 0.06482465462274177
0 0.7039876302083333 0.36663124335812963 0.062646484375 0.019128586609989374
0 0.686474609375 0.410201912858661 0.027620442708333335 0.019128586609989374
1 0.7763102213541667 0.410201912858661 0.011458333333333333 0.025504782146652496
0 0.6849894205729167 0.4537725823591923 0.024650065104166667 0.019128586609989374
0 0.68116455078125 0.4973432518597237 0.017000325520833335 0.019128586609989374
1 0.7763102213541667 0.4973432518597237 0.011458333333333333 0.025504782146652496
0 0.6891805013020833 0.5441020191285866 0.0330322265625 0.019128586609989374
1 0.7763102213541667 0.5441020191285866 0.011458333333333333 0.025504782146652496
0 0.6875325520833333 0.5876726886291179 0.029736328125 0.019128586609989374
0 0.6871500651041667 0.6280552603613178 0.028971354166666668 0.019128586609989374
0 0.7230753580729167 0.6684378320935175 0.10082194010416666 0.019128586609989374
0 0.7082234700520833 0.7088204038257173 0.0711181640625 0.019128586609989374
0 0.6991780598958334 0.7492029755579172 0.05302734375 0.019128586609989374
0 0.69384765625 0.7895855472901169 0.04236653645833333 0.019128586609989374
1 0.840625 0.31721572794899044 0.027083333333333334 0.04250797024442083
0 0.2205322265625 0.3783209351753454 0.04314778645833333 0.021253985122210415
0 0.2959676106770833 0.3783209351753454 0.0868896484375 0.021253985122210415
0 0.377294921875 0.3783209351753454 0.054931640625 0.021253985122210415
0 0.45255126953125 0.3783209351753454 0.07474772135416667 0.021253985122210415
0 0.5454142252604167 0.3783209351753454 0.09014485677083334 0.021253985122210415
1 0.8264485677083333 0.3793836344314559 0.04501953125 0.031880977683315624
0 0.489599609375 0.7017136025504782 0.33330078125 0.4533740701381509
0 0.48353678385416665 0.8933315621679064 0.300341796875 0.040382571732199786
0 0.22206624348958334 0.5346622608926673 0.1524658203125 0.12564758235919235
0 0.22486979166666668 0.6554861849096706 0.15807291666666667 0.1030818278427205
0 0.22892659505208332 0.7878171493092455 0.14535319010416667 0.04043238575982997
0 0.22275390625 0.8421144394261424 0.1330078125 0.04043238575982997
0 0.23297932942708333 0.8964117295430393 0.15345865885416668 0.04043238575982997
0 0.22588704427083334 0.997143995749203 0.160107421875 0.005712008501594049
0 0.765625 0.5952859325185972 0.17708333333333334 0.24051873007438895
0 0.7595255533854167 0.761241365568544 0.16488444010416667 0.07438894792773645
0 0.7026041666666667 0.859009697130712 0.051041666666666666 0.07013815090329437
0 0.7895426432291667 0.8536962008501594 0.102001953125 0.07438894792773645
0 0.7026041666666667 0.9666993225292242 0.051041666666666666 0.06660135494155155
0 0.7944132486979166 0.9629798751328374 0.1117431640625 0.07404024973432519
1 0.8516072591145833 0.9336062035069076 0.13057454427083334 0.05836543570669501
