0 0.2942708333333333 0.03772582359192349 0.10416666666666667 0.04569606801275239
0 0.73638916015625 0.04250797024442083 0.0428466796875 0.02975557917109458
0 0.4824137369791667 0.04357066950053135 0.025 0.05100956429330499
0 0.5171793619791667 0.04357066950053135 0.025 0.05100956429330499
0 0.5519449869791667 0.04357066950053135 0.025 0.05100956429330499
0 0.5867106119791666 0.04357066950053135 0.025 0.05100956429330499
0 0.43433024088541666 0.11093583953241233 0.023282877604166665 0.01487778958554729
0 0.46545817057291666 0.11093583953241233 0.03506673177083333 0.01487778958554729
0 0.5077921549479166 0.11093583953241233 0.045694986979166664 0.01487778958554729
0 0.5549519856770834 0.11093583953241233 0.044718424479166664 0.01487778958554729
1 0.5638020833333334 0.43783209351753455 0.125 0.05951115834218916
0 0.5470540364583333 0.9452709883103082 0.072705078125 0.030818278427205102
1 0.15494791666666666 0.5737745749202976 0.0078125 0.015940488841657812
0 0.03699544270833333 0.6856568809776833 0.03232421875 0.01487778958554729
1 0.08854166666666667 0.7162592986184909 0.13541666666666666 0.01700318809776833
6 0.025520833333333333 0.7587672688629118 0.020833333333333332 0.04250797024442083
5 0.07576090494791667 0.7587672688629118 0.07964680989583334 0.04250797024442083
6 0.025520833333333333 0.7906482465462275 0.020833333333333332 0.04250797024442083
5 0.06328531901041666 0.7906482465462275 0.05469563802083333 0.04250797024442083
6 0.025520833333333333 0.822529224229543 0.020833333333333332 0.04250797024442083
5 0.05645345052083333 0.822529224229543 0.041031901041666666 0.04250797024442083
6 0.025520833333333333 0.8544102019128587 0.020833333333333332 0.04250797024442083
5 0.06449381510416667 0.8544102019128587 0.057112630208333334 0.04250797024442083
1 0.052901204427083334 0.9043570669500531 0.0641357421875 0.040382571732199786
1 0.1232177734375 0.9043570669500531 0.06608072916666667 0.040382571732199786
1 0.08854166666666667 0.9479277364505845 0.13541666666666666 0.019128586609989374
