0 0.04136962890625 0.02975557917109458 0.07544759114583334 0.03825717321997875
0 0.04271240234375 0.031880977683315624 0.06875813802083333 0.053134962805526036
1 0.12948404947916667 0.031880977683315624 0.09957682291666667 0.053134962805526036
8 0.2558349609375 0.02922422954303932 0.128125 0.03719447396386823
2 0.48547770182291666 0.031880977683315624 0.5342854817708333 0.040382571732199786
2 0.7643391927083333 0.031880977683315624 0.0234375 0.04250797024442083
0 0.8074259440104167 0.031880977683315624 0.038777669270833336 0.053134962805526036
0 0.8657674153645833 0.031880977683315624 0.0716552734375 0.053134962805526036
0 0.92501220703125 0.031880977683315624 0.04058430989583333 0.053134962805526036
0 0.9703084309895833 0.031880977683315624 0.04375813802083333 0.053134962805526036
1 0.8658365885416667 0.09192348565356004 0.06971028645833334 0.03506907545164718
0 0.88653564453125 0.12646121147715197 0.028312174479166667 0.012752391073326248
1 0.02288818359375 0.0844845908607864 0.0301513671875 0.04144527098831031
0 0.06523030598958333 0.08395324123273114 0.051407877604166666 0.02975557917109458
0 0.11009114583333333 0.08395324123273114 0.038313802083333334 0.02975557917109458
0 0.15454915364583333 0.08395324123273114 0.05060221354166667 0.02975557917109458
0 0.2039306640625 0.08395324123273114 0.04816080729166667 0.02975557917109458
0 0.25776774088541665 0.08395324123273114 0.05951334635416667 0.02975557917109458
0 0.30350341796875 0.08395324123273114 0.0319580078125 0.02975557917109458
0 0.3358683268229167 0.08395324123273114 0.03277180989583333 0.02975557917109458
0 0.37147623697916665 0.08395324123273114 0.03844401041666667 0.02975557917109458
0 0.4064697265625 0.08395324123273114 0.03154296875 0.02975557917109458
0 0.45848388671875 0.08395324123273114 0.0724853515625 0.02975557917109458
0 0.5246826171875 0.08395324123273114 0.059912109375 0.02975557917109458
0 0.5764933268229167 0.08395324123273114 0.04370930989583333 0.02975557917109458
0 0.6224283854166667 0.08395324123273114 0.04816080729166667 0.02975557917109458
0 0.6918741861979166 0.08395324123273114 0.09073079427083333 0.02975557917109458
0 0.75565185546875 0.08395324123273114 0.036824544270833336 0.02975557917109458
0 0.08826497395833334 0.12539851222104145 0.09747721354166666 0.02975557917109458
0 0.17568359375 0.12539851222104145 0.07736002604166667 0.02975557917109458
0 0.23702392578125 0.12539851222104145 0.04532063802083333 0.02975557917109458
0 0.28417561848958334 0.12539851222104145 0.04898274739583333 0.02975557917109458
0 0.32788492838541666 0.12539851222104145 0.038435872395833334 0.02975557917109458
0 0.3853678385416667 0.12539851222104145 0.07652994791666666 0.02975557917109458
0 0.4578450520833333 0.12539851222104145 0.06842447916666666 0.02975557917109458
0 0.5187784830729166 0.12539851222104145 0.0534423828125 0.02975557917109458
0 0.5600626627604167 0.12539851222104145 0.0291259765625 0.02975557917109458
0 0.5869588216145833 0.12539851222104145 0.024666341145833333 0.02975557917109458
0 0.6345255533854167 0.12539851222104145 0.07046712239583333 0.02975557917109458
0 0.7049845377604167 0.12539851222104145 0.07045084635416667 0.02975557917109458
0 0.06705729166666667 0.16684378320935175 0.05506184895833333 0.02975557917109458
0 0.8958333333333334 0.0844845908607864 0.20833333333333334 0.04144527098831031
1 0.5 0.22741764080765142 0.78125 0.24442082890541977
0 0.13125 0.23804463336875664 0.04375 0.26567481402763016
0 0.0546875 0.26461211477151964 0.109375 0.3188097768331562
0 0.5 0.42401700318809776 0.78125 0.6376195536663124
0 0.9453125 0.42401700318809776 0.109375 0.6376195536663124
0 0.86875 0.23804463336875664 0.04375 0.26567481402763016
0 0.16979166666666667 0.5225491498405951 0.07916666666666666 0.1815555260361318
0 0.2520833333333333 0.5225491498405951 0.07916666666666666 0.1815555260361318
0 0.16979166666666667 0.71048087141339 0.07916666666666666 0.1815555260361318
0 0.2520833333333333 0.71048087141339 0.07916666666666666 0.1815555260361318
0 0.36126302083333334 0.4933249202975558 0.07669270833333333 0.12310706695005313
0 0.44602864583333335 0.4933249202975558 0.07669270833333333 0.12310706695005313
0 0.36126302083333334 0.6631907545164718 0.07669270833333333 0.12310706695005313
0 0.44602864583333335 0.6631907545164718 0.07669270833333333 0.12310706695005313
0 0.4036458333333333 0.7869869155154091 0.16145833333333334 0.017949654622741763
0 0.5539713541666667 0.4933249202975558 0.07669270833333333 0.12310706695005313
0 0.6387369791666667 0.4933249202975558 0.07669270833333333 0.12310706695005313
0 0.5539713541666667 0.6631907545164718 0.07669270833333333 0.12310706695005313
0 0.6387369791666667 0.6631907545164718 0.07669270833333333 0.12310706695005313
0 0.5963541666666666 0.7869869155154091 0.16145833333333334 0.017949654622741763
0 0.7466796875 0.4933249202975558 0.07669270833333333 0.12310706695005313
0 0.8314453125 0.4933249202975558 0.07669270833333333 0.12310706695005313
0 0.7466796875 0.6631907545164718 0.07669270833333333 0.12310706695005313
0 0.8314453125 0.6631907545164718 0.07669270833333333 0.12310706695005313
0 0.7890625 0.7869869155154091 0.16145833333333334 0.017949654622741763
0 0.2109375 0.9496795297555791 0.18229166666666666 0.10064094048884166
0 0.36126302083333334 0.9496795297555791 0.07669270833333333 0.10064094048884166
0 0.44602864583333335 0.9496795297555791 0.07669270833333333 0.10064094048884166
0 0.5539713541666667 0.9641837141339001 0.07669270833333333 0.07163257173219979
0 0.6387369791666667 0.9641837141339001 0.07669270833333333 0.07163257173219979
0 0.7466796875 0.9496795297555791 0.07669270833333333 0.10064094048884166
0 0.8314453125 0.9496795297555791 0.07669270833333333 0.10064094048884166
