0 0.040364583333333336 0.04410201912858661 0.06510416666666667 0.077577045696068
0 0.12603352864583334 0.04675876726886291 0.07498372395833333 0.05526036131774708
0 0.24972330729166667 0.04675876726886291 0.1515625 0.05526036131774708
0 0.3546956380208333 0.04675876726886291 0.037548828125 0.05526036131774708
2 0.9322916666666666 0.04675876726886291 0.10416666666666667 0.04250797024442083
0 0.25733642578125 0.1503719447396387 0.2146728515625 0.022316684378320937
0 0.3599934895833333 0.32433913390010627 0.11666666666666667 0.045895324123273115
0 0.3267130533854167 0.41666113177470776 0.0615966796875 0.0563230605738576
0 0.39283854166666665 0.41666113177470776 0.062483723958333334 0.0563230605738576
0 0.602978515625 0.6055061105207227 0.11375325520833333 0.04569606801275239
0 0.71690673828125 0.6055061105207227 0.09951985677083333 0.04569606801275239
0 0.17307942708333332 0.7245284272051009 0.046158854166666666 0.025504782146652496
0 0.2220458984375 0.7245201248671626 0.051774088541666666 0.016654489904357066
0 0.2626871744791667 0.7245201248671626 0.029508463541666665 0.016654489904357066
0 0.29105224609375 0.7245201248671626 0.0272216796875 0.016654489904357066
0 0.33399658203125 0.7245201248671626 0.0586669921875 0.016654489904357066
0 0.3846435546875 0.7245201248671626 0.042626953125 0.016654489904357066
0 0.4256184895833333 0.7245201248671626 0.039322916666666666 0.016654489904357066
