0 0.0546875 0.05022914452709883 0.06770833333333333 0.019128586609989374
1 0.3121826171875 0.04250797024442083 0.04513346354166667 0.025504782146652496
0 0.3689453125 0.04250797024442083 0.026725260416666667 0.023379383634431455
0 0.42498372395833334 0.04250797024442083 0.043684895833333334 0.023379383634431455
0 0.47605794270833335 0.04250797024442083 0.016796875 0.023379383634431455
0 0.5290201822916667 0.04250797024442083 0.0474609375 0.023379383634431455
0 0.6020222981770833 0.04250797024442083 0.05687662760416667 0.023379383634431455
0 0.66978759765625 0.04250797024442083 0.0369873046875 0.023379383634431455
0 0.93739013671875 0.04250797024442083 0.08355305989583334 0.05526036131774708
0 0.26052652994791664 0.6838801806588736 0.08355305989583334 0.05526036131774708
