0 0.17708333333333334 0.05526036131774708 0.029166666666666667 0.05951115834218916
1 0.247509765625 0.05526036131774708 0.055436197916666666 0.053134962805526036
1 0.247509765625 0.05526036131774708 0.055436197916666666 0.053134962805526036
1 0.247509765625 0.05526036131774708 0.055436197916666666 0.05100956429330499
1 0.24073893229166668 0.05526036131774708 0.04189453125 0.05100956429330499
1 0.31949462890625 0.05526036131774708 0.038533528645833336 0.053134962805526036
1 0.31949462890625 0.05526036131774708 0.038533528645833336 0.053134962805526036
1 0.31949462890625 0.05526036131774708 0.038533528645833336 0.05100956429330499
1 0.3127237955729167 0.05526036131774708 0.024991861979166665 0.05100956429330499
1 0.3927530924479167 0.05526036131774708 0.0579833984375 0.053134962805526036
1 0.3927530924479167 0.05526036131774708 0.0579833984375 0.053134962805526036
1 0.3927530924479167 0.05526036131774708 0.0579833984375 0.05100956429330499
1 0.38598225911458334 0.05526036131774708 0.04444173177083333 0.05100956429330499
1 0.49100341796875 0.05526036131774708 0.08851725260416667 0.053134962805526036
1 0.49100341796875 0.05526036131774708 0.08851725260416667 0.053134962805526036
1 0.49100341796875 0.05526036131774708 0.08851725260416667 0.05100956429330499
1 0.4842325846354167 0.05526036131774708 0.0749755859375 0.05100956429330499
1 0.5879801432291667 0.05526036131774708 0.055436197916666666 0.053134962805526036
1 0.5879801432291667 0.05526036131774708 0.055436197916666666 0.053134962805526036
1 0.5879801432291667 0.05526036131774708 0.055436197916666666 0.05100956429330499
1 0.5812093098958333 0.05526036131774708 0.04189453125 0.05100956429330499
1 0.7260416666666667 0.052603613177470775 0.07058919270833333 0.025504782146652496
1 0.7260416666666667 0.052603613177470775 0.07058919270833333 0.025504782146652496
1 0.7260416666666667 0.052603613177470775 0.07058919270833333 0.025504782146652496
1 0.7260416666666667 0.052603613177470775 0.07058919270833333 0.025504782146652496
1 0.7260416666666667 0.052603613177470775 0.07058919270833333 0.025504782146652496
1 0.7931640625 0.052603613177470775 0.038655598958333336 0.025504782146652496
1 0.7931640625 0.052603613177470775 0.038655598958333336 0.025504782146652496
1 0.7931640625 0.052603613177470775 0.038655598958333336 0.025504782146652496
1 0.7931640625 0.052603613177470775 0.038655598958333336 0.025504782146652496
1 0.8014973958333333 0.052603613177470775 0.021988932291666666 0.025504782146652496
1 0.8312418619791667 0.05526036131774708 0.0125 0.030818278427205102
1 0.8312418619791667 0.05526036131774708 0.0125 0.030818278427205102
1 0.8312418619791667 0.05526036131774708 0.0125 0.028692879914984058
1 0.9708333333333333 0.17109458023379384 0.025 0.05100956429330499
1 0.5049153645833333 0.7066950053134963 0.6848307291666667 0.05100956429330499
1 0.23412679036458334 0.7066950053134963 0.14325358072916666 0.02975557917109458
1 0.23412679036458334 0.7066950053134963 0.14325358072916666 0.02975557917109458
1 0.23412679036458334 0.7066950053134963 0.14325358072916666 0.02975557917109458
1 0.22787679036458333 0.7066950053134963 0.13075358072916668 0.02975557917109458
1 0.22787679036458333 0.7066950053134963 0.13075358072916668 0.02975557917109458
1 0.37591552734375 0.7066950053134963 0.11532389322916667 0.05100956429330499
1 0.37591552734375 0.7066950053134963 0.11532389322916667 0.05100956429330499
1 0.37591552734375 0.7066950053134963 0.11532389322916667 0.05100956429330499
1 0.37591552734375 0.7066950053134963 0.08824055989583333 0.02975557917109458
1 0.37591552734375 0.7066950053134963 0.08824055989583333 0.02975557917109458
1 0.175 0.9234856535600425 0.025 0.05100956429330499
1 0.175 0.9234856535600425 0.025 0.05100956429330499
1 0.175 0.9234856535600425 0.006022135416666667 0.025504782146652496
1 0.175 0.9234856535600425 0.006022135416666667 0.025504782146652496
1 0.175 0.9234856535600425 0.006022135416666667 0.025504782146652496
1 0.20416666666666666 0.9234856535600425 0.025 0.05100956429330499
1 0.20416666666666666 0.9234856535600425 0.025 0.05100956429330499
1 0.20416259765625 0.9234856535600425 0.0055582682291666664 0.025504782146652496
1 0.20416259765625 0.9234856535600425 0.0055582682291666664 0.025504782146652496
1 0.20416259765625 0.9234856535600425 0.0055582682291666664 0.025504782146652496
1 0.23333333333333334 0.9234856535600425 0.025 0.05100956429330499
1 0.23333333333333334 0.9234856535600425 0.025 0.05100956429330499
1 0.23333333333333334 0.9234856535600425 0.006022135416666667 0.025504782146652496
1 0.23333333333333334 0.9234856535600425 0.006022135416666667 0.025504782146652496
1 0.23333333333333334 0.9234856535600425 0.006022135416666667 0.025504782146652496
1 0.2625 0.9234856535600425 0.025 0.05100956429330499
1 0.2625 0.9234856535600425 0.025 0.05100956429330499
1 0.2625 0.9234856535600425 0.006022135416666667 0.025504782146652496
1 0.2625 0.9234856535600425 0.006022135416666667 0.025504782146652496
1 0.2625 0.9234856535600425 0.006022135416666667 0.025504782146652496
1 0.2916666666666667 0.9234856535600425 0.025 0.05100956429330499
1 0.2916666666666667 0.9234856535600425 0.025 0.05100956429330499
1 0.29166259765625 0.9234856535600425 0.0055582682291666664 0.025504782146652496
1 0.29166259765625 0.9234856535600425 0.0055582682291666664 0.025504782146652496
1 0.29166259765625 0.9234856535600425 0.0055582682291666664 0.025504782146652496
1 0.32083333333333336 0.9234856535600425 0.025 0.05100956429330499
1 0.32083333333333336 0.9234856535600425 0.025 0.05100956429330499
1 0.32083333333333336 0.9234856535600425 0.005094401041666667 0.025504782146652496
1 0.32083333333333336 0.9234856535600425 0.005094401041666667 0.025504782146652496
1 0.32083333333333336 0.9234856535600425 0.005094401041666667 0.025504782146652496
1 0.35 0.9234856535600425 0.025 0.05100956429330499
1 0.35 0.9234856535600425 0.025 0.05100956429330499
1 0.3499959309895833 0.9234856535600425 0.006486002604166667 0.025504782146652496
1 0.3499959309895833 0.9234856535600425 0.006486002604166667 0.025504782146652496
1 0.3499959309895833 0.9234856535600425 0.006486002604166667 0.025504782146652496
1 0.37916666666666665 0.9234856535600425 0.025 0.05100956429330499
1 0.37916666666666665 0.9234856535600425 0.025 0.05100956429330499
1 0.37916259765625 0.9234856535600425 0.006486002604166667 0.025504782146652496
1 0.37916259765625 0.9234856535600425 0.006486002604166667 0.025504782146652496
1 0.37916259765625 0.9234856535600425 0.006486002604166667 0.025504782146652496
1 0.4083333333333333 0.9234856535600425 0.025 0.05100956429330499
1 0.4083333333333333 0.9234856535600425 0.025 0.05100956429330499
1 0.40832926432291666 0.9234856535600425 0.0032470703125 0.025504782146652496
1 0.40832926432291666 0.9234856535600425 0.0032470703125 0.025504782146652496
1 0.40832926432291666 0.9234856535600425 0.0032470703125 0.025504782146652496
1 0.4375 0.9234856535600425 0.025 0.05100956429330499
1 0.4375 0.9234856535600425 0.025 0.05100956429330499
1 0.4375 0.9234856535600425 0.004166666666666667 0.025504782146652496
1 0.4375 0.9234856535600425 0.004166666666666667 0.025504782146652496
1 0.4375 0.9234856535600425 0.004166666666666667 0.025504782146652496
1 0.4666666666666667 0.9234856535600425 0.025 0.05100956429330499
1 0.4666666666666667 0.9234856535600425 0.025 0.05100956429330499
1 0.46666259765625 0.9234856535600425 0.006486002604166667 0.025504782146652496
1 0.46666259765625 0.9234856535600425 0.006486002604166667 0.025504782146652496
1 0.46666259765625 0.9234856535600425 0.006486002604166667 0.025504782146652496
1 0.175 0.9787460148777896 0.025 0.04250797024442083
1 0.175 0.9787460148777896 0.025 0.04250797024442083
1 0.17499593098958333 0.9829968119022316 0.0055582682291666664 0.025504782146652496
1 0.17499593098958333 0.9829968119022316 0.0055582682291666664 0.025504782146652496
1 0.17499593098958333 0.9829968119022316 0.0055582682291666664 0.025504782146652496
1 0.20416666666666666 0.9787460148777896 0.025 0.04250797024442083
1 0.20416666666666666 0.9787460148777896 0.025 0.04250797024442083
1 0.20416259765625 0.9829968119022316 0.007869466145833334 0.025504782146652496
1 0.20416259765625 0.9829968119022316 0.007869466145833334 0.025504782146652496
1 0.20416259765625 0.9829968119022316 0.007869466145833334 0.025504782146652496
1 0.23333333333333334 0.9787460148777896 0.025 0.04250797024442083
1 0.23333333333333334 0.9787460148777896 0.025 0.04250797024442083
1 0.23333333333333334 0.9829968119022316 0.006022135416666667 0.025504782146652496
1 0.23333333333333334 0.9829968119022316 0.006022135416666667 0.025504782146652496
1 0.23333333333333334 0.9829968119022316 0.006022135416666667 0.025504782146652496
1 0.2625 0.9787460148777896 0.025 0.04250797024442083
1 0.2625 0.9787460148777896 0.025 0.04250797024442083
1 0.26249593098958335 0.9829968119022316 0.006486002604166667 0.025504782146652496
1 0.26249593098958335 0.9829968119022316 0.006486002604166667 0.025504782146652496
1 0.26249593098958335 0.9829968119022316 0.006486002604166667 0.025504782146652496
1 0.2916666666666667 0.9787460148777896 0.025 0.04250797024442083
1 0.2916666666666667 0.9787460148777896 0.025 0.04250797024442083
1 0.2916666666666667 0.9829968119022316 0.005094401041666667 0.025504782146652496
1 0.2916666666666667 0.9829968119022316 0.005094401041666667 0.025504782146652496
1 0.2916666666666667 0.9829968119022316 0.005094401041666667 0.025504782146652496
1 0.32083333333333336 0.9787460148777896 0.025 0.04250797024442083
1 0.32083333333333336 0.9787460148777896 0.025 0.04250797024442083
1 0.32083333333333336 0.9829968119022316 0.006022135416666667 0.025504782146652496
1 0.32083333333333336 0.9829968119022316 0.006022135416666667 0.025504782146652496
1 0.32083333333333336 0.9829968119022316 0.006022135416666667 0.025504782146652496
1 0.35 0.9787460148777896 0.025 0.04250797024442083
1 0.35 0.9787460148777896 0.025 0.04250797024442083
1 0.35 0.9829968119022316 0.004638671875 0.025504782146652496
1 0.35 0.9829968119022316 0.004638671875 0.025504782146652496
1 0.35 0.9829968119022316 0.004638671875 0.025504782146652496
1 0.37916666666666665 0.9787460148777896 0.025 0.04250797024442083
1 0.37916666666666665 0.9787460148777896 0.025 0.04250797024442083
1 0.37916259765625 0.9829968119022316 0.0055582682291666664 0.025504782146652496
1 0.37916259765625 0.9829968119022316 0.0055582682291666664 0.025504782146652496
1 0.37916259765625 0.9829968119022316 0.0055582682291666664 0.025504782146652496
1 0.4083333333333333 0.9787460148777896 0.025 0.04250797024442083
1 0.4083333333333333 0.9787460148777896 0.025 0.04250797024442083
1 0.4083333333333333 0.9829968119022316 0.006022135416666667 0.025504782146652496
1 0.4083333333333333 0.9829968119022316 0.006022135416666667 0.025504782146652496
1 0.4083333333333333 0.9829968119022316 0.006022135416666667 0.025504782146652496
1 0.4375 0.9787460148777896 0.025 0.04250797024442083
1 0.4375 0.9787460148777896 0.025 0.04250797024442083
1 0.4375 0.9829968119022316 0.006022135416666667 0.025504782146652496
1 0.4375 0.9829968119022316 0.006022135416666667 0.025504782146652496
1 0.4375 0.9829968119022316 0.006022135416666667 0.025504782146652496
1 0.4666666666666667 0.9787460148777896 0.025 0.04250797024442083
1 0.4666666666666667 0.9787460148777896 0.025 0.04250797024442083
1 0.4666666666666667 0.9829968119022316 0.008333333333333333 0.025504782146652496
1 0.4666666666666667 0.9829968119022316 0.008333333333333333 0.025504782146652496
1 0.4666666666666667 0.9829968119022316 0.008333333333333333 0.025504782146652496
5 0.5671468098958333 0.8740701381509033 0.12179361979166667 0.024442082890541977
2 0.671875 0.9309245483528161 0.3302083333333333 0.05526036131774708
0 0.58704833984375 0.793836344314559 0.051863606770833334 0.019128586609989374
0 0.397607421875 0.8501594048884166 0.13896484375 0.019128586609989374
1 0.4986979166666667 0.8969181721572795 0.3411458333333333 0.057385759829968117
1 0.6409586588541667 0.8969181721572795 0.056624348958333334 0.057385759829968117
1 0.97890625 0.9569606801275239 0.0421875 0.08607863974495218
1 0.9745375951131184 0.9480469528344182 0.05092480977376302 0.10390609433116366
