0 0.00026041666666666666 0.07385759829968119 0.0005208333333333333 0.0010626992561105207
0 0.246875 0.038788522848034 0.0875 0.03825717321997875
0 0.4171061197916667 0.038788522848034 0.08251953125 0.077577045696068
0 0.4960734049479167 0.038788522848034 0.0504150390625 0.077577045696068
0 0.5607625325520833 0.038788522848034 0.05396321614583333 0.077577045696068
0 0.6197469075520833 0.038788522848034 0.03900553385416667 0.077577045696068
0 0.7526041666666666 0.038788522848034 0.02314453125 0.026567481402763018
0 0.7903645833333334 0.039851222104144525 0.010416666666666666 0.07545164718384698
0 0.5 0.3055260361317747 0.59375 0.46439957492029754
0 0.27885335286458335 0.589798087141339 0.10145670572916667 0.040382571732199786
1 0.2540364583333333 0.6344314558979809 0.05182291666666667 0.053134962805526036
2 0.44361979166666665 0.6344314558979809 0.32838541666666665 0.053134962805526036
1 0.5947916666666667 0.6344314558979809 0.026041666666666668 0.053134962805526036
1 0.6908854166666667 0.6344314558979809 0.09114583333333333 0.053134962805526036
0 0.7523885091145833 0.6332193145589798 0.019230143229166666 0.023379383634431455
0 0.25 0.7437815488841658 0.09375 0.046542906482465465
0 0.24779052734375 0.8025704038257173 0.0893310546875 0.04808714133900106
0 0.24872639973958333 0.8926009564293305 0.09120279947916667 0.07066950053134963
0 0.24956461588541667 0.9792939691817216 0.09287923177083333 0.041412061636556856
0 0.46875 0.7437815488841658 0.3125 0.046542906482465465
0 0.35 0.855423087141339 0.075 0.024442082890541977
0 0.41446533203125 0.7864970775770457 0.0289306640625 0.020191285866099893
0 0.47921142578125 0.8308232598299681 0.1584228515625 0.06829503188097769
0 0.4355387369791667 0.8705665515409139 0.07107747395833333 0.019128586609989374
0 0.51055908203125 0.8792009829968119 0.2211181640625 0.036397449521785336
0 0.66015625 0.8523844314558979 0.0390625 0.07970244420828905
0 0.7389322916666666 0.85201912858661 0.10182291666666667 0.045363974495217854
0 0.66015625 0.9456861052072264 0.0390625 0.07970244420828905
0 0.7418212890625 0.9453208023379384 0.10760091145833334 0.06522316684378321
0 0.66015625 0.9995682784272051 0.0390625 0.0008634431455897981
