2 0.4890625 0.22210414452709884 0.2875 0.048884165781083955
1 0.6604166666666667 0.22210414452709884 0.04583333333333333 0.05100956429330499
1 0.6604166666666667 0.22210414452709884 0.021875 0.023379383634431455
1 0.6604166666666667 0.22210414452709884 0.020833333333333332 0.021253985122210415
0 0.2552083333333333 0.4112646121147715 0.08958333333333333 0.04250797024442083
0 0.2552083333333333 0.4112646121147715 0.08958333333333333 0.04250797024442083
0 0.2552083333333333 0.4537725823591923 0.08958333333333333 0.04250797024442083
0 0.2552083333333333 0.4537725823591923 0.08958333333333333 0.04250797024442083
0 0.2552083333333333 0.4962805526036132 0.08958333333333333 0.04250797024442083
0 0.2552083333333333 0.538788522848034 0.08958333333333333 0.04250797024442083
0 0.2552083333333333 0.538788522848034 0.08958333333333333 0.04250797024442083
0 0.2552083333333333 0.5812964930924548 0.08958333333333333 0.04250797024442083
0 0.2552083333333333 0.5812964930924548 0.08958333333333333 0.04250797024442083
0 0.2552083333333333 0.6238044633368757 0.08958333333333333 0.04250797024442083
0 0.2552083333333333 0.6238044633368757 0.08958333333333333 0.04250797024442083
0 0.2552083333333333 0.6663124335812965 0.08958333333333333 0.04250797024442083
0 0.2552083333333333 0.6663124335812965 0.08958333333333333 0.04250797024442083
0 0.3328125 0.563230605738576 0.03229166666666667 0.05526036131774708
0 0.37056070963541665 0.5510095642933049 0.04320475260416667 0.022316684378320937
0 0.4226318359375 0.5510095642933049 0.008333333333333333 0.01487778958554729
0 0.3628011067708333 0.5770456960680127 0.027685546875 0.01700318809776833
1 0.6145833333333334 0.5504782146652497 0.03333333333333333 0.02975557917109458
1 0.6145833333333334 0.5504782146652497 0.01875 0.012752391073326248
1 0.6145833333333334 0.5504782146652497 0.01875 0.012752391073326248
0 0.3690104166666667 0.6068012752391073 0.04010416666666667 0.019128586609989374
13 0.3528645833333333 0.6073326248671626 0.0078125 0.015940488841657812
0 0.42902018229166666 0.6068012752391073 0.07991536458333333 0.019128586609989374
0 0.530029296875 0.6068012752391073 0.10335286458333333 0.019128586609989374
0 0.37423502604166664 0.6833156216790648 0.050553385416666666 0.019128586609989374
1 0.5790690104166667 0.9064824654622742 0.028597005208333335 0.01700318809776833
0 0.3328125 0.9776833156216791 0.03229166666666667 0.044633368756641874
0 0.3645833333333333 0.9707757704569607 0.03125 0.022316684378320937
0 0.3625732421875 0.9941551540913921 0.027229817708333333 0.011689691817215728
1 0.6145833333333334 0.9702444208289054 0.03333333333333333 0.02975557917109458
1 0.6145833333333334 0.9702444208289054 0.01875 0.012752391073326248
1 0.6145833333333334 0.9702444208289054 0.01875 0.012752391073326248
1 0.71875 0.48724760892667374 0.08333333333333333 0.036131774707757705
1 0.71875 0.48724760892667374 0.030208333333333334 0.01700318809776833
1 0.71875 0.48724760892667374 0.029166666666666667 0.01487778958554729
0 0.740625 0.5281615302869288 0.036458333333333336 0.018065887353878853
0 0.71875 0.6790648246546227 0.13125 0.04250797024442083
0 0.71875 0.7215727948990436 0.13125 0.04250797024442083
0 0.71875 0.7640807651434643 0.13125 0.04250797024442083
0 0.71875 0.8065887353878852 0.13125 0.04250797024442083
0 0.71875 0.8490967056323061 0.13125 0.04250797024442083
0 0.71875 0.8916046758767269 0.13125 0.04250797024442083
0 0.71875 0.9341126461211477 0.13125 0.04250797024442083
0 0.71875 0.9766206163655685 0.13125 0.04250797024442083
0 0.71875 0.9989373007438895 0.13125 0.0021253985122210413
