8 0.7193603515625 0.025504782146652496 0.04373372395833333 0.05100956429330499
0 0.7193603515625 0.025504782146652496 0.04373372395833333 0.05100956429330499
8 0.7302897135416667 0.08419234694380563 0.021875 0.0578639712521171
0 0.7230802536010742 0.06028161570825688 0.0051123301188151045 0.005260362128522267
0 0.7349900245666504 0.06028161570825688 0.009400622049967448 0.005260362128522267
0 0.724625047047933 0.06617959576889508 0.008201917012532553 0.005260362128522267
0 0.7330735206604004 0.06617959576889508 0.005567614237467448 0.005260362128522267
0 0.7232138951619466 0.07207757785647126 0.005379613240559896 0.0052603661823982135
0 0.7330930709838868 0.07207757785647126 0.005606714884440104 0.0052603661823982135
0 0.7231235822041829 0.07797555791710946 0.0051989873250325525 0.00526035807464632
0 0.7338602701822917 0.07797555791710946 0.00714111328125 0.00526035807464632
0 0.7230509440104167 0.08387353797774766 0.0050537109375 0.0052603661823982135
0 0.7325132369995118 0.08387353797774766 0.004447046915690104 0.0052603661823982135
0 0.7252775192260742 0.08977151803838586 0.009506861368815104 0.00526035807464632
0 0.7327549298604329 0.08977151803838586 0.004930432637532552 0.00526035807464632
0 0.7241446812947591 0.0956695021529 0.007241185506184896 0.00526035807464632
0 0.7330656051635742 0.0956695021529 0.005551783243815104 0.00526035807464632
0 0.7240616798400878 0.10156748626741416 0.007075182596842448 0.00526035807464632
0 0.7321683883666992 0.10156748626741416 0.0037573496500651043 0.00526035807464632
0 0.7223746617635091 0.10746546632805236 0.003701146443684896 0.0052603661823982135
0 0.7323893229166667 0.10746546632805236 0.00419921875 0.0052603661823982135
0 0.7690511067708333 0.02497343251859724 0.055647786458333334 0.04994686503719448
0 0.22203369140625 0.025504782146652496 0.0378173828125 0.05100956429330499
0 0.25657958984375 0.025504782146652496 0.0312744140625 0.05100956429330499
0 0.28963623046875 0.025504782146652496 0.0348388671875 0.05100956429330499
0 0.320849609375 0.025504782146652496 0.027587890625 0.05100956429330499
0 0.35800374348958336 0.025504782146652496 0.04672037760416667 0.05100956429330499
0 0.6825520833333333 0.1073326248671626 0.08385416666666666 0.019128586609989374
0 0.6825520833333333 0.16153028692879914 0.08385416666666666 0.057385759829968117
0 0.6825520833333333 0.2199787460148778 0.08385416666666666 0.03825717321997875
0 0.6825520833333333 0.2879914984059511 0.08385416666666666 0.0765143464399575
0 0.5 0.1849096705632306 0.20833333333333334 0.20191285866099895
0 0.3848958333333333 0.558548087141339 0.15104166666666666 0.3188097768331562
0 0.5755167643229167 0.558548087141339 0.2302001953125 0.3188097768331562
0 0.42562255859375 0.8972336609989373 0.16114095052083333 0.2055326780021254
0 0.58056640625 0.8972336609989373 0.14874674479166666 0.2055326780021254
