0 0.22395833333333334 0.05844845908607864 0.125 0.019128586609989374
1 0.7526041666666666 0.031880977683315624 0.015625 0.031880977683315624
0 0.7760416666666666 0.031880977683315624 0.020833333333333332 0.04250797024442083
11 0.8020833333333334 0.031880977683315624 0.020833333333333332 0.04250797024442083
10 0.828125 0.031880977683315624 0.020833333333333332 0.04250797024442083
0 0.211865234375 0.10095642933049948 0.08935546875 0.031880977683315624
0 0.3169189453125 0.10095642933049948 0.11346028645833334 0.031880977683315624
0 0.40963134765625 0.10095642933049948 0.0646728515625 0.031880977683315624
0 0.48248697916666666 0.10095642933049948 0.07374674479166667 0.031880977683315624
0 0.5667154947916667 0.10095642933049948 0.08741861979166667 0.031880977683315624
0 0.68118896484375 0.10095642933049948 0.13423665364583334 0.031880977683315624
0 0.7923665364583333 0.10095642933049948 0.08082682291666667 0.031880977683315624
0 0.4875 0.5834218916046758 0.013541666666666667 0.02763018065887354
0 0.33229166666666665 0.14925112911795962 0.3177083333333333 0.017949654622741763
0 0.33229166666666665 0.36663124335812963 0.3302083333333333 0.4782146652497343
0 0.5838541666666667 0.24442082890541977 0.1625 0.23379383634431455
0 0.5256062825520833 0.14925112911795962 0.03350423177083333 0.017949654622741763
0 0.5838541666666667 0.2466624601487779 0.1625 0.2293105738575983
0 0.6552083333333333 0.3390010626992561 0.013541666666666667 0.02763018065887354
0 0.7515625 0.24442082890541977 0.1625 0.23379383634431455
0 0.6931681315104167 0.14925112911795962 0.03321126302083333 0.017949654622741763
0 0.7515625 0.2581362911795962 0.1625 0.20636291179596175
0 0.8229166666666666 0.3390010626992561 0.013541666666666667 0.02763018065887354
0 0.5838541666666667 0.48884165781083955 0.1625 0.23379383634431455
0 0.5194864908854167 0.3936719580233794 0.0212646484375 0.017949654622741763
0 0.5838541666666667 0.502557120085016 0.1625 0.20636291179596175
0 0.6552083333333333 0.5834218916046758 0.013541666666666667 0.02763018065887354
0 0.7515625 0.48884165781083955 0.1625 0.23379383634431455
0 0.7425699869791667 0.3936719580233794 0.13201497395833334 0.017949654622741763
0 0.7515625 0.4910832890541977 0.1625 0.2293105738575983
0 0.8229166666666666 0.5834218916046758 0.013541666666666667 0.02763018065887354
0 0.30770670572916664 0.6323060573857598 0.15078125 0.031880977683315624
0 0.44188232421875 0.6323060573857598 0.1102783203125 0.031880977683315624
0 0.5650472005208333 0.6323060573857598 0.12877604166666667 0.031880977683315624
0 0.6898152669270833 0.6323060573857598 0.11346842447916666 0.031880977683315624
0 0.83216552734375 0.6323060573857598 0.16395670572916668 0.031880977683315624
0 0.95460205078125 0.6323060573857598 0.07362467447916667 0.031880977683315624
0 0.9975260416666667 0.6323060573857598 0.0049479166666666664 0.031880977683315624
1 0.8083333333333333 0.6323060573857598 0.015625 0.031880977683315624
1 0.825 0.6323060573857598 0.015625 0.031880977683315624
0 0.24244791666666668 0.7438894792773645 0.13802083333333334 0.0765143464399575
0 0.24244791666666668 0.9628055260361318 0.13802083333333334 0.07438894792773645
0 0.447265625 0.69394261424017 0.24453125 0.044633368756641874
0 0.704296875 0.69394261424017 0.24453125 0.044633368756641874
0 0.447265625 0.8082824123273114 0.24453125 0.044633368756641874
0 0.704296875 0.8082824123273114 0.24453125 0.044633368756641874
0 0.447265625 0.9226222104144527 0.24453125 0.044633368756641874
0 0.704296875 0.9226222104144527 0.24453125 0.044633368756641874
0 0.19401041666666666 0.9446068012752391 0.0546875 0.023113708820403825
0 0.36809895833333334 0.9558979808714134 0.2716145833333333 0.08820403825717323
0 0.644921875 0.9558979808714134 0.2716145833333333 0.08820403825717323
0 0.89296875 0.9558979808714134 0.2140625 0.08820403825717323
0 0.2916788736979167 0.10922555791710946 0.0423583984375 0.01700318809776833
1 0.4304443359375 0.13089465993623806 0.03863932291666667 0.020822263549415517
1 0.6485595703125 0.15171692348565355 0.06875 0.020822263549415517
1 0.32119547526041664 0.28558382040382574 0.12572428385416667 0.037825451647183844
1 0.69825439453125 0.28558382040382574 0.08682454427083333 0.037825451647183844
