0 0.21875 0.12433581296493093 0.0625 0.1275239107332625
11 0.3243611653645833 0.10148777895855472 0.0851318359375 0.11370882040382571
0 0.3243611653645833 0.10148777895855472 0.0851318359375 0.11370882040382571
11 0.408984375 0.10148777895855472 0.08411458333333334 0.11370882040382571
0 0.408984375 0.10148777895855472 0.08411458333333334 0.11370882040382571
11 0.4909749348958333 0.10148777895855472 0.07986653645833333 0.11370882040382571
0 0.4909749348958333 0.10148777895855472 0.07986653645833333 0.11370882040382571
11 0.56646728515625 0.10148777895855472 0.0711181640625 0.11370882040382571
0 0.56646728515625 0.10148777895855472 0.0711181640625 0.11370882040382571
11 0.6639485677083333 0.10148777895855472 0.12384440104166666 0.11370882040382571
0 0.6639485677083333 0.10148777895855472 0.12384440104166666 0.11370882040382571
11 0.7691853841145834 0.10148777895855472 0.08662923177083333 0.11370882040382571
0 0.7691853841145834 0.10148777895855472 0.08662923177083333 0.11370882040382571
1 0.46130777994791666 0.022316684378320937 0.030948893229166666 0.044633368756641874
0 0.49645589192708334 0.022316684378320937 0.027921549479166665 0.044633368756641874
0 0.5253336588541667 0.022316684378320937 0.026025390625 0.044633368756641874
0 0.5655924479166666 0.022316684378320937 0.04443359375 0.044633368756641874
0 0.6095987955729166 0.022316684378320937 0.0397705078125 0.044633368756641874
0 0.66466064453125 0.022316684378320937 0.06654459635416667 0.044633368756641874
0 0.717626953125 0.022316684378320937 0.03557942708333333 0.044633368756641874
2 0.7677083333333333 0.022316684378320937 0.052083333333333336 0.03400637619553666
1 0.8041666666666667 0.022316684378320937 0.016666666666666666 0.03400637619553666
0 0.40749918619791664 0.6944739638682252 0.43999837239583334 0.15409139213602552
1 0.196875 0.8214665249734325 0.01875 0.03825717321997875
1 0.215625 0.8214665249734325 0.01875 0.03825717321997875
0 0.237060546875 0.8209351753453773 0.005729166666666666 0.011689691817215728
0 0.24903971354166668 0.8209351753453773 0.005729166666666666 0.011689691817215728
0 0.26101888020833336 0.8209351753453773 0.005729166666666666 0.011689691817215728
0 0.272998046875 0.8209351753453773 0.005729166666666666 0.011689691817215728
0 0.2857137044270833 0.9771519659936238 0.19642740885416668 0.04569606801275239
0 0.49999593098958334 0.9771519659936238 0.19642740885416668 0.04569606801275239
