0 0.0734375 0.044633368756641874 0.03854166666666667 0.025504782146652496
0 0.314306640625 0.04516471838469713 0.056982421875 0.09032943676939426
0 0.37511800130208334 0.04516471838469713 0.06464029947916666 0.09032943676939426
0 0.4520263671875 0.04516471838469713 0.08917643229166666 0.09032943676939426
0 0.5373738606770834 0.04516471838469713 0.0815185546875 0.09032943676939426
0 0.6066243489583333 0.04516471838469713 0.056982421875 0.09032943676939426
0 0.67464599609375 0.04516471838469713 0.07906087239583333 0.09032943676939426
1 0.88505859375 0.04569606801275239 0.01875 0.03825717321997875
1 0.9107584635416667 0.04569606801275239 0.01875 0.03825717321997875
1 0.9364583333333333 0.04569606801275239 0.01875 0.03825717321997875
0 0.7583333333333333 0.14240170031880978 0.04895833333333333 0.09989373007438895
1 0.13106689453125 0.9054197662061636 0.1558837890625 0.10626992561105207
0 0.13106689453125 0.9117959617428267 0.09546712239583334 0.06801275239107332
1 0.1621337890625 0.9117959617428267 0.03333333333333333 0.06801275239107332
0 0.875 0.24229543039319873 0.14166666666666666 0.28905419766206164
0 0.875 0.24229543039319873 0.14166666666666666 0.28905419766206164
1 0.86875 0.35069075451647186 0.020833333333333332 0.025504782146652496
1 0.8854166666666666 0.35069075451647186 0.0125 0.025504782146652496
0 0.875 0.5844845908607864 0.14166666666666666 0.361317747077577
0 0.875 0.5844845908607864 0.14166666666666666 0.361317747077577
0 0.875 0.5844845908607864 0.14166666666666666 0.361317747077577
1 0.8625 0.7290116896918172 0.020833333333333332 0.025504782146652496
1 0.8791666666666667 0.7290116896918172 0.0125 0.025504782146652496
1 0.8916666666666667 0.7290116896918172 0.0125 0.025504782146652496
0 0.8783854166666667 0.869287991498406 0.1484375 0.1742826780021254
0 0.8783854166666667 0.869287991498406 0.1484375 0.1742826780021254
1 0.8177083333333334 0.8719447396386822 0.016666666666666666 0.03400637619553666
1 0.9328125 0.8719447396386822 0.016666666666666666 0.03400637619553666
