0 0.2328125 0.040382571732199786 0.053125 0.05526036131774708
0 0.5007975260416667 0.040382571732199786 0.03333333333333333 0.05526036131774708
13 0.5007975260416667 0.032412327311370885 0.0125 0.025504782146652496
0 0.5424641927083333 0.040382571732199786 0.03333333333333333 0.05526036131774708
13 0.5424641927083333 0.032412327311370885 0.0125 0.025504782146652496
0 0.584130859375 0.040382571732199786 0.03333333333333333 0.05526036131774708
13 0.584130859375 0.032412327311370885 0.0125 0.025504782146652496
0 0.6257975260416667 0.040382571732199786 0.03333333333333333 0.05526036131774708
13 0.6257975260416667 0.032412327311370885 0.0125 0.025504782146652496
0 0.6674641927083333 0.040382571732199786 0.03333333333333333 0.05526036131774708
13 0.6674641927083333 0.032412327311370885 0.0125 0.025504782146652496
1 0.7215372721354166 0.040382571732199786 0.04043782552083333 0.03719447396386823
1 0.76983642578125 0.040382571732199786 0.0478271484375 0.03719447396386823
1 0.3104166666666667 0.310308182784272 0.20833333333333334 0.04250797024442083
1 0.3104166666666667 0.310308182784272 0.20833333333333334 0.04250797024442083
1 0.3104166666666667 0.310308182784272 0.20833333333333334 0.04250797024442083
1 0.3104166666666667 0.3783209351753454 0.20833333333333334 0.04250797024442083
0 0.32451985677083334 0.4436769394261424 0.16822916666666668 0.03506907545164718
0 0.29932861328125 0.4532412327311371 0.0429443359375 0.015940488841657812
0 0.3578369140625 0.4532412327311371 0.041455078125 0.015940488841657812
0 0.35135498046875 0.51009564293305 0.035017903645833334 0.019128586609989374
1 0.49957682291666666 0.820403825717322 0.06477864583333333 0.05100956429330499
1 0.59080810546875 0.820403825717322 0.1093505859375 0.05100956429330499
1 0.6837646484375 0.820403825717322 0.06822916666666666 0.05100956429330499
1 0.5032307942708333 0.8841657810839533 0.07208658854166666 0.05100956429330499
1 0.5778035481770833 0.8841657810839533 0.0687255859375 0.05100956429330499
1 0.6556315104166667 0.8841657810839533 0.07859700520833333 0.05100956429330499
1 0.5274210611979167 0.9479277364505845 0.12046712239583333 0.05100956429330499
1 0.645068359375 0.9479277364505845 0.106494140625 0.05100956429330499
1 0.51243896484375 0.9930924548352816 0.0905029296875 0.01381509032943677
1 0.5907755533854167 0.9930924548352816 0.0578369140625 0.01381509032943677
