0 0.3716634114583333 0.16802271519659936 0.05911458333333333 0.025504782146652496
0 0.64188232421875 0.17534537725823593 0.0804443359375 0.06801275239107332
0 0.7139404296875 0.17534537725823593 0.050130208333333336 0.06801275239107332
0 0.7661173502604167 0.17534537725823593 0.04068196614583333 0.06801275239107332
1 0.7783447265625 0.23278095111583422 0.016227213541666667 0.02985520722635494
0 0.7020833333333333 0.27683315621679067 0.16875 0.1179596174282678
0 0.20729166666666668 0.31668437832093516 0.07083333333333333 0.05526036131774708
0 0.278125 0.31668437832093516 0.07083333333333333 0.05526036131774708
0 0.3489583333333333 0.31668437832093516 0.07083333333333333 0.05526036131774708
0 0.4197916666666667 0.31668437832093516 0.07083333333333333 0.05526036131774708
0 0.490625 0.31668437832093516 0.07083333333333333 0.05526036131774708
1 0.5395833333333333 0.30818278427205104 0.020833333333333332 0.04250797024442083
0 0.18271484375 0.36822529224229544 0.0216796875 0.018065887353878853
0 0.20355224609375 0.36822529224229544 0.011661783854166666 0.018065887353878853
0 0.23603922526041668 0.36822529224229544 0.04497884114583333 0.018065887353878853
0 0.27615559895833336 0.36822529224229544 0.026920572916666666 0.018065887353878853
0 0.3157958984375 0.36822529224229544 0.044026692708333336 0.018065887353878853
0 0.35522054036458334 0.36822529224229544 0.0264892578125 0.018065887353878853
0 0.4068522135416667 0.36822529224229544 0.06844075520833333 0.018065887353878853
0 0.4598307291666667 0.36822529224229544 0.029182942708333333 0.018065887353878853
0 0.48717854817708334 0.36822529224229544 0.017179361979166665 0.018065887353878853
0 0.5149983723958333 0.36822529224229544 0.030126953125 0.018065887353878853
0 0.5519287109375 0.36822529224229544 0.035400390625 0.018065887353878853
0 0.22916666666666666 0.6985919234856536 0.11458333333333333 0.025504782146652496
0 0.4791666666666667 0.5871745483528161 0.3645833333333333 0.37519925611052074
0 0.3541666666666667 0.7457824123273114 0.11458333333333333 0.05798352816153029
0 0.4791666666666667 0.7457824123273114 0.11458333333333333 0.05798352816153029
0 0.6041666666666666 0.7457824123273114 0.11458333333333333 0.05798352816153029
0 0.7291666666666666 0.5871745483528161 0.11458333333333333 0.37519925611052074
0 0.4166666666666667 0.8937632837407014 0.23958333333333334 0.21247343251859724
0 0.6041666666666666 0.8937632837407014 0.11458333333333333 0.21247343251859724
0 0.7291666666666666 0.8550909936238045 0.11458333333333333 0.1351288522848034
0 0.7291666666666666 0.9677039054197663 0.11458333333333333 0.06459218916046759
