1 0.48369954427083334 0.011897250265674814 0.06048177083333333 0.015292906482465462
1 0.48369954427083334 0.011689691817215728 0.06048177083333333 0.01487778958554729
0 0.3345703125 0.13059577577045697 0.169140625 0.039319872476089264
0 0.6383260091145834 0.06364572263549416 0.03726399739583333 0.015940488841657812
0 0.6856201171875 0.06364572263549416 0.031396484375 0.015940488841657812
0 0.73214111328125 0.06364572263549416 0.0357177734375 0.015940488841657812
2 0.67469482421875 0.10200252391073326 0.11000162760416667 0.03400637619553666
1 0.7398478190104166 0.10200252391073326 0.020304361979166668 0.03400637619553666
1 0.2656005859375 0.19625066418703507 0.047867838541666666 0.07498671625929862
0 0.3195068359375 0.19625066418703507 0.05994466145833333 0.07498671625929862
1 0.3723063151041667 0.19625066418703507 0.045654296875 0.07498671625929862
1 0.4272542317708333 0.19625066418703507 0.06424153645833333 0.07498671625929862
0 0.48457438151041665 0.19625066418703507 0.050398763020833334 0.07498671625929862
1 0.5458455403645833 0.19625066418703507 0.0721435546875 0.07498671625929862
1 0.2875 0.6215628320935175 0.020833333333333332 0.04250797024442083
1 0.3125 0.6215628320935175 0.020833333333333332 0.04250797024442083
1 0.3375 0.6215628320935175 0.020833333333333332 0.04250797024442083
1 0.3625 0.6215628320935175 0.020833333333333332 0.04250797024442083
1 0.3875 0.6215628320935175 0.020833333333333332 0.04250797024442083
1 0.4125 0.6215628320935175 0.020833333333333332 0.04250797024442083
1 0.25625 0.466441950053135 0.020833333333333332 0.04250797024442083
0 0.12083333333333333 0.46647515940488843 0.24166666666666667 0.463336875664187
0 0.3578125 0.3905087672688629 0.165625 0.0911596705632306
0 0.8744791666666667 0.3905087672688629 0.165625 0.0911596705632306
1 0.74375 0.466441950053135 0.020833333333333332 0.04250797024442083
0 0.3423583984375 0.9348432518597237 0.12638346354166666 0.07820802337938364
0 0.5145792643229167 0.9348432518597237 0.1263916015625 0.07820802337938364
0 0.6868001302083333 0.9348432518597237 0.12638346354166666 0.07820802337938364
0 0.3423583984375 0.9940970377258236 0.12638346354166666 0.011805924548352817
0 0.5145792643229167 0.9940970377258236 0.1263916015625 0.011805924548352817
0 0.6868001302083333 0.9940970377258236 0.12638346354166666 0.011805924548352817
0 0.79140625 0.9495217853347503 0.033854166666666664 0.06907545164718384
