0 0.10631510416666666 0.05100956429330499 0.13263346354166666 0.03400637619553666
1 0.22775065104166667 0.06716591392136026 0.076904296875 0.05951115834218916
1 0.3025594075520833 0.06716591392136026 0.047713216145833334 0.05951115834218916
1 0.8219807942708334 0.1103048618490967 0.016666666666666666 0.031880977683315624
0 0.82640380859375 0.227201780021254 0.0255126953125 0.01700318809776833
0 0.8482177734375 0.39829636025504783 0.069140625 0.01700318809776833
1 0.47265218098958334 0.4555326780021254 0.0642333984375 0.05100956429330499
1 0.47265218098958334 0.4555326780021254 0.0454833984375 0.025504782146652496
1 0.5362833658854167 0.4555326780021254 0.0463623046875 0.025504782146652496
1 0.5362833658854167 0.4555326780021254 0.0463623046875 0.025504782146652496
