0 0.11331787109375 0.6684378320935175 0.10336100260416667 0.018065887353878853
0 0.49502360026041664 0.7492029755579172 0.8858805338541667 0.039319872476089264
1 0.6567708333333333 0.9537725823591924 0.5822916666666667 0.07120085015940489
1 0.46082763671875 0.9521785334750266 0.18311360677083333 0.04250797024442083
1 0.65504150390625 0.9521785334750266 0.1823974609375 0.04250797024442083
1 0.8488972981770834 0.9521785334750266 0.1823974609375 0.04250797024442083
0 0.5185953776041666 0.359192348565356 0.04864908854166667 0.025504782146652496
0 0.5581258138020834 0.359192348565356 0.0269287109375 0.025504782146652496
0 0.5927164713541667 0.359192348565356 0.03876953125 0.025504782146652496
0 0.6372355143229167 0.359192348565356 0.04678548177083333 0.025504782146652496
0 0.6720052083333333 0.359192348565356 0.019270833333333334 0.025504782146652496
0 0.6941202799479167 0.359192348565356 0.021476236979166667 0.025504782146652496
0 0.72569580078125 0.359192348565356 0.038191731770833334 0.025504782146652496
0 0.630029296875 0.39585547290116896 0.016324869791666665 0.028692879914984058
0 0.6459187825520833 0.39585547290116896 0.0154541015625 0.028692879914984058
0 0.5929768880208334 0.3953241232731137 0.036946614583333336 0.040382571732199786
0 0.49663899739583334 0.39479277364505844 0.013020833333333334 0.026567481402763018
0 0.5127848307291667 0.39479277364505844 0.013020833333333334 0.026567481402763018
0 0.5289306640625 0.39479277364505844 0.013020833333333334 0.026567481402763018
0 0.5450764973958333 0.39479277364505844 0.013020833333333334 0.026567481402763018
0 0.5612223307291667 0.39479277364505844 0.013020833333333334 0.026567481402763018
1 0.4799723307291667 0.39479277364505844 0.013020833333333334 0.026567481402763018
0 0.27118326822916666 0.45642933049946866 0.03194986979166667 0.022316684378320937
0 0.3026814778645833 0.45642933049946866 0.031046549479166668 0.022316684378320937
0 0.34023844401041664 0.45642933049946866 0.0440673828125 0.022316684378320937
0 0.37947998046875 0.45642933049946866 0.03441569010416667 0.022316684378320937
0 0.43026123046875 0.45642933049946866 0.06714680989583334 0.022316684378320937
0 0.48031412760416664 0.45642933049946866 0.032958984375 0.022316684378320937
0 0.5220255533854167 0.45642933049946866 0.0504638671875 0.022316684378320937
0 0.5688802083333333 0.45642933049946866 0.04324544270833333 0.022316684378320937
0 0.609375 0.45642933049946866 0.037744140625 0.022316684378320937
0 0.65731201171875 0.45642933049946866 0.0581298828125 0.022316684378320937
0 0.35269775390625 0.5085015940488842 0.0967041015625 0.03294367693942614
0 0.42909342447916665 0.5085015940488842 0.05608723958333333 0.03294367693942614
0 0.4810099283854167 0.5085015940488842 0.047745768229166666 0.03294367693942614
0 0.5307779947916667 0.5085015940488842 0.05179036458333333 0.03294367693942614
0 0.5779825846354166 0.5085015940488842 0.042618815104166666 0.03294367693942614
0 0.6165771484375 0.5085015940488842 0.0345703125 0.03294367693942614
0 0.67510986328125 0.5085015940488842 0.0824951171875 0.03294367693942614
0 0.3304524739583333 0.5414452709883103 0.05221354166666667 0.03294367693942614
0 0.38404947916666665 0.5414452709883103 0.05498046875 0.03294367693942614
0 0.4480672200520833 0.5414452709883103 0.07305501302083334 0.03294367693942614
0 0.6588541666666666 0.9202975557917109 0.171875 0.14665249734325186
0 0.303125 0.9968119022316685 0.09479166666666666 0.006376195536663124
0 0.4088541666666667 0.9968119022316685 0.09479166666666666 0.006376195536663124
0 0.5145833333333333 0.9968119022316685 0.09479166666666666 0.006376195536663124
