0 0.24395751953125 0.040382571732199786 0.0754150390625 0.05526036131774708
1 0.32960205078125 0.040382571732199786 0.06254069010416667 0.04250797024442083
2 0.4862141927083333 0.040382571732199786 0.23401692708333333 0.023379383634431455
1 0.60947265625 0.040382571732199786 0.0125 0.04250797024442083
5 0.6050455729166667 0.02975557917109458 0.0005208333333333333 0.0010626992561105207
1 0.60947265625 0.04197662061636557 0.008333333333333333 0.01700318809776833
1 0.6308268229166667 0.040382571732199786 0.020833333333333332 0.04250797024442083
1 0.6979207356770833 0.040382571732199786 0.08002115885416666 0.05100956429330499
1 0.7679239908854166 0.040382571732199786 0.051652018229166666 0.05100956429330499
8 0.2390869140625 0.10839532412327312 0.065673828125 0.036131774707757705
8 0.2390869140625 0.10839532412327312 0.065673828125 0.036131774707757705
1 0.2390869140625 0.10839532412327312 0.065673828125 0.036131774707757705
1 0.2589029947916667 0.10839532412327312 0.008333333333333333 0.025504782146652496
8 0.29824625651041664 0.10839532412327312 0.0443115234375 0.036131774707757705
8 0.29824625651041664 0.10839532412327312 0.0443115234375 0.036131774707757705
1 0.29824625651041664 0.10839532412327312 0.0443115234375 0.036131774707757705
1 0.3073811848958333 0.10839532412327312 0.008333333333333333 0.025504782146652496
8 0.34623616536458335 0.10839532412327312 0.0433349609375 0.036131774707757705
8 0.34623616536458335 0.10839532412327312 0.0433349609375 0.036131774707757705
1 0.34623616536458335 0.10839532412327312 0.0433349609375 0.036131774707757705
1 0.3548828125 0.10839532412327312 0.008333333333333333 0.025504782146652496
8 0.4155965169270833 0.10839532412327312 0.08705240885416667 0.036131774707757705
8 0.4155965169270833 0.10839532412327312 0.08705240885416667 0.036131774707757705
1 0.4155965169270833 0.10839532412327312 0.08705240885416667 0.036131774707757705
1 0.44610188802083334 0.10839532412327312 0.008333333333333333 0.025504782146652496
8 0.49220377604166665 0.10839532412327312 0.05782877604166667 0.036131774707757705
8 0.49220377604166665 0.10839532412327312 0.05782877604166667 0.036131774707757705
1 0.49220377604166665 0.10839532412327312 0.05782877604166667 0.036131774707757705
1 0.5080973307291666 0.10839532412327312 0.008333333333333333 0.025504782146652496
0 0.59189453125 0.16364738310308183 0.031591796875 0.02123738044633369
0 0.6463175455729167 0.16364738310308183 0.060587565104166664 0.02123738044633369
0 0.70654296875 0.16364738310308183 0.043196614583333334 0.02123738044633369
0 0.7651123046875 0.16364738310308183 0.057275390625 0.02123738044633369
0 0.22451985677083333 0.21252324654622742 0.036539713541666664 0.025504782146652496
0 0.265625 0.5924050212539851 0.11875 0.253951912858661
0 0.3927083333333333 0.5924050212539851 0.11875 0.253951912858661
0 0.5197916666666667 0.5924050212539851 0.11875 0.253951912858661
0 0.646875 0.5796609325185972 0.11875 0.22846373538788523
1 0.6174479166666667 0.5690256376195537 0.021354166666666667 0.04250797024442083
0 0.41822916666666665 0.8884829968119022 0.4239583333333333 0.21068012752391074
0 0.41822916666666665 0.997442879914984 0.4239583333333333 0.005114240170031881
0 0.68184814453125 0.26565820935175344 0.07827962239583333 0.03400637619553666
0 0.7019083658854167 0.30816617959617426 0.11840006510416666 0.03400637619553666
0 0.6935343424479167 0.3506741498405951 0.10165201822916667 0.03400637619553666
0 0.6771240234375 0.39318212008501596 0.06883138020833333 0.03400637619553666
0 0.6763916015625 0.4356900903294368 0.06736653645833333 0.03400637619553666
0 0.6786051432291667 0.4781980605738576 0.07179361979166667 0.03400637619553666
0 0.6715250651041667 0.5207060308182784 0.057633463541666666 0.03400637619553666
0 0.6759521484375 0.5632140010626993 0.06648763020833333 0.03400637619553666
0 0.6695963541666666 0.6057219713071201 0.05377604166666667 0.03400637619553666
0 0.6713338216145833 0.6482299415515409 0.0572509765625 0.03400637619553666
0 0.696240234375 0.8309643995749203 0.08935546875 0.04250797024442083
