0 0.07554117838541667 0.053134962805526036 0.15108235677083334 0.10626992561105207
1 0.6878743489583333 0.053134962805526036 0.052083333333333336 0.10626992561105207
1 0.756884765625 0.053134962805526036 0.0859375 0.10626992561105207
8 0.7381184895833334 0.053134962805526036 0.019270833333333334 0.03400637619553666
8 0.838916015625 0.053134962805526036 0.078125 0.10626992561105207
1 0.838916015625 0.053134962805526036 0.078125 0.10626992561105207
0 0.9006510416666667 0.053134962805526036 0.04534505208333333 0.055858129649309245
0 0.9616617838541667 0.053134962805526036 0.060009765625 0.03672954303931987
0 0.6117268880208333 0.3482664718384697 0.13229166666666667 0.04948193411264612
0 0.6689534505208333 0.4351753453772582 0.020638020833333333 0.020191285866099893
0 0.2838541666666667 0.5829569606801275 0.0390625 0.07226354941551541
0 0.35716145833333335 0.5620018597236982 0.10755208333333334 0.03035334750265675
0 0.5154947916666667 0.597635494155154 0.42421875 0.04091392136025505
0 0.2838541666666667 0.7317348565356004 0.0390625 0.07226354941551541
0 0.38297119140625 0.7107797555791711 0.15917154947916667 0.03035334750265675
0 0.5154947916666667 0.746413390010627 0.42421875 0.04091392136025505
0 0.2838541666666667 0.8805127523910733 0.0390625 0.07226354941551541
0 0.3546223958333333 0.859557651434644 0.10247395833333334 0.03035334750265675
0 0.5154947916666667 0.8951912858660999 0.42421875 0.04091392136025505
0 0.2838541666666667 0.9965794367693943 0.0390625 0.006841126461211477
0 0.37757975260416665 0.9965794367693943 0.148388671875 0.006841126461211477
