0 0.8057291666666667 0.9489904357066951 0.040625 0.04675876726886291
1 0.01875 0.02975557917109458 0.020833333333333332 0.04250797024442083
1 0.01875 0.02975557917109458 0.0125 0.025504782146652496
1 0.01875 0.02975557917109458 0.020833333333333332 0.04250797024442083
0 0.061197916666666664 0.02975557917109458 0.0640625 0.05951115834218916
2 0.47734375 0.02975557917109458 0.2682291666666667 0.02763018065887354
1 0.6302083333333334 0.02975557917109458 0.03333333333333333 0.04250797024442083
1 0.665625 0.02975557917109458 0.020833333333333332 0.04250797024442083
1 0.665625 0.02975557917109458 0.0125 0.025504782146652496
1 0.9257242838541667 0.02975557917109458 0.020833333333333332 0.04250797024442083
1 0.9257242838541667 0.02975557917109458 0.020833333333333332 0.04250797024442083
1 0.9257242838541667 0.02975557917109458 0.020833333333333332 0.04250797024442083
1 0.9257242838541667 0.02975557917109458 0.0125 0.025504782146652496
1 0.9257242838541667 0.02975557917109458 0.0125 0.025504782146652496
1 0.9257242838541667 0.02975557917109458 0.020833333333333332 0.04250797024442083
1 0.9659871419270833 0.02975557917109458 0.05135904947916667 0.03825717321997875
1 0.9517659505208333 0.02975557917109458 0.0125 0.025504782146652496
1 0.9722371419270833 0.02975557917109458 0.0221923828125 0.03825717321997875
0 0.059375 0.09351753453772582 0.10625 0.04250797024442083
0 0.059375 0.09351753453772582 0.10625 0.04250797024442083
0 0.059375 0.13602550478214664 0.10625 0.04250797024442083
0 0.059375 0.13602550478214664 0.10625 0.04250797024442083
0 0.059375 0.1785334750265675 0.10625 0.04250797024442083
0 0.059375 0.1785334750265675 0.10625 0.04250797024442083
0 0.059375 0.24760892667375134 0.10625 0.04250797024442083
0 0.059375 0.24760892667375134 0.10625 0.04250797024442083
0 0.059375 0.29011689691817216 0.10625 0.04250797024442083
0 0.059375 0.29011689691817216 0.10625 0.04250797024442083
1 0.04234619140625 0.4165781083953241 0.05135904947916667 0.03825717321997875
1 0.028125 0.4165781083953241 0.0125 0.025504782146652496
1 0.04859619140625 0.4165781083953241 0.0221923828125 0.03825717321997875
0 0.059375 0.5217853347502657 0.10625 0.04250797024442083
0 0.059375 0.5217853347502657 0.10625 0.04250797024442083
0 0.059375 0.5642933049946866 0.10625 0.04250797024442083
0 0.059375 0.5642933049946866 0.10625 0.04250797024442083
0 0.059375 0.6068012752391073 0.10625 0.04250797024442083
0 0.059375 0.6068012752391073 0.10625 0.04250797024442083
0 0.059375 0.6493092454835282 0.10625 0.04250797024442083
0 0.059375 0.6493092454835282 0.10625 0.04250797024442083
0 0.059375 0.691817215727949 0.10625 0.04250797024442083
0 0.059375 0.691817215727949 0.10625 0.04250797024442083
0 0.059375 0.7343251859723698 0.10625 0.04250797024442083
0 0.059375 0.7343251859723698 0.10625 0.04250797024442083
0 0.059375 0.7768331562167906 0.10625 0.04250797024442083
0 0.059375 0.7768331562167906 0.10625 0.04250797024442083
0 0.059375 0.8193411264612115 0.10625 0.04250797024442083
0 0.059375 0.8193411264612115 0.10625 0.04250797024442083
0 0.059375 0.922422954303932 0.10625 0.04250797024442083
0 0.059375 0.922422954303932 0.10625 0.04250797024442083
0 0.059375 0.9649309245483528 0.10625 0.04250797024442083
0 0.059375 0.9649309245483528 0.10625 0.04250797024442083
0 0.059375 0.9930924548352816 0.10625 0.01381509032943677
0 0.059375 0.9930924548352816 0.10625 0.01381509032943677
1 0.26979166666666665 0.39635361317747075 0.08333333333333333 0.17003188097768332
12 0.47604166666666664 0.3942282146652497 0.3125 0.01700318809776833
1 0.36017252604166666 0.4282345908607864 0.023014322916666666 0.01700318809776833
1 0.6207845052083333 0.3942282146652497 0.023014322916666666 0.01700318809776833
0 0.35360921223958336 0.42610919234856537 0.06763509114583334 0.01700318809776833
1 0.41649169921875 0.42610919234856537 0.05396321614583333 0.01700318809776833
1 0.34441731770833334 0.4686171625929862 0.04925130208333333 0.03825717321997875
1 0.34441731770833334 0.4686171625929862 0.04925130208333333 0.03825717321997875
1 0.34441731770833334 0.4686171625929862 0.03258463541666667 0.03825717321997875
12 0.240625 0.5260029224229543 0.025 0.05100956429330499
12 0.2784952799479167 0.5260029224229543 0.025740559895833334 0.05100956429330499
12 0.3163655598958333 0.5260029224229543 0.025 0.05100956429330499
12 0.35386555989583335 0.5260029224229543 0.025 0.05100956429330499
12 0.3946614583333333 0.5260029224229543 0.031591796875 0.05100956429330499
12 0.44441324869791665 0.5260029224229543 0.04291178385416667 0.05100956429330499
1 0.48878580729166665 0.5260029224229543 0.020833333333333332 0.04250797024442083
1 0.48878580729166665 0.5260029224229543 0.020833333333333332 0.04250797024442083
1 0.48878580729166665 0.5260029224229543 0.020833333333333332 0.04250797024442083
5 0.5107096354166667 0.5260029224229543 0.023014322916666666 0.025504782146652496
2 0.562060546875 0.5260029224229543 0.07604166666666666 0.021253985122210415
0 0.32708333333333334 0.6022266870350691 0.18125 0.02485719978746015
1 0.43020833333333336 0.5993623804463337 0.025 0.044633368756641874
1 0.43020833333333336 0.5993623804463337 0.025 0.044633368756641874
1 0.3385416666666667 0.7035069075451648 0.035416666666666666 0.05100956429330499
1 0.3385416666666667 0.7035069075451648 0.035416666666666666 0.05100956429330499
0 0.3033854166666667 0.6275239107332625 0.059895833333333336 0.016571466524973433
1 0.29042154947916665 0.6528128320935175 0.03396809895833333 0.03400637619553666
1 0.29042154947916665 0.6528128320935175 0.03396809895833333 0.03400637619553666
0 0.4080729166666667 0.6509032943676939 0.07135416666666666 0.0818278427205101
9 0.3385416666666667 0.7890541976620616 0.20833333333333334 0.005313496280552604
1 0.24375 0.8108395324123273 0.01875 0.03825717321997875
1 0.2625 0.8108395324123273 0.01875 0.03825717321997875
1 0.3958333333333333 0.8108395324123273 0.01875 0.03825717321997875
1 0.3958333333333333 0.8108395324123273 0.016666666666666666 0.03825717321997875
1 0.41458333333333336 0.8108395324123273 0.01875 0.03825717321997875
1 0.43333333333333335 0.8108395324123273 0.01875 0.03825717321997875
1 0.4310185273488363 0.8061164426246181 0.002777767181396484 0.005667707745251062
1 0.4356481393178304 0.8061164426246181 0.002777767181396484 0.005667707745251062
1 0.4356481393178304 0.8155626222000365 0.002777767181396484 0.005667707745251062
1 0.4310185273488363 0.8155626222000365 0.002777767181396484 0.005667707745251062
0 0.5659871419270833 0.5876726886291179 0.2090576171875 0.021253985122210415
0 0.50301513671875 0.7470775770456961 0.08311360677083333 0.021253985122210415
0 0.47937418619791666 0.7895855472901169 0.03583170572916667 0.021253985122210415
0 0.5231526692708334 0.7895855472901169 0.048111979166666666 0.021253985122210415
0 0.27909749348958335 0.8926673751328374 0.10194498697916667 0.02975557917109458
1 0.360546875 0.8926673751328374 0.05262044270833333 0.03825717321997875
1 0.3456949869791667 0.8926673751328374 0.0125 0.025504782146652496
1 0.366796875 0.8926673751328374 0.023453776041666666 0.03825717321997875
0 0.2828125 0.9643995749202976 0.109375 0.07120085015940489
0 0.39427083333333335 0.9643995749202976 0.109375 0.07120085015940489
0 0.5057291666666667 0.9643995749202976 0.109375 0.07120085015940489
0 0.6171875 0.9643995749202976 0.109375 0.07120085015940489
0 0.7286458333333333 0.9643995749202976 0.109375 0.07120085015940489
0 0.8401041666666667 0.9643995749202976 0.109375 0.07120085015940489
1 0.8947916666666667 0.9851222104144527 0.020833333333333332 0.02975557917109458
1 0.8947916666666667 0.9893730074388948 0.0125 0.021253985122210415
