0 0.5 0.026567481402763018 1.0 0.053134962805526036
1 0.6356608072916666 0.026567481402763018 0.07903645833333334 0.040382571732199786
0 0.1015625 0.08289054197662062 0.08229166666666667 0.022316684378320937
8 0.317041015625 0.08289054197662062 0.008333333333333333 0.01700318809776833
2 0.59405517578125 0.08289054197662062 0.5123616536458333 0.01700318809776833
1 0.8585693359375 0.08289054197662062 0.016666666666666666 0.03400637619553666
1 0.91053466796875 0.08289054197662062 0.05809733072916667 0.03825717321997875
0 0.9063680013020833 0.08289054197662062 0.049763997395833336 0.04250797024442083
1 0.5 0.7842720510095643 0.3416666666666667 0.04250797024442083
0 0.5 0.7842720510095643 0.08733723958333334 0.04250797024442083
1 0.5 0.7842720510095643 0.08733723958333334 0.04250797024442083
