0 0.2734375 0.04516471838469713 0.11458333333333333 0.018065887353878853
0 0.375439453125 0.028692879914984058 0.06337890625 0.057385759829968117
0 0.43127848307291666 0.028692879914984058 0.043660481770833336 0.057385759829968117
0 0.4788736979166667 0.028692879914984058 0.046891276041666666 0.057385759829968117
0 0.5286946614583333 0.028692879914984058 0.048111979166666666 0.057385759829968117
0 0.58648681640625 0.028692879914984058 0.06283365885416667 0.057385759829968117
0 0.641650390625 0.028692879914984058 0.04285481770833333 0.057385759829968117
0 0.6779052734375 0.028692879914984058 0.025016276041666667 0.057385759829968117
0 0.7057169596354167 0.028692879914984058 0.025968424479166665 0.057385759829968117
1 0.7583333333333333 0.02763018065887354 0.021875 0.040382571732199786
0 0.3494791666666667 0.3799149840595112 0.24479166666666666 0.018065887353878853
0 0.5421875 0.1206163655685441 0.13020833333333334 0.04144527098831031
0 0.5421875 0.18437832093517534 0.13020833333333334 0.04144527098831031
0 0.5421875 0.2481402763018066 0.13020833333333334 0.04144527098831031
0 0.5421875 0.31190223166843783 0.13020833333333334 0.04144527098831031
0 0.5421875 0.3756641870350691 0.13020833333333334 0.04144527098831031
0 0.39523111979166664 0.6086277895855473 0.052815755208333336 0.018065887353878853
0 0.47816162109375 0.6086277895855473 0.07596842447916667 0.018065887353878853
0 0.41650390625 0.6443444473963869 0.37884114583333334 0.041876992561105206
0 0.3750732421875 0.6800611052072264 0.10607096354166666 0.018065887353878853
0 0.44973958333333336 0.7442547821466525 0.3098958333333333 0.015940488841657812
0 0.44973958333333336 0.765508767268863 0.3098958333333333 0.015940488841657812
0 0.44973958333333336 0.7867627523910733 0.3098958333333333 0.015940488841657812
0 0.44973958333333336 0.8080167375132837 0.3098958333333333 0.015940488841657812
0 0.44973958333333336 0.8292707226354942 0.3098958333333333 0.015940488841657812
0 0.28854166666666664 0.983827045696068 0.10416666666666667 0.032345908607863974
0 0.4114583333333333 0.983827045696068 0.10416666666666667 0.032345908607863974
0 0.534375 0.983827045696068 0.10416666666666667 0.032345908607863974
0 0.6385416666666667 0.13464731668437832 0.016666666666666666 0.03400637619553666
0 0.6653401692708333 0.13464731668437832 0.016666666666666666 0.03400637619553666
0 0.692138671875 0.13464731668437832 0.016666666666666666 0.03400637619553666
0 0.7189371744791667 0.13464731668437832 0.016666666666666666 0.03400637619553666
0 0.7457356770833333 0.13464731668437832 0.016666666666666666 0.03400637619553666
0 0.7725341796875 0.13464731668437832 0.016666666666666666 0.03400637619553666
0 0.7083333333333334 0.23346174282678003 0.15625 0.03643065887353879
0 0.7083333333333334 0.27201780021253985 0.15625 0.03643065887353879
0 0.7083333333333334 0.3105738575982997 0.15625 0.03643065887353879
0 0.7083333333333334 0.3491299149840595 0.15625 0.03643065887353879
0 0.7083333333333334 0.38768597236981933 0.15625 0.03643065887353879
0 0.7083333333333334 0.4262420297555792 0.15625 0.03643065887353879
0 0.7083333333333334 0.464798087141339 0.15625 0.03643065887353879
0 0.7083333333333334 0.5033541445270988 0.15625 0.03643065887353879
0 0.7083333333333334 0.5419102019128587 0.15625 0.03643065887353879
0 0.7083333333333334 0.5804662592986185 0.15625 0.03643065887353879
0 0.7083333333333334 0.6190223166843783 0.15625 0.03643065887353879
0 0.7083333333333334 0.6575783740701382 0.15625 0.03643065887353879
0 0.7083333333333334 0.6961344314558979 0.15625 0.03643065887353879
0 0.7083333333333334 0.7346904888416578 0.15625 0.03643065887353879
0 0.7083333333333334 0.7732465462274176 0.15625 0.03643065887353879
0 0.7083333333333334 0.8118026036131775 0.15625 0.03643065887353879
0 0.7083333333333334 0.8503586609989373 0.15625 0.03643065887353879
0 0.7083333333333334 0.8889147183846972 0.15625 0.03643065887353879
0 0.7083333333333334 0.927470775770457 0.15625 0.03643065887353879
0 0.7083333333333334 0.9660268331562167 0.15625 0.03643065887353879
0 0.7083333333333334 0.9931837805526036 0.15625 0.013632438894792773
