0 0.07554117838541667 0.053134962805526036 0.15108235677083334 0.10626992561105207
1 0.7598958333333333 0.053134962805526036 0.052083333333333336 0.10626992561105207
1 0.82890625 0.053134962805526036 0.0859375 0.10626992561105207
8 0.8101399739583334 0.053134962805526036 0.019270833333333334 0.03400637619553666
8 0.9109375 0.053134962805526036 0.078125 0.10626992561105207
1 0.9109375 0.053134962805526036 0.078125 0.10626992561105207
0 0.3333333333333333 0.5847834750265675 0.1375 0.03035334750265675
0 0.385888671875 0.7138350159404888 0.03551432291666667 0.03035334750265675
0 0.5 0.5847834750265675 0.1375 0.03035334750265675
0 0.5525553385416667 0.7138350159404888 0.03551432291666667 0.03035334750265675
0 0.6666666666666666 0.5847834750265675 0.1375 0.03035334750265675
0 0.7192220052083333 0.7138350159404888 0.03551432291666667 0.03035334750265675
0 0.3333333333333333 0.8855273645058448 0.1375 0.03035334750265675
0 0.385888671875 0.999701115834219 0.03551432291666667 0.000597768331562168
0 0.5 0.8855273645058448 0.1375 0.03035334750265675
0 0.5525553385416667 0.999701115834219 0.03551432291666667 0.000597768331562168
0 0.6666666666666666 0.8855273645058448 0.1375 0.03035334750265675
0 0.7192220052083333 0.999701115834219 0.03551432291666667 0.000597768331562168
