0 0.11901041666666666 0.02975557917109458 0.07135416666666666 0.057385759829968117
0 0.19318440755208333 0.1392136025504782 0.043660481770833336 0.057385759829968117
11 0.24344075520833333 0.13549415515409138 0.054768880208333336 0.052072263549415514
0 0.24344075520833333 0.13602550478214664 0.05060221354166667 0.05100956429330499
11 0.2882771809895833 0.13549415515409138 0.031193033854166666 0.052072263549415514
0 0.2882771809895833 0.13602550478214664 0.0270263671875 0.05100956429330499
11 0.3297810872395833 0.13708820403825717 0.04810384114583333 0.05526036131774708
1 0.33134358723958335 0.13761955366631243 0.051228841145833336 0.05419766206163656
11 0.3779825846354167 0.13708820403825717 0.04458821614583333 0.05526036131774708
1 0.37954508463541664 0.13761955366631243 0.047713216145833334 0.05419766206163656
11 0.4390869140625 0.13708820403825717 0.07390950520833334 0.05526036131774708
1 0.4406494140625 0.13761955366631243 0.07703450520833334 0.05419766206163656
11 0.5039143880208333 0.13708820403825717 0.05203450520833333 0.05526036131774708
1 0.5054768880208333 0.13761955366631243 0.055159505208333334 0.05419766206163656
1 0.7859090169270834 0.13761955366631243 0.059285481770833336 0.05419766206163656
1 0.8368448893229167 0.1365568544102019 0.0405029296875 0.04782146652497343
0 0.88980712890625 0.1381509032943677 0.05371907552083333 0.05100956429330499
0 0.9361979166666666 0.1875664187035069 0.007291666666666667 0.020191285866099893
2 0.5 0.35090661530286926 0.2916666666666667 0.05419766206163656
1 0.6328125 0.35090661530286926 0.026041666666666668 0.05419766206163656
0 0.22222086588541667 0.49578241232731135 0.06944173177083333 0.10803002125398513
0 0.29166259765625 0.49578241232731135 0.06944173177083333 0.10803002125398513
0 0.3611043294270833 0.49578241232731135 0.06944173177083333 0.10803002125398513
0 0.43054606119791666 0.49578241232731135 0.06944173177083333 0.10803002125398513
0 0.49998779296875 0.49578241232731135 0.06944173177083333 0.10803002125398513
0 0.5694295247395833 0.49578241232731135 0.06944173177083333 0.10803002125398513
0 0.6388712565104167 0.49578241232731135 0.06944173177083333 0.10803002125398513
0 0.70831298828125 0.49578241232731135 0.06944173177083333 0.10803002125398513
0 0.7777547200520833 0.49578241232731135 0.06944173177083333 0.10803002125398513
0 0.1504150390625 0.9254367029755579 0.050830078125 0.019111981934112645
0 0.3645548502604167 0.9254367029755579 0.0964111328125 0.019111981934112645
0 0.5436848958333333 0.9254367029755579 0.07197265625 0.019111981934112645
0 0.7707926432291666 0.950111251328374 0.14348958333333334 0.019111981934112645
