0 0.19973958333333333 0.04303931987247609 0.06614583333333333 0.03506907545164718
11 0.3113484700520833 0.04303931987247609 0.07373860677083334 0.08607863974495218
0 0.3074422200520833 0.04303931987247609 0.06592610677083334 0.04357066950053135
11 0.3716959635416667 0.04303931987247609 0.046956380208333336 0.08607863974495218
0 0.3716959635416667 0.04303931987247609 0.031331380208333336 0.04357066950053135
11 0.417578125 0.04303931987247609 0.04480794270833333 0.08607863974495218
0 0.417578125 0.04303931987247609 0.029182942708333333 0.04357066950053135
11 0.45544026692708334 0.04303931987247609 0.030916341145833335 0.08607863974495218
0 0.45934651692708334 0.04303931987247609 0.023103841145833335 0.04357066950053135
5 0.702490234375 0.04303931987247609 0.21481119791666667 0.039319872476089264
8 0.702490234375 0.04303931987247609 0.21481119791666667 0.039319872476089264
2 0.702490234375 0.04303931987247609 0.21481119791666667 0.039319872476089264
0 0.828125 0.04303931987247609 0.010416666666666666 0.021253985122210415
0 0.22333170572916666 0.5617278825717322 0.113330078125 0.1300644261424017
0 0.20085856119791667 0.6480140807651434 0.0683837890625 0.025504782146652496
0 0.3449951171875 0.5617278825717322 0.113330078125 0.1300644261424017
0 0.30641276041666665 0.6480140807651434 0.03616536458333333 0.025504782146652496
0 0.46665852864583335 0.5617278825717322 0.113330078125 0.1300644261424017
0 0.44829915364583334 0.6592305393198725 0.076611328125 0.04793769925611052
0 0.5883219401041667 0.5617278825717322 0.113330078125 0.1300644261424017
0 0.5397420247395833 0.6480140807651434 0.016170247395833334 0.025504782146652496
0 0.7099853515625 0.5617278825717322 0.113330078125 0.1300644261424017
0 0.6777425130208333 0.6480140807651434 0.048844401041666666 0.025504782146652496
0 0.8316487630208333 0.5617278825717322 0.113330078125 0.1300644261424017
0 0.8127156575520833 0.6480140807651434 0.0754638671875 0.025504782146652496
0 0.9483235677083334 0.5617278825717322 0.10335286458333333 0.1300644261424017
0 0.9381388346354167 0.6480140807651434 0.0829833984375 0.025504782146652496
1 0.178125 0.578307651434644 0.0125 0.025504782146652496
1 0.821875 0.578307651434644 0.0125 0.025504782146652496
1 0.36492513020833334 0.8750166046758767 0.016666666666666666 0.03400637619553666
1 0.36492513020833334 0.8750166046758767 0.016666666666666666 0.03400637619553666
1 0.5923583984375 0.8750166046758767 0.016666666666666666 0.03400637619553666
1 0.5923583984375 0.8750166046758767 0.016666666666666666 0.03400637619553666
1 0.8197835286458334 0.8750166046758767 0.016666666666666666 0.03400637619553666
1 0.8197835286458334 0.8750166046758767 0.016666666666666666 0.03400637619553666
0 0.15529378255208334 0.8856269925611052 0.045792643229166666 0.020191285866099893
1 0.31906331380208336 0.9396337008501594 0.07645670572916667 0.044218251859723695
1 0.2284912109375 0.9396337008501594 0.09114583333333333 0.044218251859723695
