0 0.041666666666666664 0.035600425079702444 0.06770833333333333 0.06057385759829968
8 0.6760416666666667 0.036131774707757705 0.09461263020833334 0.040382571732199786
1 0.6760416666666667 0.036131774707757705 0.09461263020833334 0.040382571732199786
0 0.7506591796875 0.036131774707757705 0.05462239583333333 0.040382571732199786
0 0.8140584309895833 0.036131774707757705 0.07217610677083333 0.040382571732199786
8 0.8702433268229167 0.036131774707757705 0.04019368489583333 0.040382571732199786
1 0.8702433268229167 0.036131774707757705 0.04019368489583333 0.040382571732199786
0 0.9209879557291667 0.03506907545164718 0.04462890625 0.03825717321997875
0 0.97191162109375 0.036131774707757705 0.0405517578125 0.040382571732199786
0 0.6691853841145833 0.11211477151965994 0.009578450520833334 0.020191285866099893
0 0.7002278645833333 0.11211477151965994 0.0369140625 0.020191285866099893
0 0.7440388997395834 0.11211477151965994 0.03461100260416667 0.020191285866099893
0 0.7829915364583333 0.11211477151965994 0.027766927083333334 0.020191285866099893
5 0.20286458333333332 0.25046493092454836 0.0005208333333333333 0.0010626992561105207
2 0.4807535807291667 0.26959351753453775 0.5552571614583334 0.03719447396386823
1 0.7802327473958334 0.26959351753453775 0.033284505208333336 0.03719447396386823
0 0.296875 0.47124070138150903 0.1875 0.1434643995749203
0 0.5 0.47124070138150903 0.1875 0.1434643995749203
0 0.703125 0.47124070138150903 0.1875 0.1434643995749203
0 0.296875 0.6317082890541976 0.1875 0.1434643995749203
0 0.5 0.6317082890541976 0.1875 0.1434643995749203
0 0.703125 0.6317082890541976 0.1875 0.1434643995749203
0 0.296875 0.7921758767268863 0.1875 0.1434643995749203
0 0.5 0.7921758767268863 0.1875 0.1434643995749203
0 0.703125 0.7921758767268863 0.1875 0.1434643995749203
0 0.296875 0.9404556323060573 0.1875 0.11908873538788523
0 0.5 0.9404556323060573 0.1875 0.11908873538788523
0 0.703125 0.9404556323060573 0.1875 0.11908873538788523
0 0.4137939453125 0.972153958554729 0.042724609375 0.018065887353878853
1 0.87984619140625 0.9729011689691818 0.0801513671875 0.030818278427205102
1 0.9547526041666666 0.9729011689691818 0.06966145833333333 0.03294367693942614
