0 0.008072916666666667 0.01647183846971307 0.016145833333333335 0.03294367693942614
0 0.050520833333333334 0.0281615302869288 0.013541666666666667 0.02763018065887354
0 0.08800048828125 0.0281615302869288 0.03433430989583333 0.04101354941551541
1 0.1316162109375 0.0281615302869288 0.04456380208333333 0.0563230605738576
1 0.20474446614583333 0.0281615302869288 0.093359375 0.0563230605738576
1 0.30323486328125 0.0281615302869288 0.0952880859375 0.0563230605738576
1 0.37354736328125 0.0281615302869288 0.037003580729166666 0.0563230605738576
1 0.9197102864583333 0.0281615302869288 0.020833333333333332 0.03825717321997875
1 0.9452718098958334 0.0281615302869288 0.021956380208333334 0.02719845908607864
0 0.06088053385416667 0.08554729011689692 0.034261067708333336 0.03941950053134963
8 0.10902099609375 0.08554729011689692 0.04535319010416667 0.0563230605738576
1 0.10902099609375 0.08554729011689692 0.04535319010416667 0.0563230605738576
8 0.16033121744791667 0.08554729011689692 0.057267252604166666 0.0563230605738576
1 0.16033121744791667 0.08554729011689692 0.057267252604166666 0.0563230605738576
1 0.2227294921875 0.08554729011689692 0.067529296875 0.0563230605738576
8 0.29091796875 0.08554729011689692 0.06884765625 0.0563230605738576
1 0.29091796875 0.08554729011689692 0.06884765625 0.0563230605738576
8 0.35416259765625 0.08554729011689692 0.0576416015625 0.0563230605738576
1 0.35416259765625 0.08554729011689692 0.0576416015625 0.0563230605738576
1 0.40625406901041666 0.08554729011689692 0.04654134114583333 0.0563230605738576
1 0.058365885416666666 0.5065837539851222 0.029231770833333334 0.019543703506907546
5 0.07591959635416666 0.6148711477151966 0.031005859375 0.021253985122210415
6 0.06015625 0.6148711477151966 0.0005208333333333333 0.0010626992561105207
5 0.09307861328125 0.6446267268862912 0.06532389322916667 0.021253985122210415
6 0.06015625 0.6446267268862912 0.0005208333333333333 0.0010626992561105207
5 0.12907307942708332 0.6743823060573858 0.1039794921875 0.021253985122210415
6 0.07682291666666667 0.6743823060573858 0.0005208333333333333 0.0010626992561105207
5 0.11429036458333333 0.7041378852284803 0.0744140625 0.021253985122210415
6 0.07682291666666667 0.7041378852284803 0.0005208333333333333 0.0010626992561105207
5 0.0952392578125 0.7338934643995749 0.03631184895833333 0.021253985122210415
6 0.07682291666666667 0.7338934643995749 0.0005208333333333333 0.0010626992561105207
5 0.10120442708333334 0.7636490435706695 0.0482421875 0.021253985122210415
6 0.07682291666666667 0.7636490435706695 0.0005208333333333333 0.0010626992561105207
5 0.10610758463541667 0.793404622741764 0.0913818359375 0.021253985122210415
6 0.06015625 0.793404622741764 0.0005208333333333333 0.0010626992561105207
5 0.09777425130208334 0.8231602019128587 0.07471516927083334 0.021253985122210415
6 0.06015625 0.8231602019128587 0.0005208333333333333 0.0010626992561105207
5 0.085205078125 0.8529157810839533 0.049576822916666666 0.021253985122210415
6 0.06015625 0.8529157810839533 0.0005208333333333333 0.0010626992561105207
5 0.0846435546875 0.8826713602550478 0.04845377604166667 0.021253985122210415
6 0.06015625 0.8826713602550478 0.0005208333333333333 0.0010626992561105207
5 0.08036702473958333 0.9501527630180658 0.06490071614583333 0.021253985122210415
6 0.04765625 0.9501527630180658 0.0005208333333333333 0.0010626992561105207
5 0.08408610026041667 0.9799083421891605 0.0723388671875 0.021253985122210415
6 0.04765625 0.9799083421891605 0.0005208333333333333 0.0010626992561105207
5 0.0951904296875 0.9995184643995749 0.09454752604166666 0.0009630712008501594
2 0.5877970377604167 0.4721041445270988 0.6193440755208334 0.04303931987247609
1 0.92894287109375 0.4721041445270988 0.0546142578125 0.04303931987247609
1 0.296484375 0.5340063761955367 0.03671875 0.02975557917109458
1 0.9130900065104167 0.5866099893730075 0.08631998697916667 0.04144527098831031
1 0.8979166666666667 0.6336344314558979 0.115625 0.0334750265674814
1 0.8979166666666667 0.6671094580233794 0.115625 0.0334750265674814
1 0.8979166666666667 0.7005844845908608 0.115625 0.0334750265674814
1 0.8979166666666667 0.7340595111583422 0.115625 0.0334750265674814
1 0.8979166666666667 0.7675345377258236 0.115625 0.0334750265674814
0 0.360546875 0.6934029622741764 0.14401041666666667 0.028344181721572794
1 0.4132486979166667 0.8408607863974495 0.03860677083333333 0.0334750265674814
1 0.41116536458333336 0.8408607863974495 0.034440104166666666 0.0334750265674814
1 0.35454915364583334 0.9343783209351754 0.059619140625 0.0334750265674814
1 0.36540120442708335 0.9678533475026567 0.0813232421875 0.0334750265674814
0 0.5321614583333333 0.6934029622741764 0.14401041666666667 0.028344181721572794
1 0.58486328125 0.8408607863974495 0.03860677083333333 0.0334750265674814
1 0.5827799479166667 0.8408607863974495 0.034440104166666666 0.0334750265674814
1 0.5261637369791666 0.9343783209351754 0.059619140625 0.0334750265674814
0 0.7037760416666666 0.6934112646121148 0.14401041666666667 0.04250797024442083
1 0.7564778645833333 0.8408607863974495 0.03860677083333333 0.0334750265674814
1 0.75439453125 0.8408607863974495 0.034440104166666666 0.0334750265674814
1 0.6977783203125 0.9343783209351754 0.059619140625 0.0334750265674814
1 0.70863037109375 0.9678533475026567 0.0813232421875 0.0334750265674814
0 0.875390625 0.6934112646121148 0.14401041666666667 0.04250797024442083
1 0.9280924479166667 0.8408607863974495 0.03860677083333333 0.0334750265674814
1 0.9260091145833333 0.8408607863974495 0.034440104166666666 0.0334750265674814
1 0.8693929036458333 0.9343783209351754 0.059619140625 0.0334750265674814
1 0.8802449544270833 0.9678533475026567 0.0813232421875 0.0334750265674814
0 0.360546875 0.9426142401700319 0.14401041666666667 0.04250797024442083
0 0.5321614583333333 0.9426142401700319 0.14401041666666667 0.04250797024442083
0 0.7037760416666666 0.9426142401700319 0.14401041666666667 0.04250797024442083
0 0.875390625 0.9426142401700319 0.14401041666666667 0.04250797024442083
