0 0.18472086588541667 0.021253985122210415 0.0611083984375 0.04250797024442083
0 0.25345458984375 0.021253985122210415 0.0596923828125 0.04250797024442083
0 0.3227742513020833 0.021253985122210415 0.0622802734375 0.04250797024442083
0 0.39639892578125 0.021253985122210415 0.06830240885416666 0.04250797024442083
0 0.18307291666666667 0.07704569606801276 0.06614583333333333 0.03400637619553666
1 0.25231526692708334 0.07704569606801276 0.05567220052083333 0.040382571732199786
2 0.41064860026041666 0.07704569606801276 0.2526611328125 0.04675876726886291
1 0.7024739583333334 0.07704569606801276 0.056412760416666666 0.025504782146652496
0 0.7024739583333334 0.07704569606801276 0.056412760416666666 0.025504782146652496
1 0.7474324544270833 0.07704569606801276 0.03350423177083333 0.025504782146652496
0 0.7474324544270833 0.07704569606801276 0.03350423177083333 0.025504782146652496
1 0.7786173502604167 0.07704569606801276 0.028865559895833334 0.025504782146652496
0 0.7786173502604167 0.07704569606801276 0.028865559895833334 0.025504782146652496
1 0.8215250651041667 0.07704569606801276 0.05694986979166667 0.040382571732199786
1 0.8194417317708333 0.07704569606801276 0.052783203125 0.040382571732199786
1 0.15520833333333334 0.13496280552603612 0.01875 0.03825717321997875
0 0.18837483723958334 0.13496280552603612 0.030916341145833335 0.03825717321997875
0 0.25283203125 0.13496280552603612 0.08133138020833333 0.03825717321997875
0 0.3327718098958333 0.13496280552603612 0.06188151041666667 0.03825717321997875
0 0.31841634114583334 0.36344314558979807 0.19093424479166668 0.021253985122210415
0 0.25103352864583334 0.3995749202975558 0.07692057291666667 0.021253985122210415
1 0.21749267578125 0.4867162592986185 0.1349853515625 0.06801275239107332
1 0.21749267578125 0.485653560042508 0.051652018229166666 0.04250797024442083
1 0.3276285807291667 0.4867162592986185 0.06861979166666667 0.019128586609989374
0 0.29415283203125 0.5802337938363443 0.039656575520833334 0.025504782146652496
0 0.20096435546875 0.6785334750265675 0.04590657552083333 0.026567481402763018
0 0.16703287760416666 0.8310308182784272 0.03406575520833333 0.04675876726886291
0 0.22508138020833332 0.8310308182784272 0.04869791666666667 0.04675876726886291
0 0.28744303385416664 0.8310308182784272 0.04269205729166667 0.04675876726886291
0 0.3652750651041667 0.8310308182784272 0.079638671875 0.04675876726886291
0 0.45071207682291664 0.8310308182784272 0.057902018229166664 0.04675876726886291
0 0.51729736328125 0.8310308182784272 0.04193522135416667 0.04675876726886291
1 0.6204874674479167 0.3682751062699256 0.038191731770833334 0.03825717321997875
1 0.6204874674479167 0.3682751062699256 0.0298583984375 0.021253985122210415
1 0.63125 0.3682751062699256 0.008333333333333333 0.01700318809776833
1 0.3991292317708333 0.5913423219978746 0.044091796875 0.05100956429330499
1 0.3991292317708333 0.5913423219978746 0.010758463541666667 0.025504782146652496
1 0.77257080078125 0.3066385494155154 0.038191731770833334 0.03825717321997875
1 0.77257080078125 0.3066385494155154 0.0298583984375 0.021253985122210415
1 0.7833333333333333 0.3066385494155154 0.008333333333333333 0.01700318809776833
0 0.3415445963541667 0.4213104410201913 0.08308919270833333 0.03825717321997875
1 0.2470458984375 0.6529788788522848 0.044091796875 0.05100956429330499
1 0.2470458984375 0.6529788788522848 0.010758463541666667 0.025504782146652496
