13 0.00026041666666666666 0.0005313496280552603 0.0005208333333333333 0.0010626992561105207
0 0.04505208333333333 0.02975557917109458 0.06510416666666667 0.025504782146652496
0 0.10850423177083333 0.02975557917109458 0.027425130208333332 0.022316684378320937
1 0.16007893880208332 0.02975557917109458 0.05072428385416667 0.03825717321997875
1 0.15508219401041667 0.02975557917109458 0.0323974609375 0.021253985122210415
1 0.21421712239583332 0.02975557917109458 0.04505208333333333 0.03825717321997875
1 0.20922037760416667 0.02975557917109458 0.026725260416666667 0.021253985122210415
1 0.26794026692708334 0.02975557917109458 0.04989420572916667 0.03825717321997875
1 0.3322347005208333 0.02975557917109458 0.06619466145833333 0.03400637619553666
1 0.9640299479166666 0.02975557917109458 0.0552734375 0.05100956429330499
1 0.592626953125 0.08305658873538789 0.097509765625 0.025836875664187034
0 0.09337158203125 0.14485919234856537 0.015909830729166668 0.025504782146652496
1 0.9632080078125 0.15336078639744952 0.048583984375 0.04250797024442083
2 0.4197591145833333 0.4891737513283741 0.284375 0.06588735387885228
1 0.57548828125 0.4891737513283741 0.010416666666666666 0.025504782146652496
1 0.6015299479166667 0.4891737513283741 0.025 0.05100956429330499
1 0.6854166666666667 0.4891737513283741 0.10006510416666667 0.06801275239107332
1 0.9291666666666667 0.8122343251859724 0.03333333333333333 0.06801275239107332
1 0.15799560546875 0.8929994686503719 0.14932454427083333 0.05100956429330499
1 0.15799560546875 0.8929994686503719 0.14707845052083332 0.025504782146652496
1 0.9604166666666667 0.8929994686503719 0.07916666666666666 0.05100956429330499
1 0.9609781901041666 0.8929994686503719 0.07804361979166667 0.025504782146652496
1 0.9708333333333333 0.9234856535600425 0.03333333333333333 0.06801275239107332
1 0.9708333333333333 0.9234856535600425 0.0125 0.025504782146652496
13 0.00026041666666666666 0.0005313496280552603 0.0005208333333333333 0.0010626992561105207
