5 0.5 0.4596008235919235 0.19166666666666668 0.05951115834218916
2 0.5 0.4596008235919235 0.19166666666666668 0.05951115834218916
0 0.42730305989583334 0.5095476886291179 0.04627278645833333 0.021253985122210415
0 0.47543131510416664 0.5988144261424017 0.12306315104166667 0.021253985122210415
1 0.5756795247395833 0.6657644792773645 0.0403076171875 0.03825717321997875
0 0.42943929036458334 0.6657644792773645 0.058878580729166664 0.03825717321997875
8 0.42109375 0.7911795961742827 0.0921875 0.05100956429330499
0 0.5393961588541667 0.7911795961742827 0.029524739583333334 0.05100956429330499
0 0.5727376302083333 0.7911795961742827 0.037158203125 0.05100956429330499
0 0.6081583658854167 0.7911795961742827 0.03368326822916667 0.05100956429330499
