0 0.015104166666666667 0.018065887353878853 0.021875 0.019128586609989374
0 0.19359944661458334 0.031880977683315624 0.07469889322916666 0.06376195536663125
1 0.25973714192708336 0.031880977683315624 0.057576497395833336 0.06376195536663125
1 0.31850992838541664 0.031880977683315624 0.05996907552083333 0.06376195536663125
1 0.37076416015625 0.031880977683315624 0.044539388020833334 0.06376195536663125
0 0.41467692057291666 0.031880977683315624 0.0432861328125 0.06376195536663125
1 0.46783040364583334 0.031880977683315624 0.06302083333333333 0.06376195536663125
1 0.7105387369791667 0.031880977683315624 0.05302734375 0.06376195536663125
1 0.7904012044270833 0.031880977683315624 0.10669759114583334 0.06376195536663125
0 0.7324991861979167 0.09723698193411265 0.04605305989583333 0.022316684378320937
2 0.28958333333333336 0.6124219580233794 0.15625 0.05311835812964931
1 0.41878662109375 0.6124219580233794 0.08548990885416667 0.05311835812964931
1 0.41878662109375 0.6124219580233794 0.08548990885416667 0.05311835812964931
1 0.2443359375 0.6804264080765143 0.06575520833333333 0.031880977683315624
0 0.2443359375 0.6814891073326249 0.06575520833333333 0.02763018065887354
0 0.2548583984375 0.9739472635494155 0.125 0.019128586609989374
1 0.7682210286458333 0.9486915515409139 0.43779296875 0.0750365302869288
1 0.6849365234375 0.9470975026567482 0.06875 0.04209285334750266
1 0.7632364908854167 0.9470975026567482 0.0700927734375 0.044218251859723695
1 0.8431315104166667 0.9470975026567482 0.07194010416666667 0.044218251859723695
1 0.9804117838541667 0.9455034537725824 0.022916666666666665 0.04675876726886291
