0 0.65928955078125 0.02497343251859724 0.08868001302083334 0.01700318809776833
1 0.9885416666666667 0.023379383634431455 0.022916666666666665 0.04675876726886291
0 0.03203125 0.08289054197662062 0.04739583333333333 0.02763018065887354
1 0.09752604166666666 0.08289054197662062 0.048177083333333336 0.031880977683315624
0 0.14308520952860515 0.13011798189753046 0.1352537473042806 0.05020408346599777
0 0.14308520952860515 0.1803220532019004 0.1352537473042806 0.0502040591427421
0 0.14308520952860515 0.2305261204523944 0.1352537473042806 0.050204075358245885
0 0.14308520952860515 0.28073020391839215 0.1352537473042806 0.050204091573749665
0 0.14308520952860515 0.3309342711688862 0.1352537473042806 0.05020404292723831
0 0.14308520952860515 0.38113833031162825 0.1352537473042806 0.050204075358245885
0 0.14308520952860515 0.43134240566987414 0.1352537473042806 0.050204075358245885
0 0.14308520952860515 0.48154648102812003 0.1352537473042806 0.050204075358245885
1 0.1432861328125 0.08289054197662062 0.04334309895833333 0.031880977683315624
0 0.16486910184224446 0.12176673799974885 0.08246736526489258 0.03350159567043454
0 0.16486910184224446 0.15526832961630746 0.08246736526489258 0.03350158756268265
0 0.16486910184224446 0.188769925286742 0.08246736526489258 0.03350160377818644
0 0.16486910184224446 0.22227152095717653 0.08246736526489258 0.03350158756268265
0 0.16486910184224446 0.2557731166276111 0.08246736526489258 0.03350160377818644
0 0.16486910184224446 0.28927471229804563 0.08246736526489258 0.03350158756268265
0 0.16486910184224446 0.32277629986072826 0.08246736526489258 0.03350158756268265
0 0.16486910184224446 0.3562779036389147 0.08246736526489258 0.033501619993690224
1 0.19437662760416666 0.08289054197662062 0.058837890625 0.031880977683315624
0 0.19905924797058105 0.12176673799974885 0.0641614596048991 0.03350159567043454
0 0.19905924797058105 0.15526832961630746 0.0641614596048991 0.03350158756268265
0 0.19905924797058105 0.188769925286742 0.0641614596048991 0.03350160377818644
0 0.19905924797058105 0.22227152095717653 0.0641614596048991 0.03350158756268265
1 0.25182698567708334 0.08289054197662062 0.05606282552083333 0.031880977683315624
0 0.27431640625 0.12176673799974885 0.09699999491373698 0.03350159567043454
0 0.27431640625 0.15526832961630746 0.09699999491373698 0.03350158756268265
0 0.27431640625 0.188769925286742 0.09699999491373698 0.03350160377818644
0 0.27641223271687826 0.24623804366043853 0.04332949320475261 0.016493096995176343
0 0.2979736328125 0.08289054197662062 0.03623046875 0.031880977683315624
0 0.8436075846354166 0.08289054197662062 0.07080891927083334 0.031880977683315624
0 0.9064697265625 0.08289054197662062 0.033040364583333336 0.031880977683315624
1 0.9599324544270833 0.08289054197662062 0.06346842447916666 0.031880977683315624
1 0.2150634765625 0.5032047024442083 0.08221028645833334 0.04782146652497343
1 0.30320638020833335 0.5032047024442083 0.0857421875 0.04782146652497343
