0 0.20208333333333334 0.04249966790648246 0.09166666666666666 0.0415615037194474
0 0.29839680989583334 0.04357066950053135 0.067626953125 0.040382571732199786
1 0.36781005859375 0.04249966790648246 0.04619954427083333 0.023794500531349627
0 0.42033284505208335 0.04357066950053135 0.03384602864583333 0.040382571732199786
0 0.4761555989583333 0.04357066950053135 0.05279947916666667 0.040382571732199786
0 0.6575154622395833 0.04357066950053135 0.0367431640625 0.040382571732199786
1 0.7192911783854167 0.04250797024442083 0.0701416015625 0.044633368756641874
1 0.80322265625 0.04250797024442083 0.0810546875 0.044633368756641874
1 0.5 0.534836609989373 0.16666666666666666 0.07332624867162593
0 0.49999593098958334 0.6198525504782146 0.1485107421875 0.022316684378320937
1 0.045182291666666666 0.860562234325186 0.09036458333333333 0.27887553134962806
1 0.17604166666666668 0.860562234325186 0.14635416666666667 0.27887553134962806
1 0.33489583333333334 0.860562234325186 0.14635416666666667 0.27887553134962806
1 0.49375 0.860562234325186 0.14635416666666667 0.27887553134962806
1 0.6526041666666667 0.860562234325186 0.14635416666666667 0.27887553134962806
1 0.8114583333333333 0.860562234325186 0.14635416666666667 0.27887553134962806
1 0.9485677083333334 0.860562234325186 0.10286458333333333 0.27887553134962806
1 0.6247721354166667 0.34819175079702447 0.08274739583333333 0.02910799681190223
0 0.5216878255208334 0.5694407545164718 0.04192708333333333 0.01700318809776833
1 0.41692708333333334 0.6397781615302869 0.16197916666666667 0.044633368756641874
1 0.5830729166666667 0.6397781615302869 0.16197916666666667 0.044633368756641874
