0 0.20572916666666666 0.04091392136025505 0.052083333333333336 0.04782146652497343
1 0.2711181640625 0.0418105738575983 0.04015299479166667 0.020191285866099893
0 0.30069173177083336 0.1312018464399575 0.115966796875 0.04790448990435707
0 0.30069173177083336 0.19610952444208288 0.115966796875 0.04790448990435707
0 0.30069173177083336 0.2610172024442083 0.115966796875 0.04790448990435707
0 0.30069173177083336 0.32592488044633366 0.115966796875 0.04790448990435707
0 0.30069173177083336 0.3908325584484591 0.115966796875 0.04790448990435707
0 0.4249959309895833 0.1312018464399575 0.11597493489583334 0.04790448990435707
0 0.4249959309895833 0.20767468119022317 0.11597493489583334 0.07103480340063761
0 0.4249959309895833 0.2841475159404888 0.11597493489583334 0.04790448990435707
0 0.4249959309895833 0.34905519394261425 0.11597493489583334 0.04790448990435707
0 0.4249959309895833 0.47109956163655686 0.11597493489583334 0.04790448990435707
0 0.4249959309895833 0.5360072396386822 0.11597493489583334 0.04790448990435707
0 0.4249959309895833 0.6009149176408076 0.11597493489583334 0.04790448990435707
0 0.54930419921875 0.14276700318809776 0.11597493489583334 0.07103480340063761
0 0.54930419921875 0.26706130446333687 0.11597493489583334 0.04790448990435707
0 0.54930419921875 0.33196898246546225 0.11597493489583334 0.04790448990435707
0 0.54930419921875 0.408441817215728 0.11597493489583334 0.07103480340063761
0 0.2666097005208333 0.6882638150903294 0.047802734375 0.024774176408076515
0 0.32941080729166666 0.6882638150903294 0.06009114583333333 0.024774176408076515
0 0.67421875 0.2184345111583422 0.10052083333333334 0.23937300743889478
0 0.6495686848958333 0.3875365302869288 0.051220703125 0.020191285866099893
0 0.64888916015625 0.42790249734325186 0.04986165364583333 0.020191285866099893
0 0.6456136067708333 0.4682684643995749 0.043310546875 0.020191285866099893
1 0.32548828125 0.0418105738575983 0.04358723958333333 0.020191285866099893
0 0.35 0.11963668969181722 0.10927734375 0.024774176408076515
0 0.35 0.16141405419766205 0.10927734375 0.024774176408076515
0 0.35 0.2031914187035069 0.10927734375 0.024774176408076515
0 0.35 0.24496878320935175 0.10927734375 0.024774176408076515
0 0.35 0.2867461477151966 0.10927734375 0.024774176408076515
0 0.35 0.3285235122210414 0.10927734375 0.024774176408076515
0 0.35 0.3703008767268863 0.10927734375 0.024774176408076515
0 0.35 0.4120782412327311 0.10927734375 0.024774176408076515
0 0.4676106770833333 0.11963668969181722 0.10927734375 0.024774176408076515
0 0.4676106770833333 0.16141405419766205 0.10927734375 0.024774176408076515
0 0.4676106770833333 0.2031914187035069 0.10927734375 0.024774176408076515
0 0.4676106770833333 0.24496878320935175 0.10927734375 0.024774176408076515
0 0.4676106770833333 0.2867461477151966 0.10927734375 0.024774176408076515
0 0.4676106770833333 0.3285235122210414 0.10927734375 0.024774176408076515
0 0.4676106770833333 0.3703008767268863 0.10927734375 0.024774176408076515
0 0.4676106770833333 0.4120782412327311 0.10927734375 0.024774176408076515
0 0.3192626953125 0.5353513549415515 0.047802734375 0.024774176408076515
0 0.38206380208333335 0.5353513549415515 0.06009114583333333 0.024774176408076515
0 0.61075439453125 0.5353513549415515 0.058211263020833334 0.024774176408076515
0 0.706787109375 0.23082159936238045 0.10052083333333334 0.26414718384697133
0 0.6895426432291667 0.4123107066950053 0.06603190104166666 0.020191285866099893
0 0.6659952799479166 0.45267667375132836 0.018937174479166666 0.020191285866099893
0 0.679345703125 0.4930426408076514 0.045638020833333334 0.020191285866099893
0 0.6653157552083333 0.5334086078639745 0.017578125 0.020191285866099893
0 0.37881673177083336 0.04197662061636557 0.038069661458333334 0.024774176408076515
1 0.4334798177083333 0.0418105738575983 0.04625651041666667 0.020191285866099893
0 0.3476765950520833 0.07950318809776834 0.09131673177083334 0.024774176408076515
0 0.44732666015625 0.07950318809776834 0.09131673177083334 0.024774176408076515
0 0.5469767252604166 0.07950318809776834 0.09131673177083334 0.024774176408076515
0 0.3476765950520833 0.12128055260361317 0.09131673177083334 0.024774176408076515
0 0.44732666015625 0.12128055260361317 0.09131673177083334 0.024774176408076515
0 0.5469767252604166 0.12128055260361317 0.09131673177083334 0.024774176408076515
0 0.3476765950520833 0.16305791710945802 0.09131673177083334 0.024774176408076515
0 0.44732666015625 0.16305791710945802 0.09131673177083334 0.024774176408076515
0 0.5469767252604166 0.16305791710945802 0.09131673177083334 0.024774176408076515
0 0.3476765950520833 0.20483528161530287 0.09131673177083334 0.024774176408076515
0 0.44732666015625 0.20483528161530287 0.09131673177083334 0.024774176408076515
0 0.3259195963541667 0.4298452444208289 0.047802734375 0.024774176408076515
0 0.388720703125 0.4298452444208289 0.06009114583333333 0.024774176408076515
0 0.6595703125 0.2184345111583422 0.10052083333333334 0.23937300743889478
0 0.6308512369791667 0.3875365302869288 0.04308268229166667 0.020191285866099893
0 0.642138671875 0.42790249734325186 0.06565755208333333 0.020191285866099893
0 0.48191731770833335 0.04197662061636557 0.025618489583333334 0.024774176408076515
1 0.603857421875 0.04303931987247609 0.010416666666666666 0.025504782146652496
0 0.6342814127604167 0.04091392136025505 0.025431315104166668 0.03719447396386823
1 0.7049763997395834 0.04091392136025505 0.0742919921875 0.04782146652497343
1 0.78642578125 0.04091392136025505 0.0677734375 0.04782146652497343
1 0.5 0.22446200850159406 0.0927734375 0.06057385759829968
0 0.3660074869791667 0.9540714665249734 0.062337239583333336 0.019128586609989374
0 0.29977620442708336 0.9770357332624867 0.08895670572916667 0.019128586609989374
1 0.7677571614583333 0.9381309776833157 0.09114583333333333 0.039967454835281614
1 0.670361328125 0.9381309776833157 0.09114583333333333 0.039967454835281614
