0 0.225 0.04250797024442083 0.06458333333333334 0.036131774707757705
0 0.3396240234375 0.04250797024442083 0.046793619791666664 0.04675876726886291
0 0.3880411783854167 0.04250797024442083 0.029207356770833335 0.04675876726886291
0 0.4339396158854167 0.04250797024442083 0.04175618489583333 0.04675876726886291
0 0.48310546875 0.04250797024442083 0.0357421875 0.04675876726886291
0 0.5284016927083334 0.04250797024442083 0.034016927083333336 0.04675876726886291
0 0.5758626302083333 0.04250797024442083 0.04007161458333333 0.04675876726886291
0 0.6196085611979166 0.04250797024442083 0.0265869140625 0.04675876726886291
0 0.6627604166666666 0.04250797024442083 0.03888346354166667 0.04675876726886291
1 0.7770751953125 0.04250797024442083 0.06041666666666667 0.040382571732199786
1 0.7640462239583333 0.04250797024442083 0.03435872395833333 0.040382571732199786
1 0.41116943359375 0.9128586609989373 0.13184407552083333 0.05951115834218916
1 0.57216796875 0.9128586609989373 0.16515299479166667 0.05951115834218916
