0 0.20885416666666667 0.048767933049946866 0.042708333333333334 0.021253985122210415
0 0.27177734375 0.036131774707757705 0.05813802083333333 0.021253985122210415
0 0.3221638997395833 0.036131774707757705 0.04263509114583333 0.021253985122210415
0 0.3623779296875 0.036131774707757705 0.03779296875 0.021253985122210415
0 0.39673258463541666 0.036131774707757705 0.030916341145833335 0.021253985122210415
0 0.43911539713541664 0.036131774707757705 0.053849283854166666 0.021253985122210415
0 0.4866455078125 0.036131774707757705 0.0412109375 0.021253985122210415
1 0.5197509765625 0.03719447396386823 0.025 0.05100956429330499
2 0.6498046875 0.03400637619553666 0.078125 0.05645589798087142
0 0.7165974934895833 0.03294367693942614 0.049210611979166666 0.021253985122210415
1 0.7165974934895833 0.03400637619553666 0.049210611979166666 0.03825717321997875
0 0.7768513997395833 0.03294367693942614 0.05463053385416667 0.021253985122210415
1 0.7768513997395833 0.03400637619553666 0.05463053385416667 0.03825717321997875
0 0.9250203450520833 0.9750265674814028 0.05223795572916667 0.024442082890541977
0 0.23900146484375 0.4718384697130712 0.1030029296875 0.03825717321997875
1 0.23900146484375 0.4718384697130712 0.1030029296875 0.03825717321997875
0 0.34104817708333335 0.4718384697130712 0.09275716145833333 0.03825717321997875
1 0.34104817708333335 0.4718384697130712 0.09275716145833333 0.03825717321997875
1 0.2875 0.7970244420828906 0.2 0.10626992561105207
1 0.5 0.7970244420828906 0.2 0.10626992561105207
1 0.7125 0.7970244420828906 0.2 0.10626992561105207
1 0.21881103515625 0.9032943676939427 0.0626220703125 0.03825717321997875
