1 0.023958333333333335 0.03166511689691817 0.027083333333333334 0.04207624867162593
0 0.08098958333333334 0.031656814558979805 0.0703125 0.041461875664187034
2 0.20677083333333332 0.03166511689691817 0.15625 0.04207624867162593
1 0.275 0.030917906482465462 0.019791666666666666 0.039319872476089264
0 0.40495198567708335 0.031656814558979805 0.05170084635416667 0.041229410201912856
0 0.46195068359375 0.031656814558979805 0.062296549479166664 0.041229410201912856
0 0.532080078125 0.031656814558979805 0.07796223958333333 0.041229410201912856
0 0.5931884765625 0.031656814558979805 0.04425455729166667 0.041229410201912856
0 0.81580810546875 0.031656814558979805 0.0993408203125 0.04079768862911796
1 0.875634765625 0.031656814558979805 0.018229166666666668 0.04079768862911796
1 0.94080810546875 0.031656814558979805 0.0975341796875 0.04079768862911796
1 0.43660074869791665 0.42474760892667374 0.1163818359375 0.05419766206163656
1 0.56732177734375 0.42474760892667374 0.12422688802083333 0.05419766206163656
0 0.49999593098958334 0.49095045164718387 0.1105712890625 0.02719845908607864
0 0.026753743489583332 0.6176773379383634 0.0430908203125 0.018065887353878853
0 0.3240437825520833 0.6662875265674814 0.048234049479166666 0.03442149309245483
0 0.371826171875 0.6662875265674814 0.04212239583333333 0.03442149309245483
0 0.42801513671875 0.6662875265674814 0.06504720052083333 0.03442149309245483
0 0.48954671223958335 0.6662875265674814 0.0528076171875 0.03442149309245483
0 0.5434285481770833 0.6662875265674814 0.04974772135416667 0.03442149309245483
0 0.6012491861979167 0.6662875265674814 0.060685221354166666 0.03442149309245483
0 0.6606201171875 0.6662875265674814 0.05284830729166667 0.03442149309245483
0 0.08332926432291667 0.7861649840595112 0.15624186197916667 0.1594048884165781
0 0.24998779296875 0.7861649840595112 0.15624186197916667 0.1594048884165781
0 0.4166463216145833 0.7861649840595112 0.15624186197916667 0.1594048884165781
0 0.5833048502604167 0.7861649840595112 0.15624186197916667 0.1594048884165781
0 0.74996337890625 0.7861649840595112 0.15624186197916667 0.1594048884165781
0 0.9166219075520833 0.7861649840595112 0.15624186197916667 0.1594048884165781
0 0.125 0.9414353081827843 0.23958333333333334 0.11712938363443146
0 0.375 0.9414353081827843 0.23958333333333334 0.11712938363443146
0 0.625 0.9414353081827843 0.23958333333333334 0.11712938363443146
0 0.875 0.9414353081827843 0.23958333333333334 0.11712938363443146
0 0.8812418619791667 0.9175411795961743 0.06805013020833334 0.019128586609989374
