0 0.21197916666666666 0.03825717321997875 0.0625 0.04250797024442083
1 0.592333984375 0.03825717321997875 0.03720703125 0.05100956429330499
1 0.6223958333333334 0.03825717321997875 0.022916666666666665 0.05100956429330499
0 0.6453125 0.03825717321997875 0.022916666666666665 0.05100956429330499
1 0.7015625 0.03825717321997875 0.07291666666666667 0.04250797024442083
1 0.7015584309895834 0.03825717321997875 0.04393717447916667 0.01700318809776833
1 0.7828125 0.03825717321997875 0.07291666666666667 0.04250797024442083
1 0.7828125 0.03825717321997875 0.04453125 0.01700318809776833
1 0.27770589192708334 0.03825717321997875 0.04395345052083333 0.05100956429330499
1 0.3228963216145833 0.03825717321997875 0.046427408854166664 0.05100956429330499
1 0.37229817708333335 0.03825717321997875 0.05237630208333333 0.05100956429330499
1 0.42361653645833336 0.03825717321997875 0.05026041666666667 0.05100956429330499
0 0.4676106770833333 0.03825717321997875 0.03772786458333333 0.05100956429330499
0 0.5020589192708333 0.03825717321997875 0.031168619791666668 0.05100956429330499
0 0.20475260416666666 0.1073326248671626 0.051171875 0.021253985122210415
0 0.54237060546875 0.10786397449521785 0.030721028645833332 0.018065887353878853
0 0.59095458984375 0.10786397449521785 0.04144694010416667 0.018065887353878853
0 0.65562744140625 0.10786397449521785 0.04727376302083333 0.018065887353878853
0 0.7118611653645833 0.10786397449521785 0.024568684895833335 0.018065887353878853
0 0.7655924479166667 0.10786397449521785 0.04226888020833333 0.018065887353878853
0 0.8160196940104166 0.10786397449521785 0.017960611979166666 0.018065887353878853
1 0.2136474609375 0.7247608926673751 0.077294921875 0.053134962805526036
1 0.2136474609375 0.7247608926673751 0.050211588541666664 0.025504782146652496
1 0.2964558919270833 0.7250431721572795 0.06332194010416667 0.027862646121147715
1 0.28942464192708334 0.7256907545164718 0.04925944010416667 0.022316684378320937
1 0.21336669921875 0.7895855472901169 0.0767333984375 0.025504782146652496
1 0.21961669921875 0.7895855472901169 0.0642333984375 0.025504782146652496
