0 0.24665934244791668 0.039851222104144525 0.10165201822916667 0.06376195536663125
0 0.34630940755208334 0.039842919766206165 0.06639811197916666 0.06563828374070138
0 0.42752278645833336 0.039842919766206165 0.06477864583333333 0.06563828374070138
0 0.49864095052083335 0.039842919766206165 0.04620768229166667 0.06563828374070138
0 0.5506795247395834 0.039842919766206165 0.026619466145833333 0.06563828374070138
0 0.7257486979166666 0.039842919766206165 0.023356119791666668 0.06563828374070138
1 0.7786092122395833 0.04357066950053135 0.05111490885416667 0.040382571732199786
1 0.34375 0.4463336875664187 0.29583333333333334 0.04250797024442083
1 0.22419026692708333 0.4463336875664187 0.0567138671875 0.04250797024442083
0 0.39374186197916666 0.9426142401700319 0.1875 0.11477151965993623
