0 0.5180305957794189 0.5717238974495218 0.028603521982828777 0.009564293304994687
0 0.4800765037536621 0.5825634428342521 0.02410157521565755 0.009564293304994687
1 0.49999593098958334 0.6162875395398845 0.1291650136311849 0.026002922422954305
1 0.49999593098958334 0.6499419095792375 0.1291650136311849 0.026002922422954305
5 0.49999593098958334 0.7207724624941884 0.1291650136311849 0.012503320935175345
2 0.49999593098958334 0.7402846430617361 0.1291650136311849 0.021420031880977682
5 0.49999593098958334 0.7674482063836676 0.1291650136311849 0.012503320935175345
2 0.49999593098958334 0.7869603869512155 0.1291650136311849 0.021420031880977682
1 0.5592659632364909 0.7870898839644493 0.005625025431315104 0.011477138993590595
1 0.49999593098958334 0.8262935237094016 0.1291650136311849 0.024090076734358395
0 0.49073812166849773 0.8587423683352983 0.011459954579671224 0.010201951775870084
1 0.5666487693786622 0.5181638452122492 0.010859362284342448 0.026142408186520322
0 0.2140625 0.030818278427205102 0.08645833333333333 0.05526036131774708
0 0.27301025390625 0.030818278427205102 0.03143717447916667 0.030818278427205102
0 0.31124674479166664 0.030818278427205102 0.040869140625 0.030818278427205102
0 0.35711263020833334 0.030818278427205102 0.04669596354166667 0.030818278427205102
2 0.5673421223958334 0.030818278427205102 0.3654296875 0.034637353878852285
1 0.7697062174479167 0.030818278427205102 0.030965169270833332 0.03506907545164718
1 0.8050944010416666 0.030818278427205102 0.03564453125 0.03506907545164718
1 0.45166341463724774 0.5768431319947197 0.019999980926513672 0.019128586609989374
1 0.4797957420349121 0.5768431319947197 0.02626463572184245 0.019128586609989374
1 0.502722978591919 0.5768431319947197 0.009589862823486329 0.019128586609989374
1 0.5222639878590901 0.5768431319947197 0.019492181142171223 0.019128586609989374
1 0.5437605539957683 0.5768431319947197 0.0135009765625 0.019128586609989374
1 0.4524446646372477 0.606173605518564 0.021562480926513673 0.019128586609989374
1 0.4753621419270833 0.606173605518564 0.014272435506184896 0.019128586609989374
1 0.49632649421691893 0.606173605518564 0.017656230926513673 0.019128586609989374
1 0.5163850943247478 0.606173605518564 0.012460931142171224 0.019128586609989374
1 0.5380086263020833 0.606173605518564 0.020786158243815103 0.019128586609989374
1 0.4550545374552409 0.6355041439044234 0.0267822265625 0.019128586609989374
1 0.4795442740122477 0.6355041439044234 0.012197271982828776 0.019128586609989374
1 0.49374348322550454 0.6355041439044234 0.006201171875 0.019128586609989374
1 0.5083284536997478 0.6355041439044234 0.012968730926513673 0.019128586609989374
1 0.5304671287536621 0.6355041439044234 0.02130858103434245 0.019128586609989374
1 0.45127766927083335 0.6648346174282678 0.019228490193684895 0.019128586609989374
1 0.4810994466145833 0.6648346174282678 0.03041502634684245 0.019128586609989374
1 0.5229012171427408 0.6648346174282678 0.0431884765625 0.019128586609989374
1 0.4472395896911621 0.6941651558141273 0.011152331034342449 0.019128586609989374
1 0.46586995124816893 0.6941651558141273 0.01610841751098633 0.019128586609989374
1 0.48450032869974774 0.6941651558141273 0.011152362823486328 0.019128586609989374
1 0.5033870379130045 0.6941651558141273 0.01662108103434245 0.019128586609989374
1 0.5265730698903401 0.6941651558141273 0.019750944773356118 0.019128586609989374
8 0.49874595006306965 0.7481137153066053 0.11416505177815756 0.022954342849196334
2 0.5026521841684978 0.7481137153066053 0.10004396438598633 0.01657814731253321
1 0.49874595006306965 0.7869387554691651 0.11416505177815756 0.024090076734358395
1 0.557898743947347 0.5181721475501876 0.010859362284342448 0.026142408186520322
0 0.21354166666666666 0.10255047821466524 0.08541666666666667 0.03506907545164718
0 0.21354166666666666 0.13761955366631243 0.08541666666666667 0.03506907545164718
0 0.21354166666666666 0.17268862911795962 0.08541666666666667 0.03506907545164718
0 0.21354166666666666 0.2332624867162593 0.08541666666666667 0.03506907545164718
0 0.21354166666666666 0.2683315621679065 0.08541666666666667 0.03506907545164718
1 0.215625 0.3275106269925611 0.08125 0.015276301806588736
0 0.21354166666666666 0.3611849096705632 0.08541666666666667 0.03506907545164718
0 0.21354166666666666 0.39625398512221044 0.08541666666666667 0.03506907545164718
1 0.215625 0.455433049946865 0.08125 0.015276301806588736
0 0.20705973307291667 0.5090329436769394 0.06411946614583333 0.01381509032943677
1 0.311572265625 0.32729476620616366 0.03564453125 0.040150106269925614
1 0.37509358723958336 0.32729476620616366 0.08306477864583334 0.040150106269925614
1 0.78140869140625 0.4582558448459086 0.08301595052083334 0.040150106269925614
1 0.31953531901041665 0.6806588735387885 0.06719563802083334 0.030818278427205102
1 0.38233642578125 0.6806588735387885 0.0500732421875 0.030818278427205102
1 0.3340657552083333 0.9361716259298618 0.09625651041666666 0.030818278427205102
0 0.10850016276041667 0.8333886822529224 0.0408935546875 0.015940488841657812
1 0.11805419921875 0.9000398512221042 0.1861083984375 0.09790116896918172
1 0.0704833984375 0.8798153560042508 0.090966796875 0.0404489904357067
1 0.16561686197916667 0.8798153560042508 0.090966796875 0.0404489904357067
1 0.11805419921875 0.9287659404888416 0.1861083984375 0.0404489904357067
