1 0.01953125 0.0281615302869288 0.0390625 0.0563230605738576
1 0.06575927734375 0.02975557917109458 0.0533935546875 0.05951115834218916
1 0.11966552734375 0.02975557917109458 0.0544189453125 0.05951115834218916
1 0.1779052734375 0.02975557917109458 0.062060546875 0.05951115834218916
1 0.23477376302083333 0.02975557917109458 0.051676432291666664 0.05951115834218916
5 0.2645182291666667 0.010095642933049946 0.0005208333333333333 0.0010626992561105207
2 0.3103515625 0.02975557917109458 0.09114583333333333 0.03825717321997875
1 0.3465494791666667 0.02975557917109458 0.017708333333333333 0.036131774707757705
1 0.3736328125 0.02922422954303932 0.01875 0.03719447396386823
1 0.9630208333333333 0.02975557917109458 0.058333333333333334 0.04250797024442083
1 0.9299479166666667 0.02975557917109458 0.0484375 0.04250797024442083
1 0.86409912109375 0.02975557917109458 0.07284342447916667 0.04250797024442083
1 0.7956258138020833 0.02975557917109458 0.0536865234375 0.04250797024442083
1 0.7269246419270833 0.02975557917109458 0.07329915364583334 0.04250797024442083
1 0.6629964192708333 0.02975557917109458 0.044140625 0.04250797024442083
0 0.018233235677083334 0.07678002125398513 0.03646647135416667 0.03453772582359192
0 0.051835123697916666 0.07678002125398513 0.029695638020833335 0.03453772582359192
0 0.09742838541666667 0.07678002125398513 0.06044921875 0.03453772582359192
0 0.14334716796875 0.07678002125398513 0.0303466796875 0.03453772582359192
0 0.18215738932291667 0.07678002125398513 0.04623209635416667 0.03453772582359192
0 0.22267659505208334 0.07678002125398513 0.0337646484375 0.03453772582359192
0 0.25564371744791664 0.07678002125398513 0.0311279296875 0.03453772582359192
0 0.2946695963541667 0.07678002125398513 0.045882161458333334 0.03453772582359192
0 0.33974609375 0.07678002125398513 0.043229166666666666 0.03453772582359192
0 0.37218831380208334 0.07678002125398513 0.020613606770833334 0.03453772582359192
0 0.3977254231770833 0.07678002125398513 0.0294189453125 0.03453772582359192
0 0.4254638671875 0.07678002125398513 0.025016276041666667 0.03453772582359192
0 0.4686279296875 0.07678002125398513 0.06027018229166667 0.03453772582359192
0 0.5190226236979166 0.07678002125398513 0.0394775390625 0.03453772582359192
0 0.5596150716145833 0.07678002125398513 0.040665690104166666 0.03453772582359192
0 0.6029744466145833 0.07678002125398513 0.04501139322916667 0.03453772582359192
0 0.64530029296875 0.07678002125398513 0.0385986328125 0.03453772582359192
0 0.68045654296875 0.07678002125398513 0.030672200520833335 0.03453772582359192
0 0.7194661458333333 0.07678002125398513 0.046305338541666664 0.03453772582359192
0 0.76417236328125 0.07678002125398513 0.0420654296875 0.03453772582359192
0 0.8083455403645833 0.07678002125398513 0.0452392578125 0.03453772582359192
0 0.85440673828125 0.07678002125398513 0.04584147135416667 0.03453772582359192
0 0.88814697265625 0.07678002125398513 0.020597330729166665 0.03453772582359192
0 0.9293294270833333 0.07678002125398513 0.06072591145833333 0.03453772582359192
0 0.9801066080729167 0.07678002125398513 0.03978678385416667 0.03453772582359192
2 0.4739583333333333 0.40993623804463336 0.20833333333333334 0.05047821466524974
1 0.6041666666666666 0.40993623804463336 0.052083333333333336 0.05047821466524974
0 0.49999593098958334 0.48459086078639746 0.13407389322916666 0.030818278427205102
1 0.3723876953125 0.9665083687566419 0.10416666666666667 0.04569606801275239
