0 0.6186197916666667 0.028692879914984058 0.03216145833333333 0.021253985122210415
0 0.175 0.09138383368756642 0.08333333333333333 0.03060241764080765
0 0.25134684244791666 0.09139213602550478 0.052693684895833336 0.04675876726886291
0 0.30388997395833334 0.09139213602550478 0.035725911458333336 0.04675876726886291
0 0.3424886067708333 0.09139213602550478 0.0248046875 0.04675876726886291
0 0.39468180338541664 0.09139213602550478 0.0629150390625 0.04675876726886291
0 0.44736328125 0.09139213602550478 0.02578125 0.04675876726886291
1 0.4832356770833333 0.09139213602550478 0.029296875 0.04675876726886291
5 0.7186360677083333 0.09139213602550478 0.0005208333333333333 0.0010626992561105207
2 0.7397298177083333 0.09139213602550478 0.041666666666666664 0.03400637619553666
1 0.748486328125 0.09139213602550478 0.0125 0.025504782146652496
1 0.748486328125 0.09139213602550478 0.0125 0.025504782146652496
1 0.6957967122395833 0.09139213602550478 0.0378662109375 0.02975557917109458
1 0.6957967122395833 0.09139213602550478 0.0378662109375 0.02975557917109458
0 0.7790201822916667 0.09139213602550478 0.020247395833333334 0.03400637619553666
1 0.8320719401041666 0.09139213602550478 0.069189453125 0.03400637619553666
1 0.8320719401041666 0.09139213602550478 0.069189453125 0.03400637619553666
0 0.4649251302083333 0.34069473963868224 0.016536458333333334 0.021253985122210415
0 0.48953450520833336 0.34069473963868224 0.023453776041666666 0.021253985122210415
0 0.5431681315104167 0.34069473963868224 0.0407470703125 0.021253985122210415
5 0.33307291666666666 0.4230539319872476 0.0005208333333333333 0.0010626992561105207
2 0.5 0.4597170563230606 0.3333333333333333 0.07226354941551541
1 0.6479166666666667 0.45759165781083955 0.0125 0.06801275239107332
1 0.6479166666666667 0.45759165781083955 0.0125 0.025504782146652496
0 0.38958333333333334 0.6563828374070139 0.19479166666666667 0.02975557917109458
0 0.38958333333333334 0.7018630446333688 0.19479166666666667 0.0612048352816153
0 0.6104166666666667 0.6563828374070139 0.19479166666666667 0.02975557917109458
0 0.6104166666666667 0.7018630446333688 0.19479166666666667 0.0612048352816153
0 0.38958333333333334 0.8786862380446334 0.19479166666666667 0.02975557917109458
0 0.3674560546875 0.9088652364505845 0.150537109375 0.03060241764080765
0 0.6104166666666667 0.8786862380446334 0.19479166666666667 0.02975557917109458
0 0.5721354166666667 0.9088652364505845 0.11822916666666666 0.03060241764080765
