0 0.00026041666666666666 0.0005313496280552603 0.0005208333333333333 0.0010626992561105207
0 0.5788167317708334 0.021785334750265676 0.09930013020833334 0.018065887353878853
1 0.9708333333333333 0.022051009564293306 0.008333333333333333 0.015940488841657812
0 0.025 0.08235919234856535 0.016666666666666666 0.03719447396386823
11 0.06598307291666666 0.08235919234856535 0.0486328125 0.04250797024442083
1 0.06598307291666666 0.08235919234856535 0.0486328125 0.04250797024442083
8 0.16875001589457195 0.3905527274996264 0.2681250254313151 0.5974455133127989
0 0.10341467459996541 0.15178986892943427 0.11270434061686198 0.06942033919720543
0 0.10341467459996541 0.22121020001888783 0.11270434061686198 0.06942032298170164
0 0.10341467459996541 0.29063053110834136 0.11270434061686198 0.06942033919720543
0 0.10341467459996541 0.3600508621977949 0.11270434061686198 0.06942032298170164
0 0.10341467459996541 0.42947118517949656 0.11270434061686198 0.06942032298170164
0 0.10341467459996541 0.4988915081611982 0.11270434061686198 0.06942032298170164
0 0.10341467459996541 0.5683118473584037 0.11270434061686198 0.06942035541270922
0 0.10341467459996541 0.6335239065820936 0.11270434061686198 0.06100376303467056
0 0.23659496307373046 0.1694696164916603 0.07837498982747396 0.03744719259037095
0 0.23659496307373046 0.20691680908203125 0.07837498982747396 0.03744719259037095
13 0.2508471727371216 0.20502636511191552 0.008249998092651367 0.01683315232506974
0 0.23659496307373046 0.2443640097801541 0.07837498982747396 0.03744720880587474
13 0.24254078070322674 0.24247357391779026 0.008249998092651367 0.01683315232506974
0 0.23659496307373046 0.28181121047827695 0.07837498982747396 0.03744719259037095
13 0.2149145523707072 0.2799207665081612 0.008249998092651367 0.01683315232506974
11 0.1171630859375 0.08235919234856535 0.053727213541666666 0.04250797024442083
1 0.1171630859375 0.08235919234856535 0.053727213541666666 0.04250797024442083
8 0.21738282839457193 0.31810772659674713 0.2681250254313151 0.4525555115070404
0 0.13738842407862345 0.1694696164916603 0.08338622252146403 0.03744719259037095
0 0.13738842407862345 0.20691680908203125 0.08338622252146403 0.03744719259037095
0 0.13738842407862345 0.2443640097801541 0.08338622252146403 0.03744720880587474
0 0.13738842407862345 0.33231067556123806 0.08338622252146403 0.037447176374867164
0 0.13738842407862345 0.369757868151609 0.08338622252146403 0.03744720880587474
0 0.13738842407862345 0.40720506074197993 0.08338622252146403 0.037447176374867164
0 0.13738842407862345 0.44465225333235087 0.08338622252146403 0.03744720880587474
0 0.2559096654256185 0.1694696164916603 0.07837498982747396 0.03744719259037095
0 0.2559096654256185 0.20691680908203125 0.07837498982747396 0.03744719259037095
0 0.2559096654256185 0.2443640097801541 0.07837498982747396 0.03744720880587474
0 0.2559096654256185 0.28181121047827695 0.07837498982747396 0.03744719259037095
0 0.2559096654256185 0.319258394960896 0.07837498982747396 0.037447176374867164
0 0.12970239718755086 0.5165055180710764 0.06801416873931884 0.01788521421069673
13 0.15958447456359864 0.5170315490138898 0.008250013987223307 0.01683315232506974
11 0.17320556640625 0.08235919234856535 0.05835774739583333 0.04250797024442083
1 0.17320556640625 0.08235919234856535 0.05835774739583333 0.04250797024442083
8 0.2711100419362386 0.22753084934733245 0.2681250254313151 0.271401757008211
0 0.18729679584503173 0.1694696164916603 0.07574852307637532 0.03744719259037095
0 0.18729679584503173 0.20691680908203125 0.07574852307637532 0.03744719259037095
0 0.18729679584503173 0.2443640097801541 0.07574852307637532 0.03744720880587474
0 0.18729679584503173 0.28181121047827695 0.07574852307637532 0.03744719259037095
0 0.18729679584503173 0.319258394960896 0.07574852307637532 0.037447176374867164
0 0.3227933724721273 0.1694696164916603 0.11996335983276367 0.03744719259037095
13 0.32760318120320636 0.16757917252154456 0.008249982198079427 0.01683315232506974
0 0.3227933724721273 0.20691680908203125 0.11996335983276367 0.03744719259037095
13 0.3729781945546468 0.20502636511191552 0.008250013987223307 0.01683315232506974
0 0.3227933724721273 0.2443640097801541 0.11996335983276367 0.03744720880587474
0 0.3227933724721273 0.28181121047827695 0.11996335983276367 0.03744719259037095
13 0.2934349854787191 0.2799207665081612 0.008250013987223307 0.01683315232506974
11 0.23639322916666666 0.08235919234856535 0.068017578125 0.04250797024442083
1 0.23639322916666666 0.08235919234856535 0.068017578125 0.04250797024442083
8 0.2773844480514526 0.2837016382328889 0.16500000953674315 0.3837433347793239
0 0.2773844480514526 0.14758158084816683 0.14024999936421711 0.06100376303467056
0 0.2773844480514526 0.24330371852635577 0.14024999936421711 0.06100374681916678
0 0.2773844480514526 0.3567055875512669 0.14024999936421711 0.03744720880587474
0 0.2773844480514526 0.3941527801416379 0.14024999936421711 0.037447176374867164
0 0.2773844480514526 0.43159997273200884 0.14024999936421711 0.03744720880587474
11 0.29908854166666665 0.08235919234856535 0.057373046875 0.04250797024442083
1 0.29908854166666665 0.08235919234856535 0.057373046875 0.04250797024442083
8 0.34540202617645266 0.279591980953399 0.16500000953674315 0.37552402022034403
0 0.34540201822916666 0.14758158084816683 0.14025001525878905 0.06100376303467056
0 0.34540201822916666 0.27697003939199905 0.14025001525878905 0.06942033919720543
0 0.34540201822916666 0.3463903542659488 0.14025001525878905 0.06942029055069407
0 0.34540201822916666 0.4116023810586311 0.14025001525878905 0.06100376303467056
11 0.34496663411458334 0.08235919234856535 0.034383138020833336 0.04250797024442083
0 0.34496663411458334 0.08235919234856535 0.034383138020833336 0.04250797024442083
1 0.8133951822916666 0.08235919234856535 0.165625 0.031880977683315624
1 0.9205810546875 0.08235919234856535 0.035205078125 0.03400637619553666
1 0.9638834635416667 0.08235919234856535 0.038899739583333336 0.03400637619553666
5 0.52777099609375 0.5409139213602551 0.6111083984375 0.030818278427205102
2 0.2991943359375 0.5818278427205101 0.153955078125 0.05100956429330499
1 0.4265055338541667 0.5818278427205101 0.10066731770833333 0.05100956429330499
1 0.5659505208333333 0.5818278427205101 0.14384765625 0.05100956429330499
0 0.19874267578125 0.9790116896918172 0.0474853515625 0.04197662061636557
0 0.25143229166666664 0.9790116896918172 0.03289388020833333 0.04197662061636557
0 0.30734049479166664 0.9790116896918172 0.05392252604166667 0.04197662061636557
1 0.6364664713541667 0.9768862911795961 0.14384765625 0.04622741764080765
1 0.7696126302083334 0.9768862911795961 0.11077473958333334 0.04622741764080765
