0 0.008072916666666667 0.01647183846971307 0.016145833333333335 0.03294367693942614
0 0.050520833333333334 0.0281615302869288 0.013541666666666667 0.02763018065887354
0 0.08800048828125 0.0281615302869288 0.03433430989583333 0.04101354941551541
1 0.1316162109375 0.0281615302869288 0.04456380208333333 0.0563230605738576
1 0.20474446614583333 0.0281615302869288 0.093359375 0.0563230605738576
1 0.30323486328125 0.0281615302869288 0.0952880859375 0.0563230605738576
1 0.37354736328125 0.0281615302869288 0.037003580729166666 0.0563230605738576
1 0.9197102864583333 0.0281615302869288 0.020833333333333332 0.03825717321997875
1 0.9452718098958334 0.0281615302869288 0.021956380208333334 0.02719845908607864
2 0.20716959635416668 0.3001461211477152 0.32683919270833334 0.04303931987247609
1 0.40206298828125 0.3001461211477152 0.0546142578125 0.04303931987247609
1 0.07483723958333334 0.9859856535600425 0.062174479166666664 0.028028692879914986
1 0.4022135416666667 0.9859856535600425 0.09192708333333334 0.028028692879914986
1 0.6989705403645833 0.9859856535600425 0.060441080729166666 0.028028692879914986
