0 0.028645833333333332 0.0563230605738576 0.057291666666666664 0.07863974495217853
1 0.028641764322916666 0.10573857598299681 0.027986653645833335 0.020191285866099893
1 0.028645833333333332 0.1636556854410202 0.057291666666666664 0.09564293304994687
0 0.028645833333333332 0.260577178533475 0.057291666666666664 0.0982000531349628
0 0.028645833333333332 0.35452643464399575 0.057291666666666664 0.08969845908607864
0 0.028645833333333332 0.45166378852284805 0.057291666666666664 0.10457624867162593
0 0.028645833333333332 0.5530519394261424 0.057291666666666664 0.0982000531349628
1 0.028645833333333332 0.9017003188097769 0.057291666666666664 0.030818278427205102
1 0.028645833333333332 0.9495217853347503 0.057291666666666664 0.030818278427205102
0 0.8763427734375 0.9521785334750266 0.06310221354166666 0.04250797024442083
1 0.8763427734375 0.9521785334750266 0.06310221354166666 0.04250797024442083
1 0.9400634765625 0.9521785334750266 0.056005859375 0.04250797024442083
0 0.18926188151041667 0.07588336875664187 0.21195475260416666 0.04569606801275239
0 0.4979166666666667 0.8649375664187035 0.093310546875 0.07013815090329437
1 0.4979166666666667 0.8649375664187035 0.08601888020833333 0.05526036131774708
