1 0.18134358723958333 0.026567481402763018 0.07518717447916666 0.03825717321997875
1 0.26170247395833335 0.026567481402763018 0.08136393229166666 0.03825717321997875
0 0.5154378255208333 0.026567481402763018 0.044661458333333334 0.01487778958554729
0 0.58150634765625 0.026567481402763018 0.0624755859375 0.01487778958554729
0 0.65472412109375 0.026567481402763018 0.0589599609375 0.01487778958554729
0 0.729296875 0.026567481402763018 0.065185546875 0.01487778958554729
0 0.7916097005208333 0.026567481402763018 0.034440104166666666 0.01487778958554729
0 0.83983154296875 0.026567481402763018 0.037003580729166666 0.01487778958554729
0 0.15833333333333333 0.09564293304994687 0.025 0.05100956429330499
0 0.21177571614583332 0.09564293304994687 0.06521809895833333 0.04675876726886291
0 0.27069498697916666 0.09564293304994687 0.044287109375 0.04675876726886291
0 0.33852945963541664 0.09564293304994687 0.08304850260416667 0.04675876726886291
0 0.42930908203125 0.09564293304994687 0.09017740885416667 0.04675876726886291
2 0.6098551432291667 0.09564293304994687 0.24591471354166666 0.04675876726886291
1 0.7182291666666667 0.09564293304994687 0.014583333333333334 0.03400637619553666
1 0.7354166666666667 0.09776833156216791 0.019791666666666666 0.05100956429330499
0 0.7903645833333334 0.09564293304994687 0.06510416666666667 0.04675876726886291
0 0.8427083333333333 0.09564293304994687 0.022916666666666665 0.04675876726886291
0 0.5 0.27523910733262485 0.625 0.27417640807651433
0 0.302783203125 0.6606751461211477 0.197216796875 0.4626892933049947
0 0.5 0.6606751461211477 0.197216796875 0.4626892933049947
0 0.697216796875 0.6589565621679064 0.197216796875 0.45925212539851223
0 0.3411458333333333 0.9545114904357067 0.3072916666666667 0.0909770191285866
0 0.6588541666666666 0.9545114904357067 0.3072916666666667 0.0909770191285866
