1 0.9901041666666667 0.8352816153028693 0.0125 0.025504782146652496
0 0.3173136393229167 0.9160467587672688 0.051863606770833334 0.021253985122210415
1 0.9065958658854166 0.9075451647183846 0.16180826822916666 0.1339001062699256
1 0.9065958658854166 0.8629117959617428 0.15347493489583333 0.036131774707757705
1 0.9065958658854166 0.9075451647183846 0.15347493489583333 0.036131774707757705
1 0.9065958658854166 0.9521785334750266 0.15347493489583333 0.036131774707757705
0 0.03697916666666667 0.04333820403825717 0.053125 0.05479543039319872
0 0.110888671875 0.04333820403825717 0.08427734375 0.048884165781083955
2 0.3114827473958333 0.04333820403825717 0.3023274739583333 0.044633368756641874
0 0.50931396484375 0.04333820403825717 0.053995768229166664 0.021253985122210415
0 0.5694620768229167 0.04333820403825717 0.06109212239583333 0.021253985122210415
0 0.62529296875 0.04333820403825717 0.045361328125 0.021253985122210415
0 0.6671956380208334 0.04333820403825717 0.03323567708333333 0.021253985122210415
0 0.65885009765625 0.0805326780021254 0.0499267578125 0.021253985122210415
1 0.7030843098958334 0.04333820403825717 0.03333333333333333 0.044633368756641874
1 0.7030843098958334 0.04333820403825717 0.03333333333333333 0.044633368756641874
0 0.7655843098958334 0.04333820403825717 0.016666666666666666 0.03400637619553666
5 0.6054158528645833 0.21974628055260362 0.13174641927083333 0.01700318809776833
1 0.5822794596354167 0.26969314558979807 0.0854736328125 0.031880977683315624
1 0.6795857747395834 0.26969314558979807 0.0883056640625 0.031880977683315624
1 0.5956583658854167 0.35470908607863977 0.1122314453125 0.031880977683315624
5 0.7989176432291667 0.04333820403825717 0.029166666666666667 0.03400637619553666
6 0.7898030598958333 0.03643065887353879 0.0067708333333333336 0.01381509032943677
0 0.8647989908854167 0.04333820403825717 0.09217936197916667 0.04675876726886291
0 0.9364339192708333 0.04333820403825717 0.04796549479166667 0.04675876726886291
0 0.97578125 0.04333820403825717 0.027604166666666666 0.04675876726886291
0 0.09442545572916666 0.09517800212539851 0.04718424479166667 0.01700318809776833
0 0.15866292317708333 0.09517800212539851 0.06045735677083333 0.01700318809776833
0 0.215380859375 0.09517800212539851 0.032145182291666664 0.01700318809776833
0 0.2573649088541667 0.09517800212539851 0.030989583333333334 0.01700318809776833
0 0.31027425130208336 0.09517800212539851 0.053995768229166664 0.01700318809776833
0 0.3656534830729167 0.09517800212539851 0.035929361979166664 0.01700318809776833
0 0.41400553385416666 0.09517800212539851 0.03994140625 0.01700318809776833
0 0.47139892578125 0.09517800212539851 0.05401204427083333 0.01700318809776833
0 0.5322550455729167 0.09517800212539851 0.04686686197916667 0.01700318809776833
0 0.583154296875 0.09517800212539851 0.034098307291666664 0.01700318809776833
0 0.6470784505208333 0.09517800212539851 0.07291666666666667 0.01700318809776833
0 0.7126790364583333 0.09624070138150903 0.037451171875 0.019128586609989374
0 0.8296956380208333 0.09624070138150903 0.05743815104166667 0.01700318809776833
1 0.8951578776041667 0.09624070138150903 0.051611328125 0.025504782146652496
1 0.9607421875 0.09624070138150903 0.05768229166666667 0.025504782146652496
0 0.15625 0.20191285866099895 0.21875 0.04250797024442083
0 0.15625 0.24442082890541977 0.21875 0.04250797024442083
0 0.15625 0.2869287991498406 0.21875 0.04250797024442083
0 0.15625 0.3294367693942614 0.21875 0.04250797024442083
0 0.15625 0.37194473963868224 0.21875 0.04250797024442083
0 0.15625 0.41445270988310307 0.21875 0.04250797024442083
0 0.15625 0.4569606801275239 0.21875 0.04250797024442083
0 0.15625 0.49946865037194477 0.21875 0.04250797024442083
0 0.15625 0.5419766206163655 0.21875 0.04250797024442083
0 0.15625 0.5844845908607864 0.21875 0.04250797024442083
0 0.15625 0.6269925611052072 0.21875 0.04250797024442083
0 0.15625 0.6695005313496281 0.21875 0.04250797024442083
0 0.15625 0.7120085015940489 0.21875 0.04250797024442083
0 0.15625 0.7545164718384697 0.21875 0.04250797024442083
0 0.15625 0.7970244420828906 0.21875 0.04250797024442083
0 0.5 0.3336875664187035 0.4479166666666667 0.3379383634431456
5 0.8488484700520833 0.1891604675876727 0.0213134765625 0.019128586609989374
1 0.937158203125 0.1891604675876727 0.011100260416666667 0.022316684378320937
0 0.84375 0.30393198724760895 0.10416666666666667 0.1594048884165781
0 0.84375 0.3995749202975558 0.19791666666666666 0.021253985122210415
0 0.4582275390625 0.5557917109458024 0.052294921875 0.021253985122210415
0 0.34661458333333334 0.6424017003188098 0.03125 0.04782146652497343
0 0.30625 0.706163655685441 0.03125 0.04782146652497343
0 0.40520833333333334 0.706163655685441 0.03125 0.04782146652497343
1 0.2890625 0.6653493623804463 0.015625 0.06376195536663125
1 0.4817708333333333 0.6653493623804463 0.015625 0.06376195536663125
0 0.6873942057291667 0.5557917109458024 0.052294921875 0.021253985122210415
0 0.57578125 0.6380844845908608 0.03125 0.04782146652497343
0 0.5354166666666667 0.7018464399574921 0.03125 0.04782146652497343
0 0.634375 0.7018464399574921 0.03125 0.04782146652497343
1 0.5182291666666666 0.6653493623804463 0.015625 0.06376195536663125
1 0.7109375 0.6653493623804463 0.015625 0.06376195536663125
0 0.8489583333333334 0.59192348565356 0.20833333333333334 0.021253985122210415
0 0.022916666666666665 0.922422954303932 0.04583333333333333 0.155154091392136
0 0.2708333333333333 0.922422954303932 0.4479166666666667 0.155154091392136
0 0.7197916666666667 0.922422954303932 0.4479166666666667 0.155154091392136
0 0.9723958333333333 0.922422954303932 0.05520833333333333 0.155154091392136
1 0.07291666666666667 0.9649309245483528 0.041666666666666664 0.07013815090329437
1 0.46875 0.9649309245483528 0.041666666666666664 0.07013815090329437
0 0.7291666666666666 0.922422954303932 0.4479166666666667 0.155154091392136
1 0.9921875 0.7247608926673751 0.010416666666666666 0.025504782146652496
