0 0.04136962890625 0.02975557917109458 0.07544759114583334 0.03825717321997875
0 0.037760416666666664 0.031880977683315624 0.058854166666666666 0.053134962805526036
1 0.0969970703125 0.031880977683315624 0.05441080729166667 0.053134962805526036
8 0.186962890625 0.02922422954303932 0.10052083333333334 0.03719447396386823
2 0.45794270833333334 0.031880977683315624 0.58935546875 0.040382571732199786
2 0.7643391927083333 0.031880977683315624 0.0234375 0.04250797024442083
0 0.8074259440104167 0.031880977683315624 0.038777669270833336 0.053134962805526036
0 0.8657674153645833 0.031880977683315624 0.0716552734375 0.053134962805526036
0 0.92501220703125 0.031880977683315624 0.04058430989583333 0.053134962805526036
0 0.9703084309895833 0.031880977683315624 0.04375813802083333 0.053134962805526036
1 0.8658365885416667 0.09192348565356004 0.06971028645833334 0.03506907545164718
0 0.88653564453125 0.12646121147715197 0.028312174479166667 0.012752391073326248
1 0.02288818359375 0.0844845908607864 0.0301513671875 0.04144527098831031
1 0.20208333333333334 0.15249734325185973 0.03567708333333333 0.03294367693942614
1 0.20208333333333334 0.15249734325185973 0.03463541666666667 0.030818278427205102
1 0.20208333333333334 0.15249734325185973 0.03463541666666667 0.030818278427205102
1 0.20208333333333334 0.15249734325185973 0.03463541666666667 0.030818278427205102
1 0.25804036458333335 0.15249734325185973 0.06204427083333333 0.03294367693942614
1 0.25804036458333335 0.15249734325185973 0.06100260416666667 0.030818278427205102
1 0.25804036458333335 0.15249734325185973 0.06100260416666667 0.030818278427205102
1 0.25804036458333335 0.15249734325185973 0.06100260416666667 0.030818278427205102
0 0.068359375 0.08395324123273114 0.057666015625 0.02975557917109458
0 0.13241780598958333 0.08395324123273114 0.07045084635416667 0.02975557917109458
0 0.18726806640625 0.08395324123273114 0.03924967447916667 0.02975557917109458
0 0.22955322265625 0.08395324123273114 0.04532063802083333 0.02975557917109458
0 0.2645467122395833 0.08395324123273114 0.024666341145833333 0.02975557917109458
1 0.5 0.22741764080765142 0.78125 0.24442082890541977
0 0.13125 0.23804463336875664 0.04375 0.26567481402763016
0 0.0546875 0.42401700318809776 0.109375 0.6376195536663124
0 0.5 0.42401700318809776 0.78125 0.6376195536663124
0 0.9453125 0.42401700318809776 0.109375 0.6376195536663124
0 0.86875 0.23804463336875664 0.04375 0.26567481402763016
0 0.1685546875 0.4933249202975558 0.07669270833333333 0.12310706695005313
0 0.2533203125 0.4933249202975558 0.07669270833333333 0.12310706695005313
0 0.1685546875 0.6631907545164718 0.07669270833333333 0.12310706695005313
0 0.2533203125 0.6631907545164718 0.07669270833333333 0.12310706695005313
0 0.2109375 0.7869869155154091 0.16145833333333334 0.017949654622741763
0 0.36126302083333334 0.4933249202975558 0.07669270833333333 0.12310706695005313
0 0.44602864583333335 0.4933249202975558 0.07669270833333333 0.12310706695005313
0 0.36126302083333334 0.6631907545164718 0.07669270833333333 0.12310706695005313
0 0.44602864583333335 0.6631907545164718 0.07669270833333333 0.12310706695005313
0 0.4036458333333333 0.7869869155154091 0.16145833333333334 0.017949654622741763
0 0.5539713541666667 0.4933249202975558 0.07669270833333333 0.12310706695005313
0 0.6387369791666667 0.4933249202975558 0.07669270833333333 0.12310706695005313
0 0.5539713541666667 0.6631907545164718 0.07669270833333333 0.12310706695005313
0 0.6387369791666667 0.6631907545164718 0.07669270833333333 0.12310706695005313
0 0.5963541666666666 0.7869869155154091 0.16145833333333334 0.017949654622741763
0 0.7466796875 0.4933249202975558 0.07669270833333333 0.12310706695005313
0 0.8314453125 0.4933249202975558 0.07669270833333333 0.12310706695005313
0 0.7466796875 0.6631907545164718 0.07669270833333333 0.12310706695005313
0 0.8314453125 0.6631907545164718 0.07669270833333333 0.12310706695005313
0 0.7890625 0.7869869155154091 0.16145833333333334 0.017949654622741763
0 0.2109375 0.9641837141339001 0.16145833333333334 0.07163257173219979
0 0.36126302083333334 0.9496795297555791 0.07669270833333333 0.10064094048884166
0 0.44602864583333335 0.9496795297555791 0.07669270833333333 0.10064094048884166
0 0.5963541666666666 0.9496795297555791 0.18229166666666666 0.10064094048884166
0 0.7890625 0.9496795297555791 0.18229166666666666 0.10064094048884166
