0 0.028125 0.04303931987247609 0.03125 0.04782146652497343
1 0.08180338541666667 0.040382571732199786 0.056315104166666664 0.04250797024442083
1 0.09772135416666666 0.040382571732199786 0.0125 0.025504782146652496
2 0.16725260416666668 0.039851222104144525 0.10416666666666667 0.04675876726886291
1 0.23444010416666666 0.039851222104144525 0.030208333333333334 0.04675876726886291
1 0.824853515625 0.040382571732199786 0.06936848958333333 0.041079968119022314
1 0.88123779296875 0.040382571732199786 0.03506673177083333 0.04250797024442083
1 0.94573974609375 0.040382571732199786 0.08143717447916667 0.04250797024442083
0 0.7012410481770833 0.10042507970244421 0.03939615885416667 0.018065887353878853
1 0.9854166666666667 0.10201912858660998 0.020833333333333332 0.04250797024442083
2 0.25234375 0.742826780021254 0.12760416666666666 0.044633368756641874
1 0.33125 0.742826780021254 0.030208333333333334 0.04675876726886291
1 0.3791585286458333 0.742826780021254 0.056233723958333336 0.048884165781083955
1 0.19635416666666666 0.9824654622741764 0.022916666666666665 0.03506907545164718
9 0.5 0.9888416578108395 0.60625 0.022316684378320937
0 0.24739583333333334 0.9888416578108395 0.10104166666666667 0.022316684378320937
0 0.3484375 0.9888416578108395 0.10104166666666667 0.022316684378320937
0 0.44947916666666665 0.9888416578108395 0.10104166666666667 0.022316684378320937
0 0.5505208333333333 0.9888416578108395 0.10104166666666667 0.022316684378320937
0 0.6515625 0.9888416578108395 0.10104166666666667 0.022316684378320937
0 0.7526041666666666 0.9888416578108395 0.10104166666666667 0.022316684378320937
0 0.8536458333333333 0.9888416578108395 0.10104166666666667 0.022316684378320937
0 0.9520833333333333 0.9888416578108395 0.09583333333333334 0.022316684378320937
1 0.8036458333333333 0.9824654622741764 0.022916666666666665 0.03506907545164718
1 0.9510416666666667 0.9382804197662061 0.06770833333333333 0.05755180658873539
1 0.9510416666666667 0.9383053267800212 0.041666666666666664 0.025621014877789585
0 0.22262369791666667 0.9765209883103082 0.04480794270833333 0.01700318809776833
1 0.7699991861979166 0.9624817348565357 0.43999837239583334 0.0750365302869288
1 0.6719319661458333 0.9608876859723698 0.06510416666666667 0.04209285334750266
1 0.7615804036458333 0.9608876859723698 0.09596354166666667 0.044218251859723695
1 0.85626220703125 0.9608876859723698 0.0751708984375 0.044218251859723695
1 0.9833333333333333 0.9603480340063762 0.022916666666666665 0.04675876726886291
