0 0.18472086588541667 0.021253985122210415 0.0611083984375 0.04250797024442083
0 0.25345458984375 0.021253985122210415 0.0596923828125 0.04250797024442083
0 0.3227742513020833 0.021253985122210415 0.0622802734375 0.04250797024442083
0 0.39639892578125 0.021253985122210415 0.06830240885416666 0.04250797024442083
0 0.18307291666666667 0.07704569606801276 0.06614583333333333 0.03400637619553666
1 0.25231526692708334 0.07704569606801276 0.05567220052083333 0.040382571732199786
2 0.41064860026041666 0.07704569606801276 0.2526611328125 0.04675876726886291
1 0.7024739583333334 0.07704569606801276 0.056412760416666666 0.025504782146652496
0 0.7024739583333334 0.07704569606801276 0.056412760416666666 0.025504782146652496
1 0.7474324544270833 0.07704569606801276 0.03350423177083333 0.025504782146652496
0 0.7474324544270833 0.07704569606801276 0.03350423177083333 0.025504782146652496
1 0.7786173502604167 0.07704569606801276 0.028865559895833334 0.025504782146652496
0 0.7786173502604167 0.07704569606801276 0.028865559895833334 0.025504782146652496
1 0.8215250651041667 0.07704569606801276 0.05694986979166667 0.040382571732199786
1 0.8194417317708333 0.07704569606801276 0.052783203125 0.040382571732199786
1 0.2669270833333333 0.5696068012752391 0.12395833333333334 0.0765143464399575
1 0.2669270833333333 0.5696068012752391 0.08854166666666667 0.02975557917109458
1 0.41744791666666664 0.5696068012752391 0.16666666666666666 0.0765143464399575
1 0.41744791666666664 0.5696068012752391 0.13125 0.025504782146652496
0 0.5 0.7927736450584485 0.37493489583333334 0.031880977683315624
0 0.2565104166666667 0.8889479277364506 0.08177083333333333 0.03400637619553666
0 0.3377604166666667 0.8889479277364506 0.0484375 0.03400637619553666
0 0.40625 0.8889479277364506 0.05625 0.039319872476089264
0 0.4640625 0.8889479277364506 0.027083333333333334 0.05844845908607864
0 0.51796875 0.8889479277364506 0.0484375 0.039319872476089264
0 0.5932291666666667 0.8889479277364506 0.06979166666666667 0.03719447396386823
0 0.6770833333333334 0.8889479277364506 0.065625 0.028925345377258237
0 0.7552083333333334 0.8889479277364506 0.058333333333333334 0.039319872476089264
