0 0.03619791666666667 0.06323060573857599 0.0109375 0.0010626992561105207
0 0.9405029296875 0.037825451647183844 0.035660807291666666 0.020822263549415517
1 0.9770833333333333 0.037825451647183844 0.020833333333333332 0.04250797024442083
1 0.21773274739583334 0.10902630180658873 0.039632161458333336 0.06376195536663125
1 0.32296549479166664 0.10902630180658873 0.10416666666666667 0.04250797024442083
0 0.5 0.10902630180658873 0.09114583333333333 0.06376195536663125
0 0.6837727864583333 0.10902630180658873 0.037939453125 0.06376195536663125
0 0.7304646809895833 0.10902630180658873 0.022111002604166666 0.06376195536663125
1 0.7801350911458333 0.10902630180658873 0.043896484375 0.04250797024442083
1 0.5144612630208333 0.5033043304994687 0.10704752604166666 0.04250797024442083
1 0.62711181640625 0.5033043304994687 0.1078369140625 0.04250797024442083
1 0.7379109700520833 0.5033043304994687 0.1033447265625 0.04250797024442083
1 0.35572916666666665 0.7100159404888416 0.23645833333333333 0.0818278427205101
0 0.31145833333333334 0.7753719447396387 0.08854166666666667 0.05951115834218916
0 0.31145833333333334 0.8242561105207227 0.08854166666666667 0.03825717321997875
0 0.31145833333333334 0.8625132837407014 0.08854166666666667 0.03825717321997875
0 0.31145833333333334 0.9007704569606801 0.08854166666666667 0.03825717321997875
0 0.31145833333333334 0.9390276301806588 0.08854166666666667 0.03825717321997875
0 0.42109375 0.7647449521785334 0.10572916666666667 0.03825717321997875
0 0.42109375 0.8030021253985122 0.10572916666666667 0.03825717321997875
0 0.42109375 0.8412592986184909 0.10572916666666667 0.03825717321997875
0 0.42109375 0.8795164718384697 0.10572916666666667 0.03825717321997875
0 0.42109375 0.9177736450584485 0.10572916666666667 0.03825717321997875
1 0.35572916666666665 0.9859856535600425 0.23645833333333333 0.028028692879914986
1 0.6442708333333333 0.7100159404888416 0.23645833333333333 0.0818278427205101
0 0.6 0.7647449521785334 0.08854166666666667 0.03825717321997875
0 0.6 0.8030021253985122 0.08854166666666667 0.03825717321997875
0 0.7096354166666666 0.7647449521785334 0.10572916666666667 0.03825717321997875
1 0.6442708333333333 0.8768597236981934 0.23645833333333333 0.0818278427205101
0 0.6 0.9315887353878852 0.08854166666666667 0.03825717321997875
0 0.6 0.969845908607864 0.08854166666666667 0.03825717321997875
0 0.6 0.9944872476089267 0.08854166666666667 0.011025504782146653
0 0.7096354166666666 0.9315887353878852 0.10572916666666667 0.03825717321997875
0 0.7096354166666666 0.969845908607864 0.10572916666666667 0.03825717321997875
1 0.10598958333333333 0.7601454569606801 0.1953125 0.44570270988310307
0 0.07711995442708333 0.7570735919234857 0.039168294270833334 0.01700318809776833
1 0.10598958333333333 0.8810274973432518 0.1953125 0.20393862911795962
1 0.10598958333333333 0.8026368225292242 0.16927083333333334 0.047157279489904357
1 0.10598958333333333 0.8599893730074389 0.16927083333333334 0.047157279489904357
1 0.10598958333333333 0.9173419234856536 0.16927083333333334 0.047157279489904357
