0 0.5 0.3369337805526036 0.2625 0.057501992561105206
0 0.2025634765625 0.4454868490967056 0.022330729166666667 0.019327842720510097
0 0.23523356119791666 0.4454868490967056 0.030509440104166667 0.019327842720510097
0 0.27044677734375 0.4454868490967056 0.0274169921875 0.019327842720510097
0 0.30050455729166664 0.4454868490967056 0.020198567708333334 0.019327842720510097
0 0.33155924479166665 0.4454868490967056 0.029410807291666667 0.019327842720510097
0 0.35604654947916664 0.4454868490967056 0.007063802083333333 0.019327842720510097
0 0.37471110026041665 0.4454868490967056 0.017765299479166666 0.019327842720510097
0 0.40430094401041666 0.4454868490967056 0.0237060546875 0.019327842720510097
0 0.43857014973958336 0.4454868490967056 0.032332356770833334 0.019327842720510097
0 0.48228759765625 0.4454868490967056 0.0426025390625 0.019327842720510097
1 0.73206787109375 0.4454868490967056 0.0489013671875 0.04695802337938364
1 0.7716227213541667 0.4454868490967056 0.021875 0.044633368756641874
1 0.7976643880208333 0.44432452178533477 0.021875 0.044633368756641874
0 0.19178873697916668 0.5879466657810839 0.023697916666666666 0.023794500531349627
0 0.18352864583333334 0.6372459484590861 0.007177734375 0.023794500531349627
0 0.19529622395833332 0.6865452311370882 0.030712890625 0.023794500531349627
0 0.18961995442708332 0.7358445138150903 0.0193603515625 0.023794500531349627
0 0.21119791666666668 0.7851437964930924 0.06251627604166667 0.023794500531349627
0 0.19442138671875 0.8344430791710946 0.028963216145833335 0.023794500531349627
0 0.21304524739583333 0.8837423618490967 0.0662109375 0.023794500531349627
0 0.20080973307291666 0.9330416445270988 0.04173990885416667 0.023794500531349627
0 0.19252115885416668 0.9823409272051009 0.025162760416666666 0.023794500531349627
0 0.45176595052083335 0.5879466657810839 0.03642578125 0.023794500531349627
0 0.45281575520833334 0.6372459484590861 0.038525390625 0.023794500531349627
0 0.44729410807291664 0.6865452311370882 0.027482096354166666 0.023794500531349627
0 0.47701822916666664 0.7358445138150903 0.08693033854166667 0.023794500531349627
0 0.4432373046875 0.7851437964930924 0.019368489583333332 0.023794500531349627
0 0.4516398111979167 0.8344430791710946 0.036173502604166664 0.023794500531349627
0 0.4470621744791667 0.8837423618490967 0.027018229166666668 0.023794500531349627
0 0.4501749674479167 0.9330416445270988 0.033243815104166664 0.023794500531349627
0 0.449072265625 0.9823409272051009 0.031038411458333335 0.023794500531349627
0 0.7123697916666667 0.5879466657810839 0.025472005208333332 0.023794500531349627
0 0.73406982421875 0.6372459484590861 0.0688720703125 0.023794500531349627
0 0.7180989583333334 0.6865452311370882 0.03693033854166667 0.023794500531349627
0 0.7221761067708333 0.7358445138150903 0.045084635416666664 0.023794500531349627
0 0.7172078450520833 0.7851437964930924 0.03514811197916667 0.023794500531349627
0 0.712548828125 0.8344430791710946 0.025830078125 0.023794500531349627
0 0.72974853515625 0.8837423618490967 0.0602294921875 0.023794500531349627
0 0.74788818359375 0.9330416445270988 0.0965087890625 0.023794500531349627
0 0.72479248046875 0.9823409272051009 0.0503173828125 0.023794500531349627
0 0.16151123046875 0.9457193145589798 0.006355794270833334 0.021253985122210415
0 0.31666666666666665 0.9875215860786397 0.31666666666666665 0.02495682784272051
0 0.524755859375 0.7006509032943677 0.02451171875 0.021253985122210415
0 0.5854166666666667 0.7739605472901169 0.14583333333333334 0.08797157279489905
0 0.53497314453125 0.8423884165781084 0.0449462890625 0.01700318809776833
0 0.775 0.6119653294367694 0.15833333333333333 0.04078108395324123
0 0.775 0.6882638150903294 0.15833333333333333 0.04078108395324123
0 0.7480672200520834 0.7543670297555791 0.1044677734375 0.020390541976620616
0 0.775 0.8306655154091392 0.15833333333333333 0.06117162592986185
0 0.775 0.9171592720510096 0.15833333333333333 0.04078108395324123
1 0.9122395833333333 0.9404888416578109 0.059895833333333336 0.04695802337938364
1 0.9604166666666667 0.9404888416578109 0.011458333333333333 0.0303865568544102
