0 0.19166666666666668 0.038240568544102016 0.06666666666666667 0.036131774707757705
1 0.5373087565104167 0.03824887088204038 0.04769694010416667 0.04136224760892667
1 0.5892252604166667 0.03824887088204038 0.054052734375 0.04136224760892667
1 0.65050048828125 0.03824887088204038 0.06641438802083334 0.04136224760892667
1 0.6884684244791667 0.08811271253985123 0.13610026041666667 0.04561304463336876
8 0.657177734375 0.08811271253985123 0.061018880208333334 0.026484458023379384
1 0.6884684244791667 0.13797655419766205 0.13610026041666667 0.04561304463336876
8 0.6539143880208333 0.13797655419766205 0.0544921875 0.026484458023379384
1 0.6884684244791667 0.1878403958554729 0.13610026041666667 0.04561304463336876
8 0.6635701497395833 0.1878403958554729 0.0738037109375 0.026484458023379384
1 0.6884684244791667 0.23770423751328373 0.13610026041666667 0.04561304463336876
8 0.6571329752604167 0.23770423751328373 0.060929361979166666 0.026484458023379384
1 0.6884684244791667 0.28756807917109456 0.13610026041666667 0.04561304463336876
8 0.6884684244791667 0.28756807917109456 0.12360026041666666 0.026484458023379384
1 0.6884684244791667 0.33743192082890544 0.13610026041666667 0.04561304463336876
8 0.66357421875 0.33743192082890544 0.07381184895833333 0.026484458023379384
1 0.6884684244791667 0.38729576248671627 0.13610026041666667 0.04561304463336876
8 0.6557820638020834 0.38729576248671627 0.0582275390625 0.026484458023379384
1 0.7053385416666667 0.03824887088204038 0.041178385416666664 0.04136224760892667
1 0.7538330078125 0.03824887088204038 0.038102213541666666 0.04136224760892667
1 0.8093587239583333 0.03824887088204038 0.06461588541666667 0.04136224760892667
1 0.23090006510416666 0.6113343517534537 0.07638346354166667 0.07438894792773645
1 0.23090006510416666 0.6081462539851222 0.07638346354166667 0.06801275239107332
1 0.17083333333333334 0.5948625132837407 0.08645833333333333 0.06907545164718384
1 0.2591959635416667 0.607614904357067 0.08645833333333333 0.06907545164718384
1 0.1359375 0.6081462539851222 0.11354166666666667 0.08926673751328375
1 0.23090006510416666 0.6299315887353879 0.07638346354166667 0.03719447396386823
