0 0.6779581705729166 0.025504782146652496 0.0551025390625 0.025504782146652496
1 0.8328125 0.03400637619553666 0.016666666666666666 0.03400637619553666
0 0.15625 0.08076514346439957 0.058333333333333334 0.05951115834218916
13 0.13324106534322103 0.08072369663672291 0.01239026387532552 0.023296489979078107
1 0.22632242838541666 0.08076514346439957 0.048478190104166666 0.05951115834218916
1 0.2758260091145833 0.08076514346439957 0.05052897135416667 0.05951115834218916
1 0.32847900390625 0.08076514346439957 0.05477701822916667 0.05951115834218916
0 0.379150390625 0.08076514346439957 0.04656575520833333 0.05951115834218916
0 0.42035319010416666 0.08076514346439957 0.03583984375 0.05951115834218916
5 0.6912109375 0.0765143464399575 0.010416666666666666 0.02975557917109458
8 0.6990234375 0.0765143464399575 0.026041666666666668 0.02975557917109458
0 0.7428670247395833 0.08076514346439957 0.0585205078125 0.022316684378320937
0 0.7886515299479167 0.08076514346439957 0.03304850260416667 0.022316684378320937
1 0.8442545572916667 0.08076514346439957 0.05732421875 0.03825717321997875
8 0.5 0.02709883103081828 1.0 0.04782146652497343
1 0.5 0.02709883103081828 0.7458333333333333 0.026567481402763018
1 0.14680582682291668 0.02709883103081828 0.039444986979166666 0.019128586609989374
8 0.18241373697916666 0.02709883103081828 0.0005208333333333333 0.022316684378320937
1 0.21429036458333334 0.02709883103081828 0.031982421875 0.019128586609989374
8 0.2461669921875 0.02709883103081828 0.0005208333333333333 0.022316684378320937
1 0.2833333333333333 0.02709883103081828 0.042561848958333336 0.019128586609989374
0 0.4544596354166667 0.3889479277364506 0.08636067708333334 0.06588735387885228
0 0.545263671875 0.3889479277364506 0.0869140625 0.06801275239107332
