0 0.26510416666666664 0.036131774707757705 0.051041666666666666 0.021253985122210415
0 0.26510416666666664 0.09404888416578108 0.12447916666666667 0.04357066950053135
1 0.26510416666666664 0.13761955366631243 0.12447916666666667 0.04357066950053135
1 0.4197998046875 0.9628138283740701 0.152099609375 0.04036596705632306
1 0.5802164713541667 0.9628138283740701 0.15206705729166667 0.04036596705632306
1 0.3419270833333333 0.02709883103081828 0.029166666666666667 0.05419766206163656
1 0.5716145833333334 0.02709883103081828 0.029166666666666667 0.05419766206163656
0 0.3554484049479167 0.027621878320935177 0.05516764322916667 0.055243756641870354
0 0.41475830078125 0.027621878320935177 0.0634521484375 0.055243756641870354
0 0.4831461588541667 0.027621878320935177 0.07332356770833333 0.055243756641870354
1 0.5457275390625 0.027621878320935177 0.051839192708333336 0.055243756641870354
1 0.59765625 0.02763018065887354 0.0125 0.028692879914984058
1 0.615625 0.02763018065887354 0.011979166666666667 0.02763018065887354
0 0.41640625 0.12008501594048884 0.15625 0.09351753453772582
0 0.41640625 0.23485653560042508 0.15625 0.09351753453772582
0 0.5830729166666667 0.12008501594048884 0.15625 0.09351753453772582
0 0.5830729166666667 0.23485653560042508 0.15625 0.09351753453772582
0 0.7497395833333333 0.12008501594048884 0.15625 0.09351753453772582
0 0.7497395833333333 0.23485653560042508 0.15625 0.09351753453772582
0 0.91640625 0.12008501594048884 0.15625 0.09351753453772582
0 0.91640625 0.23485653560042508 0.15625 0.09351753453772582
0 0.47890625 0.36238044633368754 0.28125 0.06801275239107332
0 0.35494791666666664 0.36238044633368754 0.016666666666666666 0.03400637619553666
0 0.39521484375 0.3645058448459086 0.053450520833333334 0.01700318809776833
1 0.4351318359375 0.3645058448459086 0.022216796875 0.01700318809776833
1 0.6028645833333334 0.36238044633368754 0.016666666666666666 0.03400637619553666
1 0.47890625 0.6782678002125399 0.28125 0.5637619553666312
0 0.3589599609375 0.9864505844845909 0.030940755208333334 0.02709883103081828
0 0.39129231770833334 0.9864505844845909 0.03372395833333333 0.02709883103081828
0 0.4281087239583333 0.9864505844845909 0.03990885416666667 0.02709883103081828
0 0.4778076171875 0.9864505844845909 0.059488932291666664 0.02709883103081828
2 0.7236979166666667 0.03294367693942614 0.13854166666666667 0.036131774707757705
0 0.6888020833333334 0.17160932518597238 0.103125 0.06269925611052073
1 0.7572916666666667 0.171601022848034 0.033854166666666664 0.02123738044633369
1 0.778125 0.17160932518597238 0.0078125 0.01700318809776833
0 0.6888020833333334 0.2343085812964931 0.103125 0.06269925611052073
1 0.7572916666666667 0.23430027895855474 0.033854166666666664 0.02123738044633369
1 0.778125 0.2343085812964931 0.0078125 0.01700318809776833
0 0.6888020833333334 0.2970078374070138 0.103125 0.06269925611052073
1 0.7572916666666667 0.29699953506907545 0.033854166666666664 0.02123738044633369
1 0.778125 0.2970078374070138 0.0078125 0.01700318809776833
0 0.6888020833333334 0.35970709351753455 0.103125 0.06269925611052073
1 0.7572916666666667 0.3596987911795962 0.033854166666666664 0.02123738044633369
1 0.778125 0.35970709351753455 0.0078125 0.01700318809776833
1 0.7138020833333333 0.4298452444208289 0.15833333333333333 0.06057385759829968
1 0.7026936848958333 0.49051873007438895 0.01875 0.010626992561105207
0 0.64373779296875 0.8432518597236982 0.018204752604166666 0.020191285866099893
0 0.66678466796875 0.8432518597236982 0.015388997395833333 0.020191285866099893
0 0.6888264973958333 0.8432518597236982 0.016194661458333332 0.020191285866099893
0 0.7139933268229167 0.8432518597236982 0.021638997395833335 0.020191285866099893
0 0.737890625 0.8432518597236982 0.013655598958333333 0.020191285866099893
1 0.9809895833333333 0.9771519659936238 0.0109375 0.024442082890541977
