1 0.05651041666666667 0.048884165781083955 0.08802083333333334 0.04675876726886291
1 0.022916666666666665 0.048884165781083955 0.020833333333333332 0.04250797024442083
1 0.06692708333333333 0.048884165781083955 0.0671875 0.04675876726886291
1 0.12799072265625 0.048884165781083955 0.05493977864583333 0.09776833156216791
1 0.12278238932291667 0.048884165781083955 0.032023111979166664 0.021253985122210415
1 0.1450439453125 0.048884165781083955 0.008333333333333333 0.01700318809776833
8 0.2234375 0.310308182784272 0.25 0.4250797024442083
8 0.1609375 0.310308182784272 0.125 0.40807651434643993
8 0.1609375 0.155154091392136 0.125 0.09776833156216791
0 0.1609375 0.155154091392136 0.125 0.09776833156216791
8 0.11510416666666666 0.14027630180658873 0.016666666666666666 0.03400637619553666
8 0.1609375 0.25292242295430395 0.125 0.09776833156216791
0 0.1609375 0.25292242295430395 0.125 0.09776833156216791
8 0.11510416666666666 0.23804463336875664 0.016666666666666666 0.03400637619553666
8 0.1609375 0.35069075451647186 0.125 0.09776833156216791
0 0.1609375 0.35069075451647186 0.125 0.09776833156216791
8 0.11510416666666666 0.33581296493092455 0.016666666666666666 0.03400637619553666
8 0.1609375 0.44845908607863977 0.125 0.09776833156216791
0 0.1609375 0.44845908607863977 0.125 0.09776833156216791
8 0.11510416666666666 0.43358129649309246 0.016666666666666666 0.03400637619553666
8 0.2859375 0.310308182784272 0.125 0.40807651434643993
8 0.2859375 0.155154091392136 0.125 0.09776833156216791
0 0.2859375 0.155154091392136 0.125 0.09776833156216791
8 0.24010416666666667 0.14027630180658873 0.016666666666666666 0.03400637619553666
8 0.2859375 0.25292242295430395 0.125 0.09776833156216791
0 0.2859375 0.25292242295430395 0.125 0.09776833156216791
8 0.24010416666666667 0.23804463336875664 0.016666666666666666 0.03400637619553666
8 0.2859375 0.35069075451647186 0.125 0.09776833156216791
0 0.2859375 0.35069075451647186 0.125 0.09776833156216791
8 0.24010416666666667 0.33581296493092455 0.016666666666666666 0.03400637619553666
8 0.2859375 0.44845908607863977 0.125 0.09776833156216791
0 0.2859375 0.44845908607863977 0.125 0.09776833156216791
8 0.24010416666666667 0.43358129649309246 0.016666666666666666 0.03400637619553666
1 0.18393147786458333 0.048884165781083955 0.05694173177083333 0.09776833156216791
1 0.17872314453125 0.048884165781083955 0.03402506510416667 0.021253985122210415
1 0.20198567708333334 0.048884165781083955 0.008333333333333333 0.01700318809776833
8 0.34087727864583334 0.27523910733262485 0.375 0.35494155154091395
8 0.21587727864583334 0.27523910733262485 0.125 0.3379383634431456
8 0.21587727864583334 0.12433581296493093 0.125 0.036131774707757705
8 0.21587727864583334 0.12433581296493093 0.125 0.036131774707757705
8 0.21587727864583334 0.17003188097768332 0.125 0.04675876726886291
0 0.21587727864583334 0.17003188097768332 0.125 0.04675876726886291
8 0.21587727864583334 0.21679064824654623 0.125 0.04675876726886291
0 0.21587727864583334 0.21679064824654623 0.125 0.04675876726886291
8 0.21587727864583334 0.2635494155154091 0.125 0.04675876726886291
0 0.21587727864583334 0.2635494155154091 0.125 0.04675876726886291
8 0.21587727864583334 0.310308182784272 0.125 0.04675876726886291
0 0.21587727864583334 0.310308182784272 0.125 0.04675876726886291
8 0.21587727864583334 0.357066950053135 0.125 0.04675876726886291
0 0.21587727864583334 0.357066950053135 0.125 0.04675876726886291
8 0.34087727864583334 0.27523910733262485 0.125 0.3379383634431456
8 0.34087727864583334 0.12433581296493093 0.125 0.036131774707757705
8 0.34087727864583334 0.12433581296493093 0.125 0.036131774707757705
8 0.34087727864583334 0.17003188097768332 0.125 0.04675876726886291
0 0.34087727864583334 0.17003188097768332 0.125 0.04675876726886291
8 0.34087727864583334 0.21679064824654623 0.125 0.04675876726886291
0 0.34087727864583334 0.21679064824654623 0.125 0.04675876726886291
8 0.34087727864583334 0.2635494155154091 0.125 0.04675876726886291
0 0.34087727864583334 0.2635494155154091 0.125 0.04675876726886291
8 0.34087727864583334 0.310308182784272 0.125 0.04675876726886291
0 0.34087727864583334 0.310308182784272 0.125 0.04675876726886291
8 0.46587727864583334 0.27523910733262485 0.125 0.3379383634431456
8 0.46587727864583334 0.12433581296493093 0.125 0.036131774707757705
8 0.46587727864583334 0.12433581296493093 0.125 0.036131774707757705
8 0.46587727864583334 0.17003188097768332 0.125 0.04675876726886291
0 0.46587727864583334 0.17003188097768332 0.125 0.04675876726886291
8 0.46587727864583334 0.21679064824654623 0.125 0.04675876726886291
0 0.46587727864583334 0.21679064824654623 0.125 0.04675876726886291
8 0.46587727864583334 0.2635494155154091 0.125 0.04675876726886291
0 0.46587727864583334 0.2635494155154091 0.125 0.04675876726886291
8 0.46587727864583334 0.310308182784272 0.125 0.04675876726886291
0 0.46587727864583334 0.310308182784272 0.125 0.04675876726886291
8 0.46587727864583334 0.357066950053135 0.125 0.04675876726886291
0 0.46587727864583334 0.357066950053135 0.125 0.04675876726886291
8 0.46587727864583334 0.4038257173219979 0.125 0.04675876726886291
0 0.46587727864583334 0.4038257173219979 0.125 0.04675876726886291
1 0.2372802734375 0.048884165781083955 0.049755859375 0.09776833156216791
1 0.2372802734375 0.048884165781083955 0.037255859375 0.021253985122210415
1 0.28103434244791664 0.048884165781083955 0.03775227864583333 0.09776833156216791
1 0.28103434244791664 0.048884165781083955 0.025252278645833334 0.021253985122210415
1 0.7240152994791667 0.048884165781083955 0.025 0.04675876726886291
1 0.7240152994791667 0.048884165781083955 0.0125 0.025504782146652496
1 0.7663248697916667 0.048884165781083955 0.059619140625 0.09776833156216791
1 0.7663248697916667 0.048884165781083955 0.047119140625 0.021253985122210415
1 0.8214070638020833 0.048884165781083955 0.05054524739583333 0.09776833156216791
1 0.81619873046875 0.048884165781083955 0.027628580729166668 0.021253985122210415
1 0.8362630208333334 0.048884165781083955 0.008333333333333333 0.01700318809776833
8 0.8565511067708333 0.16153028692879914 0.125 0.1275239107332625
8 0.8565511067708333 0.16153028692879914 0.125 0.11052072263549416
8 0.8565511067708333 0.12964930924548354 0.125 0.04675876726886291
0 0.8565511067708333 0.12964930924548354 0.125 0.04675876726886291
8 0.8565511067708333 0.17640807651434645 0.125 0.04675876726886291
0 0.8565511067708333 0.17640807651434645 0.125 0.04675876726886291
1 0.8664265950520833 0.048884165781083955 0.03949381510416667 0.09776833156216791
1 0.8664265950520833 0.048884165781083955 0.026993815104166666 0.021253985122210415
1 0.90321044921875 0.048884165781083955 0.034073893229166666 0.09776833156216791
1 0.90321044921875 0.048884165781083955 0.021573893229166665 0.021253985122210415
1 0.9569986979166667 0.048884165781083955 0.06100260416666667 0.04675876726886291
1 0.9569986979166667 0.04887586344314559 0.04641927083333333 0.020407146652497342
1 0.45120442708333336 0.4342205765143464 0.11507161458333333 0.07566750797024442
1 0.43870442708333335 0.4342205765143464 0.06298828125 0.020407146652497342
1 0.5700358072916667 0.4342205765143464 0.07259114583333333 0.020407146652497342
1 0.562744140625 0.4342205765143464 0.0580078125 0.020407146652497342
